0.078194
0.074696
0.070583
0.069003
0.068485
0.069416
0.070991
0.072085
0.072415
0.072232
0.071933
0.071847
0.072087
0.072554
0.073043
0.073349
0.073344
0.072989
0.072309
0.071359
0.070195
0.068862
0.067397
0.065842
0.064251
0.062693
0.061248
0.059997
0.059012
0.058348
0.058034
0.058072
0.058435
0.059077
0.059928
0.060916
0.061961
0.062988
0.063927
0.064717
0.065311
0.065674
0.065782
0.065621
0.065190
0.064496
0.063553
0.062385
0.061018
0.059485
0.057820
0.056060
0.054241
0.052397
0.050560
0.048760
0.047021
0.045363
0.043802
0.042343
0.040991
0.039747
0.038610
0.037575
0.036638
0.035793
0.035036
0.034363
0.033772
0.033262
0.032828
0.032469
0.032178
0.031948
0.031765
0.031616
0.031483
0.031346
0.031184
0.030975
0.030698
0.030329
0.029859
0.029271
0.028553
0.027698
0.026700
0.025562
0.024287
0.022883
0.021362
0.019734
0.018016
0.016222
0.014369
0.012474
0.010554
0.008624
0.006699
0.004790
0.002908
0.001061
0.000746
0.002510
0.004231
0.005910
0.007555
0.009170
0.010763
0.012343
0.013924
0.015517
0.017138
0.018798
0.020513
0.022296
0.024161
0.026120
0.028187
0.030372
0.032686
0.035137
0.037729
0.040468
0.043352
0.046381
0.049549
0.052848
0.056268
0.059781
0.063397
0.067089
0.070836
0.074612
0.078395
0.082162
0.085891
0.089563
0.093158
0.096657
0.100043
0.103301
0.106422
0.109398
0.112225
0.114905
0.117441
0.119842
0.122121
0.124292
0.126374
0.128391
0.130365
0.132323
0.134315
0.136335
0.138414
0.140588
0.142891
0.145353
0.148000
0.150852
0.153929
0.157247
0.160819
0.164658
0.168770
0.173159
0.177824
0.182760
0.187955
0.193394
0.199059
0.204926
0.210970
0.217158
0.223461
0.229806
0.236215
0.242645
0.249047
0.255376
0.261591
0.267658
0.273549
0.279238
0.284705
0.289929
0.294894
0.299591
0.304013
0.308160
0.312041
0.315666
0.319056
0.322232
0.325222
0.328058
0.330776
0.333413
0.336011
0.338612
0.341308
0.344062
0.346924
0.349949
0.353189
0.356686
0.360470
0.364567
0.368995
0.373768
0.378899
0.384395
0.390260
0.396490
0.403076
0.410002
0.417244
0.424776
0.432565
0.440574
0.448764
0.457090
0.465508
0.473907
0.482342
0.490756
0.499081
0.507259
0.515238
0.522979
0.530453
0.537636
0.544507
0.551048
0.557247
0.563095
0.568592
0.573744
0.578564
0.583074
0.587300
0.591275
0.595035
0.598622
0.602081
0.605459
0.608804
0.612169
0.615681
0.619263
0.622975
0.626887
0.631059
0.635540
0.640364
0.645553
0.651123
0.657084
0.663444
0.670208
0.677375
0.684935
0.692875
0.701171
0.709793
0.718707
0.727872
0.737244
0.746776
0.756418
0.766120
0.775737
0.785365
0.794939
0.804384
0.813630
0.822622
0.831320
0.839697
0.847734
0.855414
0.862726
0.869659
0.876209
0.882379
0.888180
0.893631
0.898757
0.903591
0.908170
0.912537
0.916738
0.920819
0.924833
0.928832
0.932973
0.937138
0.941394
0.945816
0.950477
0.955432
0.960718
0.966359
0.972371
0.978766
0.985551
0.992734
1.000316
1.008291
1.016647
1.025363
1.034411
1.043757
1.053361
1.063181
1.073168
1.083275
1.093450
1.103641
1.113678
1.123699
1.133636
1.143414
1.152958
1.162213
1.171142
1.179723
1.187942
1.195792
1.203266
1.210362
1.217080
1.223427
1.229417
1.235072
1.240421
1.245501
1.250352
1.255017
1.259543
1.263980
1.268377
1.272784
1.277383
1.282015
1.286744
1.291645
1.296790
1.302234
1.308011
1.314141
1.320630
1.327482
1.334696
1.342274
1.350209
1.358494
1.367111
1.376037
1.385241
1.394687
1.404333
1.414134
1.424045
1.434016
1.444000
1.453804
1.463605
1.473340
1.482932
1.492305
1.501403
1.510186
1.518634
1.526736
1.534488
1.541886
1.548929
1.555617
1.561956
1.567957
1.573640
1.579030
1.584161
1.589069
1.593795
1.598384
1.602880
1.607329
1.611776
1.616422
1.621072
1.625783
1.630631
1.635685
1.641001
1.646614
1.652542
1.658788
1.665353
1.672232
1.679423
1.686920
1.694715
1.702793
1.711134
1.719711
1.728490
1.737433
1.746498
1.755644
1.764826
1.774001
1.782961
1.791915
1.800808
1.809568
1.818123
1.826416
1.834409
1.842085
1.849436
1.856463
1.863169
1.869555
1.875625
1.881385
1.886846
1.892024
1.896943
1.901633
1.906126
1.910462
1.914680
1.918820
1.922922
1.927027
1.931348
1.935660
1.940012
1.944470
1.949101
1.953958
1.959075
1.964466
1.970132
1.976066
1.982260
1.988705
1.995393
2.002313
2.009452
2.016793
2.024309
2.031973
2.039748
2.047599
2.055486
2.063372
2.071036
2.078714
2.086359
2.093904
2.101283
2.108439
2.115334
2.121948
2.128275
2.134317
2.140076
2.145558
2.150765
2.155701
2.160373
2.164793
2.168977
2.172949
2.176737
2.180372
2.183888
2.187319
2.190701
2.194067
2.197450
2.201072
2.204684
2.208322
2.212044
2.215909
2.219965
2.224241
2.228749
2.233486
2.238438
2.243591
2.248930
2.254441
2.260112
2.265929
2.271875
2.277929
2.284064
2.290251
2.296459
2.302653
2.308606
2.314572
2.320513
2.326372
2.332089
2.337610
2.342901
2.347942
2.352729
2.357268
2.361564
2.365625
2.369457
2.373064
2.376453
2.379632
2.382614
2.385417
2.388063
2.390579
2.392993
2.395333
2.397628
2.399908
2.402198
2.404724
2.407220
2.409714
2.412252
2.414887
2.417664
2.420611
2.423738
2.427043
2.430510
2.434124
2.437866
2.441722
2.445679
2.449724
2.453845
2.458024
2.462243
2.466479
2.470706
2.474693
2.478706
2.482715
2.486671
2.490519
2.494209
2.497707
2.500996
2.504070
2.506934
2.509597
2.512067
2.514351
2.516452
2.518374
2.520121
2.521702
2.523127
2.524413
2.525579
2.526646
2.527639
2.528580
2.529491
2.530394
2.531283
2.532470
2.533614
2.534725
2.535836
2.536992
2.538237
2.539601
2.541100
2.542731
2.544481
2.546330
2.548256
2.550241
2.552268
2.554325
2.556401
2.558486
2.560567
2.562395
2.564559
2.566396
2.568209
2.569973
2.571654
2.573220
2.574642
2.575901
2.576989
2.577905
2.578653
2.579241
2.579677
2.579967
2.580116
2.580131
2.580017
2.579784
2.579441
2.579001
2.578480
2.577894
2.577260
2.576594
2.575913
2.575212
2.574785
2.574070
2.573640
2.573177
2.572691
2.572205
2.571749
2.571350
2.571025
2.570778
2.570603
2.570483
2.570400
2.570332
2.570263
2.570178
2.569840
2.569818
2.569495
2.569172
2.568833
2.568454
2.568004
2.567458
2.566794
2.566001
2.565075
2.564018
2.562835
2.561532
2.560115
2.558588
2.556953
2.555213
2.553371
2.551430
2.549397
2.547281
2.545092
2.542842
2.540541
2.538203
2.535837
2.533454
2.531063
2.528660
2.526511
2.524079
2.521900
2.519453
2.517279
2.514858
2.512726
2.510572
2.508169
2.506050
2.503908
2.501511
2.499385
2.497001
2.494880
2.492446
2.489989
2.487510
2.485001
2.482450
2.479840
2.477156
2.474387
2.471523
2.468563
2.465507
2.462358
2.459119
2.455793
2.452385
2.448896
2.445329
2.441686
2.437969
2.434184
2.430334
2.426426
2.422467
2.418463
2.414421
2.410349
2.406252
2.402137
2.398007
2.393862
2.389735
2.385831
2.381646
2.377463
2.373294
2.369346
2.365118
2.360891
2.356675
2.352671
2.348357
2.344005
2.339629
2.335238
2.330832
2.326407
2.321953
2.317459
2.312913
2.308306
2.303633
2.298891
2.294081
2.289203
2.284261
2.279256
2.274189
2.269062
2.263875
2.258627
2.253319
2.247953
2.242530
2.237053
2.231526
2.225953
2.220338
2.214686
2.208999
2.203282
2.197538
2.191770
2.185979
2.180168
2.174338
2.168492
2.162629
2.156751
2.150857
2.144948
2.139023
2.133080
2.127117
2.121134
2.115126
2.109093
2.103031
2.096937
2.090810
2.084644
2.078439
2.072192
2.065900
2.059561
2.053174
2.046737
2.040248
2.033707
2.027114
2.020469
2.013772
2.007024
2.000226
1.993381
1.986488
1.979552
1.972574
1.965557
1.958503
1.951415
1.944296
1.937148
1.929975
1.922778
1.915559
1.908321
1.901066
1.893794
1.886507
1.879206
1.871892
1.864563
1.857221
1.849864
1.842491
1.835103
1.827697
1.820271
1.812825
1.805356
1.797863
1.790343
1.782795
1.775218
1.767609
1.759967
1.752291
1.744579
1.736832
1.729048
1.721227
1.713370
1.705476
1.697546
1.689581
1.681583
1.673552
1.665490
1.657400
1.649282
1.641140
1.632974
1.624788
1.616583
1.608361
1.600125
1.591876
1.583617
1.575348
1.567071
1.558787
1.550497
1.542203
1.533904
1.525600
1.517292
1.508980
1.500664
1.492342
1.484015
1.475681
1.467340
1.458991
1.450633
1.442265
1.433887
1.425498
1.417097
1.408684
1.400259
1.391821
1.383371
1.374909
1.366435
1.357951
1.349456
1.340953
1.332442
1.323925
1.315404
1.306881
1.298357
1.289834
1.281315
1.272802
1.264297
1.255801
1.247318
1.238849
1.230396
1.221961
1.213546
1.205153
1.196783
1.188438
1.180118
1.171827
1.163563
1.155330
1.147126
1.138955
1.130815
1.122709
1.114637
1.106599
1.098598
1.090633
1.082705
1.074817
1.066968
1.059161
1.051398
1.043678
1.036006
1.028382
1.020809
1.013289
1.005825
0.998419
0.991075
0.983795
0.976582
0.969441
0.962374
0.955384
0.948476
0.941652
0.934917
0.928274
0.921727
0.915280
0.908936
0.902698
0.896571
0.890559
0.884663
0.878890
0.873240
0.867719
0.862330
0.857076
0.851960
0.846986
0.842157
0.837477
0.832949
0.828577
0.824363
0.820312
0.816428
0.812712
0.809170
0.805804
0.802618
0.799616
0.796801
0.794177
0.791747
0.789515
0.787483
0.785655
0.784034
0.782623
0.781424
0.780441
0.779675
0.779128
0.778803
0.778701
0.778824
0.779173
0.779748
0.780551
0.781581
0.782839
0.784326
0.786040
0.787981
0.790149
0.792542
0.795160
0.798001
0.801064
0.804347
0.807849
0.811568
0.815501
0.819648
0.824006
0.828572
0.833345
0.838322
0.843501
0.848880
0.854455
0.860224
0.866185
0.872335
0.878671
0.885190
0.891889
0.898766
0.905816
0.913038
0.920427
0.927981
0.935697
0.943570
0.950145
0.955291
0.959030
0.961564
0.963156
0.964019
0.964266
0.963900
0.962831
0.960927
0.958057
0.954139
0.949165
0.943215
0.936444
0.929055
0.921276
0.913323
0.905390
0.897637
0.890266
0.883270
0.876721
0.870689
0.865232
0.860403
0.856239
0.852771
0.850014
0.847969
0.846627
0.845966
0.845955
0.846554
0.847714
0.849380
0.851491
0.853975
0.856758
0.859758
0.862887
0.866054
0.869165
0.872046
0.874704
0.877051
0.879005
0.880490
0.881442
0.881813
0.881574
0.880714
0.879244
0.877190
0.874596
0.871517
0.868019
0.864176
0.860065
0.855769
0.851370
0.846948
0.842582
0.838343
0.834357
0.830601
0.827124
0.823969
0.821168
0.818745
0.816716
0.815086
0.813854
0.813011
0.812543
0.812432
0.812657
0.813190
0.814003
0.815062
0.816331
0.817768
0.819329
0.820966
0.822629
0.824266
0.825769
0.827155
0.828377
0.829388
0.830147
0.830619
0.830776
0.830601
0.830088
0.829241
0.828075
0.826611
0.824878
0.822913
0.820752
0.818438
0.816016
0.813529
0.811021
0.808534
0.806110
0.803824
0.801656
0.799634
0.797783
0.796121
0.794664
0.793422
0.792398
0.791593
0.791004
0.790622
0.790440
0.790445
0.790623
0.790958
0.791433
0.792027
0.792719
0.793483
0.794296
0.795128
0.795953
0.796704
0.797399
0.798012
0.798519
0.798895
0.799120
0.799180
0.799063
0.798765
0.798287
0.797635
0.796820
0.795856
0.794761
0.793554
0.792257
0.790894
0.789486
0.788059
0.786635
0.785236
0.783883
0.782621
0.781432
0.780328
0.779322
0.778424
0.777639
0.776972
0.776425
0.775996
0.775683
0.775481
0.775383
0.775384
0.775473
0.775642
0.775879
0.776173
0.776512
0.776881
0.777265
0.777651
0.777997
0.778318
0.778601
0.778832
0.778999
0.779090
0.779095
0.779008
0.778826
0.778549
0.778179
0.777720
0.777180
0.776567
0.775890
0.775160
0.774389
0.773588
0.772771
0.771950
0.771136
0.770341
0.769597
0.768886
0.768217
0.767596
0.767032
0.766526
0.766084
0.765705
0.765391
0.765139
0.764948
0.764816
0.764738
0.764710
0.764727
0.764784
0.764875
0.764992
0.765130
0.765279
0.765433
0.765584
0.765703
0.765807
0.765887
0.765937
0.765952
0.765924
0.765851
0.765730
0.765559
0.765339
0.765072
0.764762
0.764411
0.764024
0.763608
0.763167
0.762708
0.762236
0.761759
0.761282
0.760811
0.760353
0.759927
0.759521
0.759137
0.758781
0.758454
0.758159
0.757897
0.757669
0.757475
0.757313
0.757183
0.757083
0.757011
0.756963
0.756939
0.756933
0.756944
0.756966
0.756998
0.757033
0.757069
0.757094
0.757103
0.757104
0.757092
0.757064
0.757017
0.756950
0.756858
0.756743
0.756603
0.756439
0.756252
0.756043
0.755816
0.755573
0.755316
0.755048
0.754772
0.754491
0.754209
0.753928
0.753652
0.753395
0.753141
0.752903
0.752677
0.752466
0.752269
0.752088
0.751924
0.751778
0.751648
0.751535
0.751437
0.751354
0.751285
0.751228
0.751182
0.751145
0.751115
0.751091
0.751070
0.751050
0.751030
0.750997
0.750965
0.750923
0.750874
0.750817
0.750751
0.750676
0.750589
0.750491
0.750383
0.750263
0.750133
0.749993
0.749846
0.749691
0.749530
0.749365
0.749198
0.749028
0.748859
0.748691
0.748526
0.748373
0.748222
0.748079
0.747943
0.747813
0.747690
0.747575
0.747468
0.747369
0.747278
0.747194
0.747118
0.747048
0.746985
0.746927
0.746874
0.746825
0.746778
0.746734
0.746691
0.746649
0.746606
0.746554
0.746503
0.746446
0.746389
0.746326
0.746259
0.746188
0.746113
0.746034
0.745951
0.745863
0.745772
0.745677
0.745579
0.745479
0.745377
0.745273
0.745169
0.745065
0.744961
0.744861
0.744764
0.744669
0.744579
0.744491
0.744403
0.744321
0.744242
0.744165
0.744092
0.744022
0.743955
0.743891
0.743830
0.743771
0.743715
0.743661
0.743608
0.743557
0.743507
0.743458
0.743409
0.743358
0.743306
0.743252
0.743196
0.743142
0.743084
0.743028
0.742968
0.742910
0.742849
0.742787
0.742726
0.742661
0.742597
0.742533
0.742467
0.742400
0.742336
0.742269
0.742202
0.742138
0.742076
0.742012
0.741952
0.741893
0.741834
0.741777
0.741721
0.741664
0.741610
0.741554
0.741502
0.741450
0.741397
0.741346
0.741297
0.741246
0.741198
0.741150
0.741101
0.741054
0.741007
0.740960
0.740910
0.740863
0.740814
0.740768
0.740719
0.740673
0.740625
0.740579
0.740532
0.740486
0.740439
0.740393
0.740346
0.740301
0.740255
0.740210
0.740163
0.740119
0.740073
0.740029
0.739984
0.739940
0.739895
0.739852
0.739808
0.739765
0.739721
0.739679
0.739636
0.739595
0.739556
0.739515
0.739473
0.739433
0.739392
0.739352
0.739314
0.739275
0.739235
0.739197
0.739157
0.739119
0.739079
0.739042
0.739003
0.738966
0.738927
0.738891
0.738853
0.738817
0.738780
0.738744
0.738707
0.738672
0.738636
0.738601
0.738565
0.738531
0.738495
0.738461
0.738426
0.738392
0.738358
0.738324
0.738290
0.738257
0.738223
0.738191
0.738157
0.738125
0.738091
0.738060
0.738027
0.737995
0.737963
0.737932
0.737899
0.737868
0.737836
0.737806
0.737774
0.737744
0.737713
0.737684
0.737653
0.737623
0.737593
0.737564
0.737534
0.737505
0.737475
0.737447
0.737418
0.737390
0.737361
0.737333
0.737305
0.737278
0.737249
0.737222
0.737194
0.737168
0.737140
0.737114
0.737086
0.737060
0.737033
0.737008
0.736981
0.736955
0.736929
0.736904
0.736877
0.736852
0.736826
0.736802
0.736776
0.736752
0.736726
0.736702
0.736677
0.736653
0.736628
0.736605
0.736580
0.736557
0.736532
0.736509
0.736485
0.736463
0.736439
0.736416
0.736393
0.736370
0.736347
0.736325
0.736302
0.736281
0.736258
0.736236
0.736214
0.736193
0.736171
0.736150
0.736128
0.736107
0.736085
0.736065
0.736043
0.736023
0.736002
0.735982
0.735961
0.735941
0.735920
0.735901
0.735880
0.735861
0.735840
0.735821
0.735801
0.735782
0.735762
0.735743
0.735723
0.735705
0.735685
0.735667
0.735647
0.735629
0.735610
0.735592
0.735573
0.735555
0.735537
0.735519
0.735501
0.735483
0.735465
0.735448
0.735430
0.735413
0.735395
0.735378
0.735360
0.735344
0.735326
0.735310
0.735293
0.735276
0.735259
0.735243
0.735226
0.735211
0.735194
0.735178
0.735161
0.735146
0.735130
0.735114
0.735098
0.735083
0.735067
0.735052
0.735036
0.735021
0.735005
0.734990
0.734975
0.734960
0.734945
0.734930
0.734915
0.734901
0.734886
0.734872
0.734857
0.734843
0.734828
0.734814
0.734800
0.734786
0.734772
0.734758
0.734744
0.734730
0.734716
0.734703
0.734689
0.734676
0.734662
0.734649
0.734636
0.734623
0.734609
0.734597
0.734583
0.734571
0.734558
0.734545
0.734532
0.734520
0.734507
0.734495
0.734482
0.734470
0.734457
0.734446
0.734433
0.734421
0.734409
0.734397
0.734385
0.734373
0.734361
0.734350
0.734338
0.734326
0.734314
0.734303
0.734292
0.734281
0.734269
0.734258
0.734246
0.734236
0.734224
0.734214
0.734202
0.734192
0.734181
0.734170
0.734159
0.734149
0.734138
0.734128
0.734117
0.734107
0.734096
0.734086
0.734075
0.734066
0.734055
0.734045
0.734035
0.734025
0.734015
0.734005
0.733995
0.733986
0.733976
0.733966
0.733956
0.733947
0.733937
0.733928
0.733918
0.733909
0.733899
0.733890
0.733881
0.733872
0.733862
0.733854
0.733844
0.733836
0.733826
0.733818
0.733808
0.733800
0.733791
0.733783
0.733773
0.733765
0.733756
0.733748
0.733739
0.733731
0.733722
0.733714
0.733706
0.733698
0.733689
0.733681
0.733673
0.733665
0.733657
0.733649
0.733641
0.733633
0.733625
0.733617
0.733609
0.733602
0.733594
0.733586
0.733578
0.733571
0.733563
0.733556
0.733548
0.733541
0.733533
0.733526
0.733518
0.733511
0.733504
0.733497
0.733489
0.733482
0.733475
0.733468
0.733461
0.733454
0.733447
0.733440
0.733433
0.733426
0.733419
0.733413
0.733406
0.733399
0.733392
0.733386
0.733379
0.733373
0.733366
0.733360
0.733353
0.733347
0.733340
0.733334
0.733327
0.733321
0.733315
0.733309
0.733302
0.733296
0.733290
0.733284
0.733278
0.733272
0.733265
0.733260
0.733253
0.733248
0.733242
0.733236
0.733230
0.733224
0.733218
0.733213
0.733207
0.733201
0.733195
0.733190
0.733184
0.733179
0.733173
0.733168
0.733162
0.733157
0.733151
0.733146
0.733140
0.733135
0.733130
0.733125
0.733119
0.733114
0.733109
0.733104
0.733098
0.733093
0.733088
0.733083
0.733078
0.733073
0.733068
0.733063
0.733058
0.733053
0.733048
0.733043
0.733038
0.733034
0.733028
0.733024
0.733019
0.733014
0.733009
0.733005
0.733000
0.732996
0.732991
0.732986
0.732982
0.732977
0.732973
0.732968
0.732964
0.732959
0.732955
0.732951
0.732946
0.732942
0.732937
0.732933
0.732929
0.732925
0.732920
0.732916
0.732912
0.732908
0.732903
0.732899
0.732895
0.732891
0.732887
0.732883
0.732879
0.732875
0.732871
0.732867
0.732863
0.732859
0.732855
0.732851
0.732847
0.732843
0.732839
0.732836
0.732832
0.732828
0.732824
0.732821
0.732817
0.732813
0.732809
0.732806
0.732802
0.732799
0.732795
0.732791
0.732788
0.732784
0.732780
0.732777
0.732773
0.732770
0.732766
0.732763
0.732760
0.732756
0.732753
0.732750
0.732746
0.732743
0.732739
0.732736
0.732733
0.732730
0.732726
0.732723
0.732720
0.732717
0.732713
0.732710
0.732707
0.732704
0.732701
0.732698
0.732694
0.732692
0.732688
0.732685
0.732682
0.732679
0.732676
0.732673
0.732670
0.732667
0.732664
0.732662
0.732658
0.732656
0.732653
0.732650
0.732647
0.732644
0.732641
0.732639
0.732636
0.732633
0.732630
0.732627
0.732625
0.732622
0.732619
0.732617
0.732614
0.732611
0.732608
0.732606
0.732603
0.732601
0.732598
0.732595
0.732593
0.732590
0.732588
0.732585
0.732582
0.732580
0.732577
0.732575
0.732572
0.732570
0.732568
0.732565
0.732563
0.732560
0.732558
0.732556
0.732553
0.732551
0.732548
0.732546
0.732544
0.732541
0.732539
0.732537
0.732534
0.732532
0.732530
0.732528
0.732525
0.732523
0.732521
0.732519
0.732516
0.732514
0.732512
0.732510
0.732508
0.732506
0.732504
0.732502
0.732499
0.732497
0.732495
0.732493
0.732491
0.732489
0.732487
0.732485
0.732483
0.732481
0.732479
0.732477
0.732475
0.732473
0.732471
0.732469
0.732467
0.732465
0.732463
0.732461
0.732459
0.732457
0.732455
0.732454
0.732452
0.732450
0.732448
0.732446
0.732444
0.732443
0.732441
0.732439
0.732437
0.732435
0.732433
0.732432
0.732430
0.732428
0.732426
0.732425
0.732423
0.732421
0.732420
0.732418
0.732416
0.732415
0.732413
0.732411
0.732410
0.732408
0.732406
0.732405
0.732403
0.732401
0.732400
0.732398
0.732397
0.732395
0.732393
0.732392
0.732390
0.732389
0.732387
0.732386
0.732384
0.732383
0.732381
0.732380
0.732378
0.732377
0.732375
0.732374
0.732372
0.732371
0.732369
0.732368
0.732366
0.732365
0.732363
0.732362
0.732361
0.732359
0.732358
0.732357
0.732355
0.732354
0.732352
0.732351
0.732350
0.732348
0.732347
0.732346
0.732344
0.732343
0.732342
0.732340
0.732339
0.732338
0.732336
0.732335
0.732334
0.732333
0.732331
0.732330
0.732329
0.732328
0.732326
0.732325
0.732324
0.732323
0.732321
0.732320
0.732319
0.732318
0.732317
0.732316
0.732314
0.732313
0.732312
0.732311
0.732310
0.732309
0.732307
0.732306
0.732305
0.732304
0.732303
0.732302
0.732301
0.732300
0.732298
0.732297
0.732296
0.732295
0.732294
0.732293
0.732292
0.732291
0.732290
0.732289
0.732288
0.732287
0.732286
0.732285
0.732284
0.732283
0.732282
0.732281
0.732280
0.732279
0.732278
0.732277
0.732276
0.732275
0.732274
0.732273
0.732272
0.732271
0.732270
0.732269
0.732268
0.732267
0.732266
0.732265
0.732264
0.732263
0.732262
0.732262
0.732261
0.732260
0.732259
0.732258
0.732257
0.732256
0.732255
0.732254
0.732253
0.732253
0.732252
0.732251
0.732250
0.732249
0.732248
0.732248
0.732247
0.732246
0.732245
0.732244
0.732243
0.732243
0.732242
0.732241
0.732240
0.732239
0.732239
0.732238
0.732237
0.732236
0.732235
0.732235
0.732234
0.732233
0.732232
0.732232
0.732231
0.732230
0.732229
0.732229
0.732228
0.732227
0.732226
0.732226
0.732225
0.732224
0.732223
0.732223
0.732222
0.732221
0.732221
0.732220
0.732219
0.732219
0.732218
0.732217
0.732216
0.732216
0.732215
0.732214
0.732214
0.732213
0.732212
0.732212
0.732211
0.732211
0.732210
0.732209
0.732208
0.732208
0.732207
0.732207
0.732206
0.732205
0.732205
0.732204
0.732203
0.732203
0.732202
0.732202
0.732201
0.732200
0.732200
0.732199
0.732199
0.732198
0.732197
0.732197
0.732196
0.732196
0.732195
0.732195
0.732194
0.732193
0.732193
0.732192
0.732192
0.732191
0.732191
0.732190
0.732189
0.732189
0.732188
0.732188
0.732187
0.732187
0.732186
0.732186
0.732185
0.732185
0.732184
0.732184
0.732183
0.732183
0.732182
0.732182
0.732181
0.732181
0.732180
0.732180
0.732179
0.732179
0.732178
0.732178
0.732177
0.732177
0.732176
0.732176
0.732175
0.732175
0.732174
0.732174
0.732173
0.732173
0.732172
0.732172
0.732171
0.732171
0.732170
0.732170
0.732170
0.732169
0.732169
0.732168
0.732168
0.732167
0.732167
0.732167
0.732166
0.732166
0.732165
0.732165
0.732164
0.732164
0.732163
0.732163
0.732163
0.732162
0.732162
0.732162
0.732161
0.732161
0.732160
0.732160
0.732159
0.732159
0.732159
0.732158
0.732158
0.732158
0.732157
0.732157
0.732156
0.732156
0.732156
0.732155
0.732155
0.732155
0.732154
0.732154
0.732153
0.732153
0.732153
0.732152
0.732152
0.732152
0.732151
0.732151
0.732150
0.732150
0.732150
0.732149
0.732149
0.732149
0.732148
0.732148
0.732148
0.732147
0.732147
0.732147
0.732146
0.732146
0.732146
0.732145
0.732145
0.732145
0.732144
0.732144
0.732144
0.732143
0.732143
0.732143
0.732142
0.732142
0.732142
0.732142
0.732141
0.732141
0.732141
0.732140
0.732140
0.732140
0.732139
0.732139
0.732139
0.732139
0.732138
0.732138
0.732138
0.732137
0.732137
0.732137
0.732136
0.732136
0.732136
0.732136
0.732135
0.732135
0.732135
0.732135
0.732134
0.732134
0.732134
0.732134
0.732133
0.732133
0.732133
0.732132
0.732132
0.732132
0.732132
0.732131
0.732131
0.732131
0.732131
0.732130
0.732130
0.732130
0.732130
0.732129
0.732129
0.732129
0.732129
0.732128
0.732128
0.732128
0.732128
0.732127
0.732127
0.732127
0.732127
0.732127
0.732126
0.732126
0.732126
0.732126
0.732125
0.732125
0.732125
0.732125
0.732124
0.732124
0.732124
0.732124
0.732123
0.732123
0.732123
0.732123
0.732123
0.732123
0.732122
0.732122
0.732122
0.732122
0.732121
0.732121
0.732121
0.732121
0.732121
0.732120
0.732120
0.732120
0.732120
0.732120
0.732119
0.732119
0.732119
0.732119
0.732119
0.732118
0.732118
0.732118
0.732118
0.732118
0.732117
0.732117
0.732117
0.732117
0.732117
0.732117
0.732116
0.732116
0.732116
0.732116
0.732116
0.732115
0.732115
0.732115
0.732115
0.732115
0.732115
0.732114
0.732114
0.732114
0.732114
0.732114
0.732113
0.732113
0.732113
0.732113
0.732113
0.732113
0.732112
0.732112
0.732112
0.732112
0.732112
0.732112
0.732112
0.732111
0.732111
0.732111
0.732111
0.732111
0.732111
0.732111
0.732110
0.732110
0.732110
0.732110
0.732110
0.732110
0.732109
0.732109
0.732109
0.732109
0.732109
0.732109
0.732109
0.732108
0.732108
0.732108
0.732108
0.732108
0.732108
0.732108
0.732107
0.732107
0.732107
0.732107
0.732107
0.732107
0.732107
0.732107
0.732106
0.732106
0.732106
0.732106
0.732106
0.732106
0.732106
0.732105
0.732105
0.732105
0.732105
0.732105
0.732105
0.732105
0.732105
0.732104
0.732104
0.732104
0.732104
0.732104
0.732104
0.732104
0.732104
0.732104
0.732103
0.732103
0.732103
0.732103
0.732103
0.732103
0.732103
0.732103
0.732102
0.732102
0.732102
0.732102
0.732102
0.732102
0.732102
0.732102
0.732101
0.732101
0.732101
0.732101
0.732101
0.732101
0.732101
0.732101
0.732101
0.732101
0.732100
0.732100
0.732100
0.732100
0.732100
0.732100
0.732100
0.732100
0.732100
0.732100
0.732099
0.732099
0.732099
0.732099
0.732099
0.732099
0.732099
0.732099
0.732099
0.732099
0.732098
0.732098
0.732098
0.732098
0.732098
0.732098
0.732098
0.732098
0.732098
0.732098
0.732098
0.732098
0.732097
0.732097
0.732097
0.732097
0.732097
0.732097
0.732097
0.732097
0.732097
0.732097
0.732097
0.732097
0.732096
0.732096
0.732096
0.732096
0.732096
0.732096
0.732096
0.732096
0.732096
0.732096
0.732096
0.732096
0.732095
0.732095
0.732095
0.732095
0.732095
0.732095
0.732095
0.732095
0.732095
0.732095
0.732095
0.732095
0.732094
0.732094
0.732094
0.732094
0.732094
0.732094
0.732094
0.732094
0.732094
0.732094
0.732094
0.732094
0.732094
0.732094
0.732093
0.732093
0.732093
0.732093
0.732093
0.732093
0.732093
0.732093
0.732093
0.732093
0.732093
0.732093
0.732093
0.732093
0.732093
0.732093
0.732092
0.732092
0.732092
0.732092
0.732092
0.732092
0.732092
0.732092
0.732092
0.732092
0.732092
0.732092
0.732092
0.732092
0.732092
0.732092
0.732091
0.732091
0.732091
0.732091
0.732091
0.732091
0.732091
0.732091
0.732091
0.732091
0.732091
0.732091
0.732091
0.732091
0.732091
0.732091
0.732091
0.732091
0.732090
0.732090
0.732090
0.732090
0.732090
0.732090
0.732090
0.732090
0.732090
0.732090
0.732090
0.732090
0.732090
0.732090
0.732090
0.732090
0.732090
0.732090
0.732090
0.732090
0.732089
0.732089
0.732089
0.732089
0.732089
0.732089
0.732089
0.732089
0.732089
0.732089
0.732089
0.732089
0.732089
0.732089
0.732089
0.732089
0.732089
0.732089
0.732089
0.732089
0.732088
0.732089
0.732088
0.732088
0.732088
0.732088
0.732088
0.732088
0.732088
0.732088
0.732088
0.732088
0.732088
0.732088
0.732088
0.732088
0.732088
0.732088
0.732088
0.732088
0.732088
0.732088
0.732088
0.732088
0.732088
0.732088
0.732087
0.732087
0.732087
0.732087
0.732087
0.732087
0.732087
0.732087
0.732087
0.732087
0.732087
0.732087
0.732087
0.732087
0.732087
0.732087
0.732087
0.732087
0.732087
0.732087
0.732087
0.732087
0.732087
0.732087
0.732087
0.732087
0.732086
0.732087
0.732086
0.732086
0.732086
0.732086
0.732086
0.732086
0.732086
0.732086
0.732086
0.732086
0.732086
0.732086
0.732086
0.732086
0.732086
0.732086
0.732086
0.732086
0.732086
0.732086
0.732086
0.732086
0.732086
0.732086
0.732086
0.732086
0.732086
0.732086
0.732086
0.732086
0.732085
0.732086
0.732085
0.732085
0.732085
0.732085
0.732085
0.732085
0.732085
0.732085
0.732085
0.732085
0.732085
0.732085
0.732085
0.732085
0.732085
0.732085
0.732085
0.732085
0.732085
0.732085
0.732085
0.732085
0.732085
0.732085
0.732085
0.732085
0.732085
0.732085
0.732085
0.732085
0.732085
0.732085
0.732085
0.732085
0.732085
0.732085
0.732084
0.732085
0.732084
0.732085
0.732084
0.732084
0.732084
0.732084
0.732084
0.732084
0.732084
0.732084
0.732084
0.732084
0.732084
0.732084
0.732084
0.732084
0.732084
0.732084
0.732084
0.732084
0.732084
0.732084
0.732084
0.732084
0.732084
0.732084
0.732084
0.732084
0.732084
0.732084
0.732084
0.732084
0.732084
0.732084
0.732084
0.732084
0.732084
0.732084
0.732084
0.732084
0.732084
0.732084
0.732084
0.732084
0.732084
0.732084
0.732083
0.732084
0.732083
0.732084
0.732083
0.732083
0.732083
0.732083
0.732083
0.732083
0.732083
0.732083
0.732083
0.732083
0.732083
0.732083
0.732083
0.732083
0.732083
0.732083
0.732083
0.732083
0.732083
0.732083
0.732083
0.732083
0.732083
0.732083
0.732083
0.732083
0.732083
0.732083
0.732083
0.732083
0.732083
0.732083
0.732083
0.732083
0.732083
0.732083
0.732083
0.732083
0.732083
0.732083
0.732083
0.732083
0.732083
0.732083
0.732083
0.732083
0.732083
0.732083
0.732083
0.732083
0.732083
0.732083
0.732083
0.732083
0.732083
0.732083
0.732083
0.732083
0.732082
0.732083
0.732082
0.732083
0.732082
0.732082
0.732082
0.732082
0.732082
0.732082
0.732082
0.732082
0.732082
0.732082
0.732082
0.732082
0.732082
0.732082
0.732082
0.732082
0.732082
0.732082
0.732082
0.732082
0.732082
0.732082
0.732082
0.732082
0.732082
0.732082
0.732082
0.732082
0.732082
0.732082
0.732082
0.732082
0.732082
0.732082
0.732082
0.732082
0.732082
0.732082
0.732082
0.732082
0.732082
0.732082
0.732082
0.732082
0.732082
0.732082
0.732082
0.732082
0.732082
0.732082
0.732082
0.732082
0.732082
0.732082
0.732082
0.732082
0.732082
0.732082
0.732082
0.732082
0.732082
0.732082
0.732082
0.732082
0.732082
0.732082
0.732082
0.732082
0.732082
0.732082
0.732082
0.732082
0.732082
0.732082
0.732082
0.732082
0.732082
0.732082
0.732082
0.732082
0.732082
0.732082
0.732082
0.732082
0.732081
0.732082
0.732081
0.732082
0.732081
0.732082
0.732081
0.732082
0.732081
0.732081
0.732081
0.732081
0.732081
0.732081
0.732081
0.732081
0.732081
0.732081
0.732081
0.732081
0.732081
0.732081
0.732081
0.732081
0.732081
0.732081
0.732081
0.732081
0.732081
0.732081
0.732081
0.732081
0.732081
0.732081
0.732081
0.732081
0.732081
0.732081
0.732081
0.732081
0.732081
0.732081
0.732081
0.732081
0.732081
0.732081
0.732081
0.732081
0.732081
0.732081
0.732081
0.732081
0.732081
0.732081
0.732081
0.732081
0.732081
0.732081
0.732081
0.732081
0.732081
0.732081
0.732081
0.732081
0.732081
0.732081
0.732081
0.732081
0.732081
0.732081
0.732081
0.732081
0.732081
0.732081
0.732081
0.732081
0.732081
0.732081
0.732081
0.732081
0.732081
0.732081
0.732081
0.732081
0.732081
0.732081
0.732081
0.732081
0.732081
0.732081
0.732081
0.732081
0.732081
0.732081
0.732081
0.732081
0.732081
0.732081
0.732081
0.732081
0.732081
0.732081
0.732081
0.732081
0.732081
0.732081
0.732081
0.732081
0.732081
0.732081
0.732081
0.732081
0.732081
0.732081
0.732081
0.732081
0.732081
0.732081
0.732081
0.732081
0.732081
0.732081
0.732081
0.732081
0.732081
0.732081
0.732081
0.732081
0.732081
0.732081
0.732081
0.732081
0.732081
0.732081
0.732081
0.732081
0.732081
0.732081
0.732081
0.732081
0.732081
0.732081
0.732081
0.732081
0.732081
0.732081
0.732081
0.732081
0.732081
0.732081
0.732081
0.732081
0.732081
0.732081
0.732081
0.732081
0.732081
0.732081
0.732081
0.732081
0.732081
0.732081
0.732081
0.732081
0.732080
0.732081
0.732080
0.732081
0.732080
0.732081
0.732080
0.732081
0.732080
0.732081
0.732080
0.732081
0.732080
0.732081
0.732080
0.732081
0.732080
0.732081
0.732080
0.732081
0.732080
0.732081
0.732080
0.732080
0.732080
0.732080
0.732080
0.732080
0.732080
0.732080
0.732080
0.732080
0.732080
0.732080
0.732080
0.732080
0.732080
0.732080
0.732080
0.732080
0.732080
0.732080
0.732080
0.732080
0.732080
0.732080
0.732080
0.732080
0.732080
0.732080
0.732080
0.732080
0.732080
0.732080
0.732080
0.732080
0.732080
0.732080
0.732080
0.732080
0.732080
0.732080
0.732080
0.732080
0.732080
0.732080
0.732080
0.732080
0.732080
0.732080
0.732080
0.732080
0.732080
0.732080
0.732080
0.732080
0.732080
0.732080
0.732080
0.732080
0.732080
0.732080
0.732080
0.732080
0.732080
0.732080
0.732080
0.732080
0.732080
0.732080
0.732080
0.732080
0.732080
0.732080
0.732080
0.732080
0.732080
0.732080
0.732080
0.732080
0.732080
0.732080
0.732080
0.732080
0.732080
0.732080
0.732080
0.732080
0.732080
0.732080
0.732080
0.732080
0.732080
0.732080
0.732080
0.732080
0.732080
0.732080
0.732080
0.732080
0.732080
0.732080
0.732080
0.732080
0.732080
0.732080
0.732080
0.732080
0.732080
0.732080
0.732080
0.732080
0.732080
0.732080
0.732080
0.732080
0.732080
0.732080
0.732080
0.732080
0.732080
0.732080
0.732080
0.732080
0.732080
0.732080
0.732080
0.732080
0.732080
0.732080
0.732080
0.732080
0.732080
0.732080
0.732080
0.732080
0.732080
0.732080
0.732080
0.732080
0.732080
0.732080
0.732080
0.732080
0.732080
0.732080
0.732080
0.732080
0.732080
0.732080
0.732080
0.732080
0.732080
0.732080
0.732080
0.732080
0.732080
0.732080
0.732080
0.732080
0.732080
0.732080
0.732080
0.732080
0.732080
0.732080
0.732080
0.732080
0.732080
0.732080
0.732080
0.732080
0.732080
0.732080
0.732080
0.732080
0.732080
0.732080
0.732080
0.732080
0.732080
0.732080
0.732080
0.732080
0.732080
0.732080
0.732080
0.732080
0.732080
0.732080
0.732080
0.732080
0.732080
0.732080
0.732080
0.732080
0.732080
0.732080
0.732080
0.732080
0.732080
0.732080
0.732080
0.732080
0.732080
0.732080
0.732080
0.732080
0.732080
0.732080
0.732080
0.732080
0.732080
0.732080
0.732080
0.732080
0.732080
0.732080
0.732080
0.732080
0.732080
0.732080
0.732080
0.732080
0.732080
0.732080
0.732080
0.732080
0.732080
0.732080
0.732080
0.732080
0.732080
0.732080
0.732080
0.732080
0.732080
0.732080
0.732080
0.732080
0.732080
0.732080
0.732080
0.732080
0.732080
0.732080
0.732080
0.732080
0.732080
0.732080
0.732080
0.732080
0.732080
0.732080
0.732080
0.732080
0.732080
0.732080
0.732080
0.732080
0.732080
0.732080
0.732080
0.732080
0.732080
0.732080
0.732080
0.732080
0.732080
0.732080
0.732080
0.732080
0.732080
0.732080
0.732080
0.732080
0.732080
0.732080
0.732080
0.732080
0.732080
0.732080
0.732080
0.732080
0.732080
0.732080
0.732080
0.732080
0.732080
0.732080
0.732080
0.732080
0.732080
0.732080
0.732080
0.732080
0.732080
0.732080
0.732080
0.732080
0.732080
0.732080
0.732080
0.732080
0.732080
0.732080
0.732080
0.732080
0.732080
0.732080
0.732080
0.732080
0.732080
0.732080
0.732080
0.732080
0.732080
0.732080
0.732080
0.732080
0.732080
0.732080
0.732080
0.732080
0.732080
0.732080
0.732080
0.732080
0.732080
0.732080
0.732080
0.732080
0.732080
0.732080
0.732080
0.732080
0.732080
0.732080
0.732080
0.732080
0.732080
0.732080
0.732080
0.732080
0.732080
0.732080
0.732080
0.732080
0.732080
0.732080
0.732080
0.732080
0.732080
0.732080
0.732080
0.732080
0.732080
0.732080
0.732080
0.732080
0.732080
0.732080
0.732080
0.732080
0.732080
0.732080
0.732080
0.732080
0.732080
0.732080
0.732080
0.732080
0.732080
0.732080
0.732080
0.732080
0.732080
0.732080
0.732080
0.732080
0.732080
0.732080
0.732080
0.732080
0.732080
0.732080
0.732080
0.732080
0.732080
0.732080
0.732080
0.732080
0.732080
0.732080
0.732080
0.732080
0.732080
0.732080
0.732080
0.732080
0.732080
0.732080
0.732080
0.732080
0.732080
0.732080
0.732080
0.732080
0.732080
0.732080
0.732080
0.732080
0.732080
0.732080
0.732080
0.732080
0.732080
0.732080
0.732080
0.732080
0.732080
0.732080
0.732080
0.732080
0.732080
0.732080
0.732080
0.732080
0.732080
0.732080
0.732080
0.732080
0.732080
0.732080
0.732080
0.732080
0.732080
0.732080
0.732080
0.732080
0.732080
0.732080
0.732080
0.732080
0.732080
0.732080
0.732080
0.732080
0.732080
0.732080
0.732080
0.732080
0.732080
0.732080
0.732080
0.732080
0.732080
0.732080
0.732080
0.732080
0.732080
0.732080
0.732080
0.732080
0.732080
0.732080
0.732080
0.732080
0.732080
0.732080
0.732080
0.732080
0.732080
0.732080
0.732080
0.732080
0.732080
0.732080
0.732080
0.732080
0.732080
0.732080
0.732080
0.732080
0.732080
0.732080
0.732080
0.732080
0.732080
0.732080
0.732080
0.732080
0.732080
0.732080
0.732080
0.732080
0.732080
0.732080
0.732080
0.732080
0.732080
0.732080
0.732080
0.732080
0.732080
0.732080
0.732080
0.732080
0.732080
0.732080
0.732080
0.732080
0.732080
0.732080
0.732080
0.732080
0.732080
0.732080
0.732080
0.732080
0.732080
0.732080
0.732080
0.732080
0.732080
0.732080
0.732080
0.732080
0.732080
0.732080
0.732080
0.732080
0.732080
0.732080
0.732080
0.732080
0.732080
0.732080
0.732080
0.732080
0.732080
0.732080
0.732080
0.732080
0.732080
0.732080
0.732080
0.732080
0.732080
0.732080
0.732080
0.732080
0.732080
0.732080
0.732080
0.732080
0.732080
0.732080
0.732080
0.732080
0.732080
0.732080
0.732080
0.732080
0.732080
0.732080
0.732080
0.732080
0.732080
0.732080
0.732080
0.732080
0.732080
0.732080
0.732080
0.732080
0.732080
0.732080
0.732080
0.732080
0.732080
0.732080
0.732080
0.732080
0.732080
0.732080
0.732080
0.732080
0.732080
0.732080
0.732080
0.732080
0.732080
0.732080
0.732080
0.732080
0.732080
0.732080
0.732080
0.732080
0.732080
0.732080
0.732080
0.732080
0.732080
0.732080
0.732080
0.732080
0.732080
0.732080
0.732080
0.732080
0.732080
0.732080
0.732080
0.732080
0.732080
0.732080
0.732080
0.732080
0.732080
0.732080
0.732080
0.732080
0.732080
0.732080
0.732080
0.732080
0.732080
0.732080
0.732080
0.732080
0.732080
0.732080
0.732080
0.732080
0.732080
0.732080
0.732080
0.732080
0.732080
0.732080
0.732080
0.732080
0.732080
0.732080
0.732080
0.732080
0.732080
0.732080
0.732080
0.732080
0.732080
0.732080
0.732080
0.732080
0.732080
0.732080
0.732080
0.732080
0.732080
0.732080
0.732080
0.732080
0.732080
0.732080
0.732080
0.732080
0.732080
0.732080
0.732080
0.732080
0.732080
0.732080
0.732080
0.732080
0.732080
0.732080
0.732080
0.732080
0.732080
0.732080
0.732080
0.732080
0.732080
0.732080
0.732080
0.732080
0.732080
0.732080
0.732080
0.732080
0.732080
0.732080
0.732080
0.732080
0.732080
0.732080
0.732080
0.732080
0.732080
0.732080
0.732080
0.732080
0.732080
0.732080
0.732080
0.732080
0.732080
0.732080
0.732080
0.732080
0.732080
0.732080
0.732080
0.732080
0.732080
0.732080
0.732080
0.732080
0.732080
0.732080
0.732080
0.732080
0.732080
0.732080
0.732080
0.732080
0.732080
0.732080
0.732080
0.732080
0.732080
0.732080
0.732080
0.732080
0.732080
0.732080
0.732080
0.732080
0.732080
0.732080
0.732080
0.732080
0.732080
0.732080
0.732080
0.732080
0.732080
0.732080
0.732080
0.732080
0.732080
0.732080
0.732080
0.732080
0.732080
0.732080
0.732080
0.732080
0.732080
0.732080
0.732080
0.732080
0.732080
0.732080
0.732080
0.732080
0.732080
0.732080
0.732080
0.732080
0.732080
0.732080
0.732080
0.732080
0.732080
0.732080
0.732080
0.732080
0.732080
0.732080
0.732080
0.732080
0.732080
0.732080
0.732080
0.732080
0.732080
0.732080
0.732080
0.732080
0.732080
0.732080
0.732080
0.732080
0.732080
0.732080
0.732080
0.732080
0.732080
0.732080
0.732080
0.732080
0.732080
0.732080
0.732080
0.732080
0.732080
0.732080
0.732080
0.732080
0.732080
0.732080
0.732080
0.732080
0.732080
0.732080
0.732080
0.732080
0.732080
0.732080
0.732080
0.732080
0.732080
0.732080
0.732080
0.732080
0.732080
0.732080
0.732080
0.732080
0.732080
0.732080
0.732080
0.732080
0.732080
0.732080
0.732080
0.732080
0.732080
0.732080
0.732080
0.732080
0.732080
0.732080
0.732080
0.732080
0.732080
0.732080
0.732080
0.732080
0.732080
0.732080
0.732080
0.732080
0.732080
0.732080
0.732080
0.732080
0.732080
0.732080
0.732080
0.732080
0.732080
0.732080
0.732080
0.732080
0.732080
0.732080
0.732080
0.732080
0.732080
0.732080
0.732080
0.732080
0.732080
0.732080
0.732080
0.732080
0.732080
0.732080
0.732080
0.732080
0.732080
0.732080
0.732080
0.732080
0.732080
0.732080
0.732080
0.732080
0.732080
0.732080
0.732080
0.732080
0.732080
0.732080
0.732080
0.732080
0.732080
0.732080
0.732080
0.732080
0.732080
0.732080
0.732080
0.732080
0.732080
0.732080
0.732080
0.732080
0.732080
0.732080
0.732080
0.732080
0.732080
0.732080
0.732080
0.732080
0.732080
0.732080
0.732080
0.732080
0.732080
0.732080
0.732080
0.732080
0.732080
0.732080
0.732080
0.732080
0.732080
0.732080
0.732080
0.732080
0.732080
0.732080
0.732080
0.732080
0.732080
0.732080
0.732080
0.732080
0.732080
0.732080
0.732080
0.732080
0.732080
0.732080
0.732080
0.732080
0.732080
0.732080
0.732080
0.732080
0.732080
0.732080
0.732080
0.732080
0.732080
0.732080
0.732080
0.732080
0.732080
0.732080
0.732080
0.732080
0.732080
0.732080
0.732080
0.732080
0.732080
0.732080
0.732080
0.732080
0.732080
0.732080
0.732080
0.732080
0.732080
0.732080
0.732080
0.732080
0.732080
0.732080
0.732080
0.732080
0.732080
0.732080
0.732080
0.732080
0.732080
0.732080
0.732080
0.732080
0.732080
0.732080
0.732080
0.732080
0.732080
0.732080
0.732080
0.732080
0.732080
0.732080
0.732080
0.732080
0.732080
0.732080
0.732080
0.732080
0.732080
0.732080
0.732080
0.732080
0.732080
0.732080
0.732080
0.732080
0.732080
0.732080
0.732080
0.732080
0.732080
0.732080
0.732080
0.732080
0.732080
0.732080
0.732080
0.732080
0.732080
0.732080
0.732080
0.732080
0.732080
0.732080
0.732080
0.732080
0.732080
0.732080
0.732080
0.732080
0.732080
0.732080
0.732080
0.732080
0.732080
0.732080
0.732080
0.732080
0.732080
0.732080
0.732080
0.732080
0.732080
0.732080
0.732080
0.732080
0.732080
0.732080
0.732080
0.732080
0.732080
0.732080
0.732080
0.732080
0.732080
0.732080
0.732080
0.732080
0.732080
0.732080
0.732080
0.732080
0.732080
0.732080
0.732080
0.732080
0.732080
0.732080
0.732080
0.732080
0.732080
0.732080
0.732080
0.732080
0.732080
0.732080
0.732080
0.732080
0.732080
0.732080
0.732080
0.732080
0.732080
0.732080
0.732080
0.732080
0.732080
0.732080
0.732080
0.732080
0.732080
0.732080
0.732080
0.732080
0.732080
0.732080
0.732080
0.732080
0.732080
0.732080
0.732080
0.732080
0.732080
0.732080
0.732080
0.732080
0.732080
0.732080
0.732080
0.732080
0.732080
0.732080
0.732080
0.732080
0.732080
0.732080
0.732080
0.732080
0.732080
0.732080
0.732080
0.732080
0.732080
0.732080
0.732080
0.732080
0.732080
0.732080
0.732080
0.732080
0.732080
0.732080
0.732080
0.732080
0.732080
0.732080
0.732080
0.732080
0.732080
0.732080
0.732080
0.732080
0.732080
0.732080
0.732080
0.732080
0.732080
0.732080
0.732080
0.732080
0.732080
0.732080
0.732080
0.732080
0.732080
0.732080
0.732080
0.732080
0.732080
0.732080
0.732080
0.732080
0.732080
0.732080
0.732080
0.732080
0.732080
0.732080
0.732080
0.732080
0.732080
0.732080
0.732080
0.732080
0.732080
0.732080
0.732080
0.732080
0.732080
0.732080
0.732080
0.732080
0.732080
0.732080
0.732080
0.732080
0.732080
0.732080
0.732080
0.732080
0.732080
0.732080
0.732080
0.732080
0.732080
0.732080
0.732080
0.732080
0.732080
0.732080
0.732080
0.732080
0.732080
0.732080
0.732080
0.732080
0.732080
0.732080
0.732080
0.732080
0.732080
0.732080
0.732080
0.732080
0.732080
0.732080
0.732080
0.732080
0.732080
0.732080
0.732080
0.732080
0.732080
0.732080
0.732080
0.732080
0.732080
0.732080
0.732080
0.732080
0.732080
0.732080
0.732080
0.732080
0.732080
0.732080
0.732080
0.732080
0.732080
0.732080
0.732080
0.732080
0.732080
0.732080
0.732080
0.732080
0.732080
0.732080
0.732080
0.732080
0.732080
0.732080
0.732080
0.732080
0.732080
0.732080
0.732080
0.732080
0.732080
0.732080
0.732080
0.732080
0.732080
0.732080
0.732080
0.732080
0.732080
0.732080
0.732080
0.732080
0.732080
0.732080
0.732080
0.732080
0.732080
0.732080
0.732080
0.732080
0.732080
0.732080
0.732080
0.732080
0.732080
0.732080
0.732080
0.732080
0.732080
0.732080
0.732080
0.732080
0.732080
0.732080
0.732080
0.732080
0.732080
0.732080
0.732080
0.732080
0.732080
0.732080
0.732080
0.732080
0.732080
0.732080
0.732080
0.732080
0.732080
0.732080
0.732080
0.732080
0.732080
0.732080
0.732080
0.732080
0.732080
0.732080
0.732080
0.732080
0.732080
0.732080
0.732080
0.732080
0.732080
0.732080
0.732080
0.732080
0.732080
0.732080
0.732080
0.732080
0.732080
0.732080
0.732080
0.732080
0.732080
0.732080
0.732080
0.732080
0.732080
0.732080
0.732080
0.732080
0.732080
0.732080
0.732080
0.732080
0.732080
0.732080
0.732080
0.732080
0.732080
0.732080
0.732080
0.732080
0.732080
0.732080
0.732080
0.732080
0.732080
0.732080
0.732080
0.732080
0.732080
0.732080
0.732080
0.732080
0.732080
0.732080
0.732080
0.732080
0.732080
0.732080
0.732080
0.732080
0.732080
0.732080
0.732080
0.732080
0.732080
0.732080
0.732080
0.732080
0.732080
0.732080
0.732080
0.732080
0.732080
0.732080
0.732080
0.732080
0.732080
0.732080
0.732080
0.732080
0.732080
0.732080
0.732080
0.732080
0.732080
0.732080
0.732080
0.732080
0.732080
0.732080
0.732080
0.732080
0.732080
0.732080
0.732080
0.732080
0.732080
0.732080
0.732080
0.732080
0.732080
0.732080
0.732080
0.732080
0.732080
0.732080
0.732080
0.732080
0.732080
0.732080
0.732080
0.732080
0.732080
0.732080
0.732080
0.732080
0.732080
0.732080
0.732080
0.732080
0.732080
0.732080
0.732080
0.732080
0.732080
0.732080
0.732080
0.732080
0.732080
0.732080
0.732080
0.732080
0.732080
0.732080
0.732080
0.732080
0.732080
0.732080
0.732080
0.732080
0.732080
0.732080
0.732080
0.732080
0.732080
0.732080
0.732080
0.732080
0.732080
0.732080
0.732080
0.732080
0.732080
0.732080
0.732080
0.732080
0.732080
0.732080
0.732080
0.732080
0.732080
0.732080
0.732080
0.732080
0.732080
0.732080
0.732080
0.732080
0.732080
0.732080
0.732080
0.732080
0.732080
0.732080
0.732080
0.732080
0.732080
0.732080
0.732080
0.732080
0.732080
0.732080
0.732080
0.732080
0.732080
0.732080
0.732080
0.732080
0.732080
0.732080
0.732080
0.732080
0.732080
0.732080
0.732080
0.732080
0.732080
0.732080
0.732080
0.732080
0.732080
0.732080
0.732080
0.732080
0.732080
0.732080
0.732080
0.732080
0.732080
0.732080
0.732080
0.732080
0.732080
0.732080
0.732080
0.732080
0.732080
0.732080
0.732080
0.732080
0.732080
0.732080
0.732080
0.732080
0.732080
0.732080
0.732080
0.732080
0.732080
0.732080
0.732080
0.732080
0.732080
0.732080
0.732080
0.732080
0.732080
0.732080
0.732080
0.732080
0.732080
0.732080
0.732080
0.732080
0.732080
0.732080
0.732080
0.732080
0.732080
0.732080
0.732080
0.732080
0.732080
0.732080
0.732080
0.732080
0.732080
0.732080
0.732080
0.732080
0.732080
0.732080
0.732080
0.732080
0.732080
0.732080
0.732080
0.732080
0.732080
0.732080
0.732080
0.732080
0.732080
0.732080
0.732080
0.732080
0.732080
0.732080
0.732080
0.732080
0.732080
0.732080
0.732080
0.732080
0.732080
0.732080
0.732080
0.732080
0.732080
0.732080
0.732080
0.732080
0.732080
0.732080
0.732080
0.732080
0.732080
0.732080
0.732080
0.732080
0.732080
0.732080
0.732080
0.732080
0.732080
0.732080
0.732080
0.732080
0.732080
0.732080
0.732080
0.732080
0.732080
0.732080
0.732080
0.732080
0.732080
0.732080
0.732080
0.732080
0.732080
0.732080
0.732080
0.732080
0.732080
0.732080
0.732080
0.732080
0.732080
0.732080
0.732080
0.732080
0.732080
0.732080
0.732080
0.732080
0.732080
0.732080
0.732080
0.732080
0.732080
0.732080
0.732080
0.732080
0.732080
0.732080
0.732080
0.732080
0.732080
0.732080
0.732080
0.732080
0.732080
0.732080
0.732080
0.732080
0.732080
0.732080
0.732080
0.732080
0.732080
0.732080
0.732080
0.732080
0.732080
0.732080
0.732080
0.732080
0.732080
0.732080
0.732080
0.732080
0.732080
0.732080
0.732080
0.732080
0.732080
0.732080
0.732080
0.732080
0.732080
0.732080
0.732080
0.732080
0.732080
0.732080
0.732080
0.732080
0.732080
0.732080
0.732080
0.732080
0.732080
0.732080
0.732080
0.732080
0.732080
0.732080
0.732080
0.732080
0.732080
0.732080
0.732080
0.732080
0.732080
0.732080
0.732080
0.732080
0.732080
0.732080
0.732080
0.732080
0.732080
0.732080
0.732080
0.732080
0.732080
0.732080
0.732080
0.732080
0.732080
0.732080
0.732080
0.732080
0.732080
0.732080
0.732080
0.732080
0.732080
0.732080
0.732080
0.732080
0.732080
0.732080
0.732080
0.732080
0.732080
0.732080
0.732080
0.732080
0.732080
0.732080
0.732080
0.732080
0.732080
0.732080
0.732080
0.732080
0.732080
0.732080
0.732080
0.732080
0.732080
0.732080
0.732080
0.732080
0.732080
0.732080
0.732080
0.732080
0.732080
0.732080
0.732080
0.732080
0.732080
0.732080
0.732080
0.732080
0.732080
0.732080
0.732080
0.732080
0.732080
0.732080
0.732080
0.732080
0.732080
0.732080
0.732080
0.732080
0.732080
0.732080
0.732080
0.732080
0.732080
0.732080
0.732080
0.732080
0.732080
0.732080
0.732080
0.732080
0.732080
0.732080
0.732080
0.732080
0.732080
0.732080
0.732080
0.732080
0.732080
0.732080
0.732080
0.732080
0.732080
0.732080
0.732080
0.732080
0.732080
0.732080
0.732080
0.732080
0.732080
0.732080
0.732080
0.732080
0.732080
0.732080
0.732080
0.732080
0.732080
0.732080
0.732080
0.732080
0.732080
0.732080
0.732080
0.732080
0.732080
0.732080
0.732080
0.732080
0.732080
0.732080
0.732080
0.732080
0.732080
0.732080
0.732080
0.732080
0.732080
0.732080
0.732080
0.732080
0.732080
0.732080
0.732080
0.732080
0.732080
0.732080
0.732080
0.732080
0.732080
0.732080
0.732080
0.732080
0.732080
0.732080
0.732080
0.732080
0.732080
0.732080
0.732080
0.732080
0.732080
0.732080
0.732080
0.732080
0.732080
0.732080
0.732080
0.732080
0.732080
0.732080
0.732080
0.732080
0.732080
0.732080
0.732080
0.732080
0.732080
0.732080
0.732080
0.732080
0.732080
0.732080
0.732080
0.732080
0.732080
0.732080
0.732080
0.732080
0.732080
0.732080
0.732080
0.732080
0.732080
0.732080
0.732080
0.732080
0.732080
0.732080
0.732080
0.732080
0.732080
0.732080
0.732080
0.732080
0.732080
0.732080
0.732080
0.732080
0.732080
0.732080
0.732080
0.732080
0.732080
0.732080
0.732080
0.732080
0.732080
0.732080
0.732080
0.732080
0.732080
0.732080
0.732080
0.732080
0.732080
0.732080
0.732080
0.732080
0.732080
0.732080
0.732080
0.732080
0.732080
0.732080
0.732080
0.732080
0.732080
0.732080
0.732080
0.732080
0.732080
0.732080
0.732080
0.732080
0.732080
0.732080
0.732080
0.732080
0.732080
0.732080
0.732080
0.732080
0.732080
0.732080
0.732080
0.732080
0.732080
0.732080
0.732080
0.732080
0.732080
0.732080
0.732080
0.732080
0.732080
0.732080
0.732080
0.732080
0.732080
0.732080
0.732080
0.732080
0.732080
0.732080
0.732080
0.732080
0.732080
0.732080
0.732080
0.732080
0.732080
0.732080
0.732080
0.732080
0.732080
0.732080
0.732080
0.732080
0.732080
0.732080
0.732080
0.732080
0.732080
0.732080
0.732080
0.732080
0.732080
0.732080
0.732080
0.732080
0.732080
0.732080
0.732080
0.732080
0.732080
0.732080
0.732080
0.732080
0.732080
0.732080
0.732080
0.732080
0.732080
0.732080
0.732080
0.732080
0.732080
0.732080
0.732080
0.732080
0.732080
0.732080
0.732080
0.732080
0.732080
0.732080
0.732080
0.732080
0.732080
0.732080
0.732080
0.732080
0.732080
0.732080
0.732080
0.732080
0.732080
0.732080
0.732080
0.732080
0.732080
0.732080
0.732080
0.732080
0.732080
0.732080
0.732080
0.732080
0.732080
0.732080
0.732080
0.732080
0.732080
0.732080
0.732080
0.732080
0.732080
0.732080
0.732080
0.732080
0.732080
0.732080
0.732080
0.732080
0.732080
0.732080
0.732080
0.732080
0.732080
0.732080
0.732080
0.732080
0.732080
0.732080
0.732080
0.732080
0.732080
0.732080
0.732080
0.732080
0.732080
0.732080
0.732080
0.732080
0.732080
0.732080
0.732080
0.732080
0.732080
0.732080
0.732080
0.732080
0.732080
0.732080
0.732080
0.732080
0.732080
0.732080
0.732080
0.732080
0.732080
0.732080
0.732080
0.732080
0.732080
0.732080
0.732080
0.732080
0.732080
0.732080
0.732080
0.732080
0.732080
0.732080
0.732080
0.732080
0.732080
0.732080
0.732080
0.732080
0.732080
0.732080
0.732080
0.732080
0.732080
0.732080
0.732080
0.732080
0.732080
0.732080
0.732080
0.732080
0.732080
0.732080
0.732080
0.732080
0.732080
0.732080
0.732080
0.732080
0.732080
0.732080
0.732080
0.732080
0.732080
0.732080
0.732080
0.732080
0.732080
0.732080
0.732080
0.732080
0.732080
0.732080
0.732080
0.732080
0.732080
0.732080
0.732080
0.732080
0.732080
0.732080
0.732080
0.732080
0.732080
0.732080
0.732080
0.732080
0.732080
0.732080
0.732080
0.732080
0.732080
0.732080
0.732080
0.732080
0.732080
0.732080
0.732080
0.732080
0.732080
0.732080
0.732080
0.732080
0.732080
0.732080
0.732080
0.732080
0.732080
0.732080
0.732080
0.732080
0.732080
0.732080
0.732080
0.732080
0.732080
0.732080
0.732080
0.732080
0.732080
0.732080
0.732080
0.732080
0.732080
0.732080
0.732080
0.732080
0.732080
0.732080
0.732080
0.732080
0.732080
0.732080
0.732080
0.732080
0.732080
0.732080
0.732080
0.732080
0.732080
0.732080
0.732080
0.732080
0.732080
0.732080
0.732080
0.732080
0.732080
0.732080
0.732080
0.732080
0.732080
0.732080
0.732080
0.732080
0.732080
0.732080
0.732080
0.732080
0.732080
0.732080
0.732080
0.732080
0.732080
0.732080
0.732080
0.732080
0.732080
0.732080
0.732080
0.732080
0.732080
0.732080
0.732080
0.732080
0.732080
0.732080
0.732080
0.732080
0.732080
0.732080
0.732080
0.732080
0.732080
0.732080
0.732080
0.732080
0.732080
0.732080
0.732080
0.732080
0.732080
0.732080
0.732080
0.732080
0.732080
0.732080
0.732080
0.732080
0.732080
0.732080
0.732080
0.732080
0.732080
0.732080
0.732080
0.732080
0.732080
0.732080
0.732080
0.732080
0.732080
0.732080
0.732080
0.732080
0.732080
0.732080
0.732080
0.732080
0.732080
0.732080
0.732080
0.732080
0.732080
0.732080
0.732080
0.732080
0.732080
0.732080
0.732080
0.732080
0.732080
0.732080
0.732080
0.732080
0.732080
0.732080
0.732080
0.732080
0.732080
0.732080
0.732080
0.732080
0.732080
0.732080
0.732080
0.732080
0.732080
0.732080
0.732080
0.732080
0.732080
0.732080
0.732080
0.732080
0.732080
0.732080
0.732080
0.732080
0.732080
0.732080
0.732080
0.732080
0.732080
0.732080
0.732080
0.732080
0.732080
0.732080
0.732080
0.732080
0.732080
0.732080
0.732080
0.732080
0.732080
0.732080
0.732080
0.732080
0.732080
0.732080
0.732080
0.732080
0.732080
0.732080
0.732080
0.732080
0.732080
0.732080
0.732080
0.732080
0.732080
0.732080
0.732080
0.732080
0.732080
0.732080
0.732080
0.732080
0.732080
0.732080
0.732080
0.732080
0.732080
0.732080
0.732080
0.732080
0.732080
0.732080
0.732080
0.732080
0.732080
0.732080
0.732080
0.732080
0.732080
0.732080
0.732080
0.732080
0.732080
0.732080
0.732080
0.732080
0.732080
0.732080
0.732080
0.732080
0.732080
0.732080
0.732080
0.732080
0.732080
0.732080
0.732080
0.732080
0.732080
0.732080
0.732080
0.732080
0.732080
0.732080
0.732080
0.732080
0.732080
0.732080
0.732080
0.732080
0.732080
0.732080
0.732080
0.732080
0.732080
0.732080
0.732080
0.732080
0.732080
0.732080
0.732080
0.732080
0.732080
0.732080
0.732080
0.732080
0.732080
0.732080
0.732080
0.732080
0.732080
0.732080
0.732080
0.732080
0.732080
0.732080
0.732080
0.732080
0.732080
0.732080
0.732080
0.732080
0.732080
0.732080
0.732080
0.732080
0.732080
0.732080
0.732080
0.732080
0.732080
0.732080
0.732080
0.732080
0.732080
0.732080
0.732080
0.732080
0.732080
0.732080
0.732080
0.732080
0.732080
0.732080
0.732080
0.732080
0.732080
0.732080
0.732080
0.732080
0.732080
0.732080
0.732080
0.732080
0.732080
0.732080
0.732080
0.732080
0.732080
0.732080
0.732080
0.732080
0.732080
0.732080
0.732080
0.732080
0.732080
0.732080
0.732080
0.732080
0.732080
0.732080
0.732080
0.732080
0.732080
0.732080
0.732080
0.732080
0.732080
0.732080
0.732080
0.732080
0.732080
0.732080
0.732080
0.732080
0.732080
0.732080
0.732080
0.732080
0.732080
0.732080
0.732080
0.732080
0.732080
0.732080
0.732080
0.732080
0.732080
0.732080
0.732080
0.732080
0.732080
0.732080
0.732080
0.732080
0.732080
0.732080
0.732080
0.732080
0.732080
0.732080
0.732080
0.732080
0.732080
0.732080
0.732080
0.732080
0.732080
0.732080
0.732080
0.732080
0.732080
0.732080
0.732080
0.732080
0.732080
0.732080
0.732080
0.732080
0.732080
0.732080
0.732080
0.732080
0.732080
0.732080
0.732080
0.732080
0.732080
0.732080
0.732080
0.732080
0.732080
0.732080
0.732080
0.732080
0.732080
0.732080
0.732080
0.732080
0.732080
0.732080
0.732080
0.732080
0.732080
0.732080
0.732080
0.732080
0.732080
0.732080
0.732080
0.732080
0.732080
0.732080
0.732080
0.732080
0.732080
0.732080
0.732080
0.732080
0.732080
0.732080
0.732080
0.732080
0.732080
0.732080
0.732080
0.732080
0.732080
0.732080
0.732080
0.732080
0.732080
0.732080
0.732080
0.732080
0.732080
0.732080
0.732080
0.732080
0.732080
0.732080
0.732080
0.732080
0.732080
0.732080
0.732080
0.732080
0.732080
0.732080
0.732080
0.732080
0.732080
0.732080
0.732080
0.732080
0.732080
0.732080
0.732080
0.732080
0.732080
0.732080
0.732080
0.732080
0.732080
0.732080
0.732080
0.732080
0.732080
0.732080
0.732080
0.732080
0.732080
0.732080
0.732080
0.732080
0.732080
0.732080
0.732080
0.732080
0.732080
0.732080
0.732080
0.732080
0.732080
0.732080
0.732080
0.732080
0.732080
0.732080
0.732080
0.732080
0.732080
0.732080
0.732080
0.732080
0.732080
0.732080
0.732080
0.732080
0.732080
0.732080
0.732080
0.732080
0.732080
0.732080
0.732080
0.732080
0.732080
0.732080
0.732080
0.732080
0.732080
0.732080
0.732080
0.732080
0.732080
0.732080
0.732080
0.732080
0.732080
0.732080
0.732080
0.732080
0.732080
0.732080
0.732080
0.732080
0.732080
0.732080
0.732080
0.732080
0.732080
0.732080
0.732080
0.732080
0.732080
0.732080
0.732080
0.732080
0.732080
0.732080
0.732080
0.732080
0.732080
0.732080
0.732080
0.732080
0.732080
0.732080
0.732080
0.732080
0.732080
0.732080
0.732080
0.732080
0.732080
0.732080
0.732080
0.732080
0.732080
0.732080
0.732080
0.732080
0.732080
0.732080
0.732080
0.732080
0.732080
0.732080
0.732080
0.732080
0.732080
0.732080
0.732080
0.732080
0.732080
0.732080
0.732080
0.732080
0.732080
0.732080
0.732080
0.732080
0.732080
0.732080
0.732080
0.732080
0.732080
0.732080
0.732080
0.732080
0.732080
0.732080
0.732080
0.732080
0.732080
0.732080
0.732080
0.732080
0.732080
0.732080
0.732080
0.732080
0.732080
0.732080
0.732080
0.732080
0.732080
0.732080
0.732080
0.732080
0.732080
0.732080
0.732080
0.732080
0.732080
0.732080
0.732080
0.732080
0.732080
0.732080
0.732080
0.732080
0.732080
0.732080
0.732080
0.732080
0.732080
0.732080
0.732080
0.732080
0.732080
0.732080
0.732080
0.732080
0.732080
0.732080
0.732080
0.732080
0.732080
0.732080
0.732080
0.732080
0.732080
0.732080
0.732080
0.732080
0.732080
0.732080
0.732080
0.732080
0.732080
0.732080
0.732080
0.732080
0.732080
0.732080
0.732080
0.732080
0.732080
0.732080
0.732080
0.732080
0.732080
0.732080
0.732080
0.732080
0.732080
0.732080
0.732080
0.732080
0.732080
0.732080
0.732080
0.732080
0.732080
0.732080
0.732080
0.732080
0.732080
0.732080
0.732080
0.732080
0.732080
0.732080
0.732080
0.732080
0.732080
0.732080
0.732080
0.732080
0.732080
0.732080
0.732080
0.732080
0.732080
0.732080
0.732080
0.732080
0.732080
0.732080
0.732080
0.732080
0.732080
0.732080
0.732080
0.732080
0.732080
0.732080
0.732080
0.732080
0.732080
0.732080
0.732080
0.732080
0.732080
0.732080
0.732080
0.732080
0.732080
0.732080
0.732080
0.732080
0.732080
0.732080
0.732080
0.732080
0.732080
0.732080
0.732080
0.732080
0.732080
0.732080
0.732080
0.732080
0.732080
0.732080
0.732080
0.732080
0.732080
0.732080
0.732080
0.732080
0.732080
0.732080
0.732080
0.732080
0.732080
0.732080
0.732080
0.732080
0.732080
0.732080
0.732080
0.732080
0.732080
0.732080
0.732080
0.732080
0.732080
0.732080
0.732080
0.732080
0.732080
0.732080
0.732080
0.732080
0.732080
0.732080
0.732080
0.732080
0.732080
0.732080
0.732080
0.732080
0.732080
0.732080
0.732080
0.732080
0.732080
0.732080
0.732080
0.732080
0.732080
0.732080
0.732080
0.732080
0.732080
0.732080
0.732080
0.732080
0.732080
0.732080
0.732080
0.732080
0.732080
0.732080
0.732080
0.732080
0.732080
0.732080
0.732080
0.732080
0.732080
0.732080
0.732080
0.732080
0.732080
0.732080
0.732080
0.732080
0.732080
0.732080
0.732080
0.732080
0.732080
0.732080
0.732080
0.732080
0.732080
0.732080
0.732080
0.732080
0.732080
0.732080
0.732080
0.732080
0.732080
0.732080
0.732080
0.732080
0.732080
0.732080
0.732080
0.732080
0.732080
0.732080
0.732080
0.732080
0.732080
0.732080
0.732080
0.732080
0.732080
0.732080
0.732080
0.732080
0.732080
0.732080
0.732080
0.732080
0.732080
0.732080
0.732080
0.732080
0.732080
0.732080
0.732080
0.732080
0.732080
0.732080
0.732080
0.732080
0.732080
0.732080
0.732080
0.732080
0.732080
0.732080
0.732080
0.732080
0.732080
0.732080
0.732080
0.732080
0.732080
0.732080
0.732080
0.732080
0.732080
0.732080
0.732080
0.732080
0.732080
0.732080
0.732080
0.732080
0.732080
0.732080
0.732080
0.732080
0.732080
0.732080
0.732080
0.732080
0.732080
0.732080
0.732080
0.732080
0.732080
0.732080
0.732080
0.732080
0.732080
0.732080
0.732080
0.732080
0.732080
0.732080
0.732080
0.732080
0.732080
0.732080
0.732080
0.732080
0.732080
0.732080
0.732080
0.732080
0.732080
0.732080
0.732080
0.732080
0.732080
0.732080
0.732080
0.732080
0.732080
0.732080
0.732080
0.732080
0.732080
0.732080
0.732080
0.732080
0.732080
0.732080
0.732080
0.732080
0.732080
0.732080
0.732080
0.732080
0.732080
0.732080
0.732080
0.732080
0.732080
0.732080
0.732080
0.732080
0.732080
0.732080
0.732080
0.732080
0.732080
0.732080
0.732080
0.732080
0.732080
0.732080
0.732080
0.732080
0.732080
0.732080
0.732080
0.732080
0.732080
0.732080
0.732080
0.732080
0.732080
0.732080
0.732080
0.732080
0.732080
0.732080
0.732080
0.732080
0.732080
0.732080
0.732080
0.732080
0.732080
0.732080
0.732080
0.732080
0.732080
0.732080
0.732080
0.732080
0.732080
0.732080
0.732080
0.732080
0.732080
0.732080
0.732080
0.732080
0.732080
0.732080
0.732080
0.732080
0.732080
0.732080
0.732080
0.732080
0.732080
0.732080
0.732080
0.732080
0.732080
0.732080
0.732080
0.732080
0.732080
0.732080
0.732080
0.732080
0.732080
0.732080
0.732080
0.732080
0.732080
0.732080
0.732080
0.732080
0.732080
0.732080
0.732080
0.732080
0.732080
0.732080
0.732080
0.732080
0.732080
0.732080
0.732080
0.732080
0.732080
0.732080
0.732080
0.732080
0.732080
0.732080
0.732080
0.732080
0.732080
0.732080
0.732080
0.732080
0.732080
0.732080
0.732080
0.732080
0.732080
0.732080
0.732080
0.732080
0.732080
0.732080
0.732080
0.732080
0.732080
0.732080
0.732080
0.732080
0.732080
0.732080
0.732080
0.732080
0.732080
0.732080
0.732080
0.732080
0.732080
0.732080
0.732080
0.732080
0.732080
0.732080
0.732080
0.732080
0.732080
0.732080
0.732080
0.732080
0.732080
0.732080
0.732080
0.732080
0.732080
0.732080
0.732080
0.732080
0.732080
0.732080
0.732080
0.732080
0.732080
0.732080
0.732080
0.732080
0.732080
0.732080
0.732080
0.732080
0.732080
0.732080
0.732080
0.732080
0.732080
0.732080
0.732080
0.732080
0.732080
0.732080
0.732080
0.732080
0.732080
0.732080
0.732080
0.732080
0.732080
0.732080
0.732080
0.732080
0.732080
0.732080
0.732080
0.732080
0.732080
0.732080
0.732080
0.732080
0.732080
0.732080
0.732080
0.732080
0.732080
0.732080
0.732080
0.732080
0.732080
0.732080
0.732080
0.732080
0.732080
0.732080
0.732080
0.732080
0.732080
0.732080
0.732080
0.732080
0.732080
0.732080
0.732080
0.732080
0.732080
0.732080
0.732080
0.732080
0.732080
0.732080
0.732080
0.732080
0.732080
0.732080
0.732080
0.732080
0.732080
0.732080
0.732080
0.732080
0.732080
0.732080
0.732080
0.732080
0.732080
0.732080
0.732080
0.732080
0.732080
0.732080
0.732080
0.732080
0.732080
0.732080
0.732080
0.732080
0.732080
0.732080
0.732080
0.732080
0.732080
0.732080
0.732080
0.732080
0.732080
0.732080
0.732080
0.732080
0.732080
0.732080
0.732080
0.732080
0.732080
0.732080
0.732080
0.732080
0.732080
0.732080
0.732080
0.732080
0.732080
0.732080
0.732080
0.732080
0.732080
0.732080
0.732080
0.732080
0.732080
0.732080
0.732080
0.732080
0.732080
0.732080
0.732080
0.732080
0.732080
0.732080
0.732080
0.732080
0.732080
0.732080
0.732080
0.732080
0.732080
0.732080
0.732080
0.732080
0.732080
0.732080
0.732080
0.732080
0.732080
0.732080
0.732080
0.732080
0.732080
0.732080
0.732080
0.732080
0.732080
0.732080
0.732080
0.732080
0.732080
0.732080
0.732080
0.732080
0.732080
0.732080
0.732080
0.732080
0.732080
0.732080
0.732080
0.732080
0.732080
0.732080
0.732080
0.732080
0.732080
0.732080
0.732080
0.732080
0.732080
0.732080
0.732080
0.732080
0.732080
0.732080
0.732080
0.732080
0.732080
0.732080
0.732080
0.732080
0.732080
0.732080
0.732080
0.732080
0.732080
0.732080
0.732080
0.732080
0.732080
0.732080
0.732080
0.732080
0.732080
0.732080
0.732080
0.732080
0.732080
0.732080
0.732080
0.732080
0.732080
0.732080
0.732080
0.732080
0.732080
0.732080
0.732080
0.732080
0.732080
0.732080
0.732080
0.732080
0.732080
0.732080
0.732080
0.732080
0.732080
0.732080
0.732080
0.732080
0.732080
0.732080
0.732080
0.732080
0.732080
0.732080
0.732080
0.732080
0.732080
0.732080
0.732080
0.732080
0.732080
0.732080
0.732080
0.732080
0.732080
0.732080
0.732080
0.732080
0.732080
0.732080
0.732080
0.732080
0.732080
0.732080
0.732080
0.732080
0.732080
0.732080
0.732080
0.732080
0.732080
0.732080
0.732080
0.732080
0.732080
0.732080
0.732080
0.732080
0.732080
0.732080
0.732080
0.732080
0.732080
0.732080
0.732080
0.732080
0.732080
0.732080
0.732080
0.732080
0.732080
0.732080
0.732080
0.732080
0.732080
0.732080
0.732080
0.732080
0.732080
0.732080
0.732080
0.732080
0.732080
0.732080
0.732080
0.732080
0.732080
0.732080
0.732080
0.732080
0.732080
0.732080
0.732080
0.732080
0.732080
0.732080
0.732080
0.732080
0.732080
0.732080
0.732080
0.732080
0.732080
0.732080
0.732080
0.732080
0.732080
0.732080
0.732080
0.732080
0.732080
0.732080
0.732080
0.732080
0.732080
0.732080
0.732080
0.732080
0.732080
0.732080
0.732080
0.732080
0.732080
0.732080
0.732080
0.732080
0.732080
0.732080
0.732080
0.732080
0.732080
0.732080
0.732080
0.732080
0.732080
0.732080
0.732080
0.732080
0.732080
0.732080
0.732080
0.732080
0.732080
0.732080
0.732080
0.732080
0.732080
0.732080
0.732080
0.732080
0.732080
0.732080
0.732080
0.732080
0.732080
0.732080
0.732080
0.732080
0.732080
0.732080
0.732080
0.732080
0.732080
0.732080
0.732080
0.732080
0.732080
0.732080
0.732080
0.732080
0.732080
0.732080
0.732080
0.732080
0.732080
0.732080
0.732080
0.732080
0.732080
0.732080
0.732080
0.732080
0.732080
0.732080
0.732080
0.732080
0.732080
0.732080
0.732080
0.732080
0.732080
0.732080
0.732080
0.732080
0.732080
0.732080
0.732080
0.732080
0.732080
0.732080
0.732080
0.732080
0.732080
0.732080
0.732080
0.732080
0.732080
0.732080
0.732080
0.732080
0.732080
0.732080
0.732080
0.732080
0.732080
0.732080
0.732080
0.732080
0.732080
0.732080
0.732080
0.732080
0.732080
0.732080
0.732080
0.732080
0.732080
0.732080
0.732080
0.732080
0.732080
0.732080
0.732080
0.732080
0.732080
0.732080
0.732080
0.732080
0.732080
0.732080
0.732080
0.732080
0.732080
0.732080
0.732080
0.732080
0.732080
0.732080
0.732080
0.732080
0.732080
0.732080
0.732080
0.732080
0.732080
0.732080
0.732080
0.732080
0.732080
0.732080
0.732080
0.732080
0.732080
0.732080
0.732080
0.732080
0.732080
0.732080
0.732080
0.732080
0.732080
0.732080
0.732080
0.732080
0.732080
0.732080
0.732080
0.732080
0.732080
0.732080
0.732080
0.732080
0.732080
0.732080
0.732080
0.732080
0.732080
0.732080
0.732080
0.732080
0.732080
0.732080
0.732080
0.732080
0.732080
0.732080
0.732080
0.732080
0.732080
0.732080
0.732080
0.732080
0.732080
0.732080
0.732080
0.732080
0.732080
0.732080
0.732080
0.732080
0.732080
0.732080
0.732080
0.732080
0.732080
0.732080
0.732080
0.732080
0.732080
0.732080
0.732080
0.732080
0.732080
0.732080
0.732080
0.732080
0.732080
0.732080
0.732080
0.732080
0.732080
0.732080
0.732080
0.732080
0.732080
0.732080
0.732080
0.732080
0.732080
0.732080
0.732080
0.732080
0.732080
0.732080
0.732080
0.732080
0.732080
0.732080
0.732080
0.732080
0.732080
0.732080
0.732080
0.732080
0.732080
0.732080
0.732080
0.732080
0.732080
0.732080
0.732080
0.732080
0.732080
0.732080
0.732080
0.732080
0.732080
0.732080
0.732080
0.732080
0.732080
0.732080
0.732080
0.732080
0.732080
0.732080
0.732080
0.732080
0.732080
0.732080
0.732080
0.732080
0.732080
0.732080
0.732080
0.732080
0.732080
0.732080
0.732080
0.732080
0.732080
0.732080
0.732080
0.732080
0.732080
0.732080
0.732080
0.732080
0.732080
0.732080
0.732080
0.732080
0.732080
0.732080
0.732080
0.732080
0.732080
0.732080
0.732080
0.732080
0.732080
0.732080
0.732080
0.732080
0.732080
0.732080
0.732080
0.732080
0.732080
0.732080
0.732080
0.732080
0.732080
0.732080
0.732080
0.732080
0.732080
0.732080
0.732080
0.732080
0.732080
0.732080
0.732080
0.732080
0.732080
0.732080
0.732080
0.732080
0.732080
0.732080
0.732080
0.732080
0.732080
0.732080
0.732080
0.732080
0.732080
0.732080
0.732080
0.732080
0.732080
0.732080
0.732080
0.732080
0.732080
0.732080
0.732080
0.732080
0.732080
0.732080
0.732080
0.732080
0.732080
0.732080
0.732080
0.732080
0.732080
0.732080
0.732080
0.732080
0.732080
0.732080
0.732080
0.732080
0.732080
0.732080
0.732080
0.732080
0.732080
0.732080
0.732080
0.732080
0.732080
0.732080
0.732080
0.732080
0.732080
0.732080
0.732080
0.732080
0.732080
0.732080
0.732080
0.732080
0.732080
0.732080
0.732080
0.732080
0.732080
0.732080
0.732080
0.732080
0.732080
0.732080
0.732080
0.732080
0.732080
0.732080
0.732080
0.732080
0.732080
0.732080
0.732080
0.732080
0.732080
0.732080
0.732080
0.732080
0.732080
0.732080
0.732080
0.732080
0.732080
0.732080
0.732080
0.732080
0.732080
0.732080
0.732080
0.732080
0.732080
0.732080
0.732080
0.732080
0.732080
0.732080
0.732080
0.732080
0.732080
0.732080
0.732080
0.732080
0.732080
0.732080
0.732080
0.732080
0.732080
0.732080
0.732080
0.732080
0.732080
0.732080
0.732080
0.732080
0.732080
0.732080
0.732080
0.732080
0.732080
0.732080
0.732080
0.732080
0.732080
0.732080
0.732080
0.732080
0.732080
0.732080
0.732080
0.732080
0.732080
0.732080
0.732080
0.732080
0.732080
0.732080
0.732080
0.732080
0.732080
0.732080
0.732080
0.732080
0.732080
0.732080
0.732080
0.732080
0.732080
0.732080
0.732080
0.732080
0.732080
0.732080
0.732080
0.732080
0.732080
0.732080
0.732080
0.732080
0.732080
0.732080
0.732080
0.732080
0.732080
0.732080
0.732080
0.732080
0.732080
0.732080
0.732080
0.732080
0.732080
0.732080
0.732080
0.732080
0.732080
0.732080
0.732080
0.732080
0.732080
0.732080
0.732080
0.732080
0.732080
0.732080
0.732080
0.732080
0.732080
0.732080
0.732080
0.732080
0.732080
0.732080
0.732080
0.732080
0.732080
0.732080
0.732080
0.732080
0.732080
0.732080
0.732080
0.732080
0.732080
0.732080
0.732080
0.732080
0.732080
0.732080
0.732080
0.732080
0.732080
0.732080
0.732080
0.732080
0.732080
0.732080
0.732080
0.732080
0.732080
0.732080
0.732080
0.732080
0.732080
0.732080
0.732080
0.732080
0.732080
0.732080
0.732080
0.732080
0.732080
0.732080
0.732080
0.732080
0.732080
0.732080
0.732080
0.732080
0.732080
0.732080
0.732080
0.732080
0.732080
0.732080
0.732080
0.732080
0.732080
0.732080
0.732080
0.732080
0.732080
0.732080
0.732080
0.732080
0.732080
0.732080
0.732080
0.732080
0.732080
0.732080
0.732080
0.732080
0.732080
0.732080
0.732080
0.732080
0.732080
0.732080
0.732080
0.732080
0.732080
0.732080
0.732080
0.732080
0.732080
0.732080
0.732080
0.732080
0.732080
0.732080
0.732080
0.732080
0.732080
0.732080
0.732080
0.732080
0.732080
0.732080
0.732080
0.732080
0.732080
0.732080
0.732080
0.732080
0.732080
0.732080
0.732080
0.732080
0.732080
0.732080
0.732080
0.732080
0.732080
0.732080
0.732080
0.732080
0.732080
0.732080
0.732080
0.732080
0.732080
0.732080
0.732080
0.732080
0.732080
0.732080
0.732080
0.732080
0.732080
0.732080
0.732080
0.732080
0.732080
0.732080
0.732080
0.732080
0.732080
0.732080
0.732080
0.732080
0.732080
0.732080
0.732080
0.732080
0.732080
0.732080
0.732080
0.732080
0.732080
0.732080
0.732080
0.732080
0.732080
0.732080
0.732080
0.732080
0.732080
0.732080
0.732080
0.732080
0.732080
0.732080
0.732080
0.732080
0.732080
0.732080
0.732080
0.732080
0.732080
0.732080
0.732080
0.732080
0.732080
0.732080
0.732080
0.732080
0.732080
0.732080
0.732080
0.732080
0.732080
0.732080
0.732080
0.732080
0.732080
0.732080
0.732080
0.732080
0.732080
0.732080
0.732080
0.732080
0.732080
0.732080
0.732080
0.732080
0.732080
0.732080
0.732080
0.732080
0.732080
0.732080
0.732080
0.732080
0.732080
0.732080
0.732080
0.732080
0.732080
0.732080
0.732080
0.732080
0.732080
0.732080
0.732080
0.732080
0.732080
0.732080
0.732080
0.732080
0.732080
0.732080
0.732080
0.732080
0.732080
0.732080
0.732080
0.732080
0.732080
0.732080
0.732080
0.732080
0.732080
0.732080
0.732080
0.732080
0.732080
0.732080
0.732080
0.732080
0.732080
0.732080
0.732080
0.732080
0.732080
0.732080
0.732080
0.732080
0.732080
0.732080
0.732080
0.732080
0.732080
0.732080
0.732080
0.732080
0.732080
0.732080
0.732080
0.732080
0.732080
0.732080
0.732080
0.732080
0.732080
0.732080
0.732080
0.732080
0.732080
0.732080
0.732080
0.732080
0.732080
0.732080
0.732080
0.732080
0.732080
0.732080
0.732080
0.732080
0.732080
0.732080
0.732080
0.732080
0.732080
0.732080
0.732080
0.732080
0.732080
0.732080
0.732080
0.732080
0.732080
0.732080
0.732080
0.732080
0.732080
0.732080
0.732080
0.732080
0.732080
0.732080
0.732080
0.732080
0.732080
0.732080
0.732080
0.732080
0.732080
0.732080
0.732080
0.732080
0.732080
0.732080
0.732080
0.732080
0.732080
0.732080
0.732080
0.732080
0.732080
0.732080
0.732080
0.732080
0.732080
0.732080
0.732080
0.732080
0.732080
0.732080
0.732080
0.732080
0.732080
0.732080
0.732080
0.732080
0.732080
0.732080
0.732080
0.732080
0.732080
0.732080
0.732080
0.732080
0.732080
0.732080
0.732080
0.732080
0.732080
0.732080
0.732080
0.732080
0.732080
0.732080
0.732080
0.732080
0.732080
0.732080
0.732080
0.732080
0.732080
0.732080
0.732080
0.732080
0.732080
0.732080
0.732080
0.732080
0.732080
0.732080
0.732080
0.732080
0.732080
0.732080
0.732080
0.732080
0.732080
0.732080
0.732080
0.732080
0.732080
0.732080
0.732080
0.732080
0.732080
0.732080
0.732080
0.732080
0.732080
0.732080
0.732080
0.732080
0.732080
0.732080
0.732080
0.732080
0.732080
0.732080
0.732080
0.732080
0.732080
0.732080
0.732080
0.732080
0.732080
0.732080
0.732080
0.732080
0.732080
0.732080
0.732080
0.732080
0.732080
0.732080
0.732080
0.732080
0.732080
0.732080
0.732080
0.732080
0.732080
0.732080
0.732080
0.732080
0.732080
0.732080
0.732080
0.732080
0.732080
0.732080
0.732080
0.732080
0.732080
0.732080
0.732080
0.732080
0.732080
0.732080
0.732080
0.732080
0.732080
0.732080
0.732080
0.732080
0.732080
0.732080
0.732080
0.732080
0.732080
0.732080
0.732080
0.732080
0.732080
0.732080
0.732080
0.732080
0.732080
0.732080
0.732080
0.732080
0.732080
0.732080
0.732080
0.732080
0.732080
0.732080
0.732080
0.732080
0.732080
0.732080
0.732080
0.732080
0.732080
0.732080
0.732080
0.732080
0.732080
0.732080
0.732080
0.732080
0.732080
0.732080
0.732080
0.732080
0.732080
0.732080
0.732080
0.732080
0.732080
0.732080
0.732080
0.732080
0.732080
0.732080
0.732080
0.732080
0.732080
0.732080
0.732080
0.732080
0.732080
0.732080
0.732080
0.732080
0.732080
0.732080
0.732080
0.732080
0.732080
0.732080
0.732080
0.732080
0.732080
0.732080
0.732080
0.732080
0.732080
0.732080
0.732080
0.732080
0.732080
0.732080
0.732080
0.732080
0.732080
0.732080
0.732080
0.732080
0.732080
0.732080
0.732080
0.732080
0.732080
0.732080
0.732080
0.732080
0.732080
0.732080
0.732080
0.732080
0.732080
0.732080
0.732080
0.732080
0.732080
0.732080
0.732080
0.732080
0.732080
0.732080
0.732080
0.732080
0.732080
0.732080
0.732080
0.732080
0.732080
0.732080
0.732080
0.732080
0.732080
0.732080
0.732080
0.732080
0.732080
0.732080
0.732080
0.732080
0.732080
0.732080
0.732080
0.732080
0.732080
0.732080
0.732080
0.732080
0.732080
0.732080
0.732080
0.732080
0.732080
0.732080
0.732080
0.732080
0.732080
0.732080
0.732080
0.732080
0.732080
0.732080
0.732080
0.732080
0.732080
0.732080
0.732080
0.732080
0.732080
0.732080
0.732080
0.732080
0.732080
0.732080
0.732080
0.732080
0.732080
0.732080
0.732080
0.732080
0.732080
0.732080
0.732080
0.732080
0.732080
0.732080
0.732080
0.732080
0.732080
0.732080
0.732080
0.732080
0.732080
0.732080
0.732080
0.732080
0.732080
0.732080
0.732080
0.732080
0.732080
0.732080
0.732080
0.732080
0.732080
0.732080
0.732080
0.732080
0.732080
0.732080
0.732080
0.732080
0.732080
0.732080
0.732080
0.732080
0.732080
0.732080
0.732080
0.732080
0.732080
0.732080
0.732080
0.732080
0.732080
0.732080
0.732080
0.732080
0.732080
0.732080
0.732080
0.732080
0.732080
0.732080
0.732080
0.732080
0.732080
0.732080
0.732080
0.732080
0.732080
0.732080
0.732080
0.732080
0.732080
0.732080
0.732080
0.732080
0.732080
0.732080
0.732080
0.732080
0.732080
0.732080
0.732080
0.732080
0.732080
0.732080
0.732080
0.732080
0.732080
0.732080
0.732080
0.732080
0.732080
0.732080
0.732080
0.732080
0.732080
0.732080
0.732080
0.732080
0.732080
0.732080
0.732080
0.732080
0.732080
0.732080
0.732080
0.732080
0.732080
0.732080
0.732080
0.732080
0.732080
0.732080
0.732080
0.732080
0.732080
0.732080
0.732080
0.732080
0.732080
0.732080
0.732080
0.732080
0.732080
0.732080
0.732080
0.732080
0.732080
0.732080
0.732080
0.732080
0.732080
0.732080
0.732080
0.732080
0.732080
0.732080
0.732080
0.732080
0.732080
0.732080
0.732080
0.732080
0.732080
0.732080
0.732080
0.732080
0.732080
0.732080
0.732080
0.732080
0.732080
0.732080
0.732080
0.732080
0.732080
0.732080
0.732080
0.732080
0.732080
0.732080
0.732080
0.732080
0.732080
0.732080
0.732080
0.732080
0.732080
0.732080
0.732080
0.732080
0.732080
0.732080
0.732080
0.732080
0.732080
0.732080
0.732080
0.732080
0.732080
0.732080
0.732080
0.732080
0.732080
0.732080
0.732080
0.732080
0.732080
0.732080
0.732080
0.732080
0.732080
0.732080
0.732080
0.732080
0.732080
0.732080
0.732080
0.732080
0.732080
0.732080
0.732080
0.732080
0.732080
0.732080
0.732080
0.732080
0.732080
0.732080
0.732080
0.732080
0.732080
0.732080
0.732080
0.732080
0.732080
0.732080
0.732080
0.732080
0.732080
0.732080
0.732080
0.732080
0.732080
0.732080
0.732080
0.732080
0.732080
0.732080
0.732080
0.732080
0.732080
0.732080
0.732080
0.732080
0.732080
0.732080
0.732080
0.732080
0.732080
0.732080
0.732080
0.732080
0.732080
0.732080
0.732080
0.732080
0.732080
0.732080
0.732080
0.732080
0.732080
0.732080
0.732080
0.732080
0.732080
0.732080
0.732080
0.732080
0.732080
0.732080
0.732080
0.732080
0.732080
0.732080
0.732080
0.732080
0.732080
0.732080
0.732080
0.732080
0.732080
0.732080
0.732080
0.732080
0.732080
0.732080
0.732080
0.732080
0.732080
0.732080
0.732080
0.732080
0.732080
0.732080
0.732080
0.732080
0.732080
0.732080
0.732080
0.732080
0.732080
0.732080
0.732080
0.732080
0.732080
0.732080
0.732080
0.732080
0.732080
0.732080
0.732080
0.732080
0.732080
0.732080
0.732080
0.732080
0.732080
0.732080
0.732080
0.732080
0.732080
0.732080
0.732080
0.732080
0.732080
0.732080
0.732080
0.732080
0.732080
0.732080
0.732080
0.732080
0.732080
0.732080
0.732080
0.732080
0.732080
0.732080
0.732080
0.732080
0.732080
0.732080
0.732080
0.732080
0.732080
0.732080
0.732080
0.732080
0.732080
0.732080
0.732080
0.732080
0.732080
0.732080
0.732080
0.732080
0.732080
0.732080
0.732080
0.732080
0.732080
0.732080
0.732080
0.732080
0.732080
0.732080
0.732080
0.732080
0.732080
0.732080
0.732080
0.732080
0.732080
0.732080
0.732080
0.732080
0.732080
0.732080
0.732080
0.732080
0.732080
0.732080
0.732080
0.732080
0.732080
0.732080
0.732080
0.732080
0.732080
0.732080
0.732080
0.732080
0.732080
0.732080
0.732080
0.732080
0.732080
0.732080
0.732080
0.732080
0.732080
0.732080
0.732080
0.732080
0.732080
0.732080
0.732080
0.732080
0.732080
0.732080
0.732080
0.732080
0.732080
0.732080
0.732080
0.732080
0.732080
0.732080
0.732080
0.732080
0.732080
0.732080
0.732080
0.732080
0.732080
0.732080
0.732080
0.732080
0.732080
0.732080
0.732080
0.732080
0.732080
0.732080
0.732080
0.732080
0.732080
0.732080
0.732080
0.732080
0.732080
0.732080
0.732080
0.732080
0.732080
0.732080
0.732080
0.732080
0.732080
0.732080
0.732080
0.732080
0.732080
0.732080
0.732080
0.732080
0.732080
0.732080
0.732080
0.732080
0.732080
0.732080
0.732080
0.732080
0.732080
0.732080
0.732080
0.732080
0.732080
0.732080
0.732080
0.732080
0.732080
0.732080
0.732080
0.732080
0.732080
0.732080
0.732080
0.732080
0.732080
0.732080
0.732080
0.732080
0.732080
0.732080
0.732080
0.732080
0.732080
0.732080
0.732080
0.732080
0.732080
0.732080
0.732080
0.732080
0.732080
0.732080
0.732080
0.732080
0.732080
0.732080
0.732080
0.732080
0.732080
0.732080
0.732080
0.732080
0.732080
0.732080
0.732080
0.732080
0.732080
0.732080
0.732080
0.732080
0.732080
0.732080
0.732080
0.732080
0.732080
0.732080
0.732080
0.732080
0.732080
0.732080
0.732080
0.732080
0.732080
0.732080
0.732080
0.732080
0.732080
0.732080
0.732080
0.732080
0.732080
0.732080
0.732080
0.732080
0.732080
0.732080
0.732080
0.732080
0.732080
0.732080
0.732080
0.732080
0.732080
0.732080
0.732080
0.732080
0.732080
0.732080
0.732080
0.732080
0.732080
0.732080
0.732080
0.732080
0.732080
0.732080
0.732080
0.732080
0.732080
0.732080
0.732080
0.732080
0.732080
0.732080
0.732080
0.732080
0.732080
0.732080
0.732080
0.732080
0.732080
0.732080
0.732080
0.732080
0.732080
0.732080
0.732080
0.732080
0.732080
0.732080
0.732080
0.732080
0.732080
0.732080
0.732080
0.732080
0.732080
0.732080
0.732080
0.732080
0.732080
0.732080
0.732080
0.732080
0.732080
0.732080
0.732080
0.732080
0.732080
0.732080
0.732080
0.732080
0.732080
0.732080
0.732080
0.732080
0.732080
0.732080
0.732080
0.732080
0.732080
0.732080
0.732080
0.732080
0.732080
0.732080
0.732080
0.732080
0.732080
0.732080
0.732080
0.732080
0.732080
0.732080
0.732080
0.732080
0.732080
0.732080
0.732080
0.732080
0.732080
0.732080
0.732080
0.732080
0.732080
0.732080
0.732080
0.732080
0.732080
0.732080
0.732080
0.732080
0.732080
0.732080
0.732080
0.732080
0.732080
0.732080
0.732080
0.732080
0.732080
0.732080
0.732080
0.732080
0.732080
0.732080
0.732080
0.732080
0.732080
0.732080
0.732080
0.732080
0.732080
0.732080
0.732080
0.732080
0.732080
0.732080
0.732080
0.732080
0.732080
0.732080
0.732080
0.732080
0.732080
0.732080
0.732080
0.732080
0.732080
0.732080
0.732080
0.732080
0.732080
0.732080
0.732080
0.732080
0.732080
0.732080
0.732080
0.732080
0.732080
0.732080
0.732080
0.732080
0.732080
0.732080
0.732080
0.732080
0.732080
0.732080
0.732080
0.732080
0.732080
0.732080
0.732080
0.732080
0.732080
0.732080
0.732080
0.732080
0.732080
0.732080
0.732080
0.732080
0.732080
0.732080
0.732080
0.732080
0.732080
0.732080
0.732080
0.732080
0.732080
0.732080
0.732080
0.732080
0.732080
0.732080
0.732080
0.732080
0.732080
0.732080
0.732080
0.732080
0.732080
0.732080
0.732080
0.732080
0.732080
0.732080
0.732080
0.732080
0.732080
0.732080
0.732080
0.732080
0.732080
0.732080
0.732080
0.732080
0.732080
0.732080
0.732080
0.732080
0.732080
0.732080
0.732080
0.732080
0.732080
0.732080
0.732080
0.732080
0.732080
0.732080
0.732080
0.732080
0.732080
0.732080
0.732080
0.732080
0.732080
0.732080
0.732080
0.732080
0.732080
0.732080
0.732080
0.732080
0.732080
0.732080
0.732080
0.732080
0.732080
0.732080
0.732080
0.732080
0.732080
0.732080
0.732080
0.732080
0.732080
0.732080
0.732080
0.732080
0.732080
0.732080
0.732080
0.732080
0.732080
0.732080
0.732080
0.732080
0.732080
0.732080
0.732080
0.732080
0.732080
0.732080
0.732080
0.732080
0.732080
0.732080
0.732080
0.732080
0.732080
0.732080
0.732080
0.732080
0.732080
0.732080
0.732080
0.732080
0.732080
0.732080
0.732080
0.732080
0.732080
0.732080
0.732080
0.732080
0.732080
0.732080
0.732080
0.732080
0.732080
0.732080
0.732080
0.732080
0.732080
0.732080
0.732080
0.732080
0.732080
0.732080
0.732080
0.732080
0.732080
0.732080
0.732080
0.732080
0.732080
0.732080
0.732080
0.732080
0.732080
0.732080
0.732080
0.732080
0.732080
0.732080
0.732080
0.732080
0.732080
0.732080
0.732080
0.732080
0.732080
0.732080
0.732080
0.732080
0.732080
0.732080
0.732080
0.732080
0.732080
0.732080
0.732080
0.732080
0.732080
0.732080
0.732080
0.732080
0.732080
0.732080
0.732080
0.732080
0.732080
0.732080
0.732080
0.732080
0.732080
0.732080
0.732080
0.732080
0.732080
0.732080
0.732080
0.732080
0.732080
0.732080
0.732080
0.732080
0.732080
0.732080
0.732080
0.732080
0.732080
0.732080
0.732080
0.732080
0.732080
0.732080
0.732080
0.732080
0.732080
0.732080
0.732080
0.732080
0.732080
0.732080
0.732080
0.732080
0.732080
0.732080
0.732080
0.732080
0.732080
0.732080
0.732080
0.732080
0.732080
0.732080
0.732080
0.732080
0.732080
0.732080
0.732080
0.732080
0.732080
0.732080
0.732080
0.732080
0.732080
0.732080
0.732080
0.732080
0.732080
0.732080
0.732080
0.732080
0.732080
0.732080
0.732080
0.732080
0.732080
0.732080
0.732080
0.732080
0.732080
0.732080
0.732080
0.732080
0.732080
0.732080
0.732080
0.732080
0.732080
0.732080
0.732080
0.732080
0.732080
0.732080
0.732080
0.732080
0.732080
0.732080
0.732080
0.732080
0.732080
0.732080
0.732080
0.732080
0.732080
0.732080
0.732080
0.732080
0.732080
0.732080
0.732080
0.732080
0.732080
0.732080
0.732080
0.732080
0.732080
0.732080
0.732080
0.732080
0.732080
0.732080
0.732080
0.732080
0.732080
0.732080
0.732080
0.732080
0.732080
0.732080
0.732080
0.732080
0.732080
0.732080
0.732080
0.732080
0.732080
0.732080
0.732080
0.732080
0.732080
0.732080
0.732080
0.732080
0.732080
0.732080
0.732080
0.732080
0.732080
0.732080
0.732080
0.732080
0.732080
0.732080
0.732080
0.732080
0.732080
0.732080
0.732080
0.732080
0.732080
0.732080
0.732080
0.732080
0.732080
0.732080
0.732080
0.732080
0.732080
0.732080
0.732080
0.732080
0.732080
0.732080
0.732080
0.732080
0.732080
0.732080
0.732080
0.732080
0.732080
0.732080
0.732080
0.732080
0.732080
0.732080
0.732080
0.732080
0.732080
0.732080
0.732080
0.732080
0.732080
0.732080
0.732080
0.732080
0.732080
0.732080
0.732080
0.732080
0.732080
0.732080
0.732080
0.732080
0.732080
0.732080
0.732080
0.732080
0.732080
0.732080
0.732080
0.732080
0.732080
0.732080
0.732080
0.732080
0.732080
0.732080
0.732080
0.732080
0.732080
0.732080
0.732080
0.732080
0.732080
0.732080
0.732080
0.732080
0.732080
0.732080
0.732080
0.732080
0.732080
0.732080
0.732080
0.732080
0.732080
0.732080
0.732080
0.732080
0.732080
0.732080
0.732080
0.732080
0.732080
0.732080
0.732080
0.732080
0.732080
0.732080
0.732080
0.732080
0.732080
0.732080
0.732080
0.732080
0.732080
0.732080
0.732080
0.732080
0.732080
0.732080
0.732080
0.732080
0.732080
0.732080
0.732080
0.732080
0.732080
0.732080
0.732080
0.732080
0.732080
0.732080
0.732080
0.732080
0.732080
0.732080
0.732080
0.732080
0.732080
0.732080
0.732080
0.732080
0.732080
0.732080
0.732080
0.732080
0.732080
0.732080
0.732080
0.732080
0.732080
0.732080
0.732080
0.732080
0.732080
0.732080
0.732080
0.732080
0.732080
0.732080
0.732080
0.732080
0.732080
0.732080
0.732080
0.732080
0.732080
0.732080
0.732080
0.732080
0.732080
0.732080
0.732080
0.732080
0.732080
0.732080
0.732080
0.732080
0.732080
0.732080
0.732080
0.732080
0.732080
0.732080
0.732080
0.732080
0.732080
0.732080
0.732080
0.732080
0.732080
0.732080
0.732080
0.732080
0.732080
0.732080
0.732080
0.732080
0.732080
0.732080
0.732080
0.732080
0.732080
0.732080
0.732080
0.732080
0.732080
0.732080
0.732080
0.732080
0.732080
0.732080
0.732080
0.732080
0.732080
0.732080
0.732080
0.732080
0.732080
0.732080
0.732080
0.732080
0.732080
0.732080
0.732080
0.732080
0.732080
0.732080
0.732080
0.732080
0.732080
0.732080
0.732080
0.732080
0.732080
0.732080
0.732080
0.732080
0.732080
0.732080
0.732080
0.732080
0.732080
0.732080
0.732080
0.732080
0.732080
0.732080
0.732080
0.732080
0.732080
0.732080
0.732080
0.732080
0.732080
0.732080
0.732080
0.732080
0.732080
0.732080
0.732080
0.732080
0.732080
0.732080
0.732080
0.732080
0.732080
0.732080
0.732080
0.732080
0.732080
0.732080
0.732080
0.732080
0.732080
0.732080
0.732080
0.732080
0.732080
0.732080
0.732080
0.732080
0.732080
0.732080
0.732080
0.732080
0.732080
0.732080
0.732080
0.732080
0.732080
0.732080
0.732080
0.732080
0.732080
0.732080
0.732080
0.732080
0.732080
0.732080
0.732080
0.732080
0.732080
0.732080
0.732080
0.732080
0.732080
0.732080
0.732080
0.732080
0.732080
0.732080
0.732080
0.732080
0.732080
0.732080
0.732080
0.732080
0.732080
0.732080
0.732080
0.732080
0.732080
0.732080
0.732080
0.732080
0.732080
0.732080
0.732080
0.732080
0.732080
0.732080
0.732080
0.732080
0.732080
0.732080
0.732080
0.732080
0.732080
0.732080
0.732080
0.732080
0.732080
0.732080
0.732080
0.732080
0.732080
0.732080
0.732080
0.732080
0.732080
0.732080
0.732080
0.732080
0.732080
0.732080
0.732080
0.732080
0.732080
0.732080
0.732080
0.732080
0.732080
0.732080
0.732080
0.732080
0.732080
0.732080
0.732080
0.732080
0.732080
0.732080
0.732080
0.732080
0.732080
0.732080
0.732080
0.732080
0.732080
0.732080
0.732080
0.732080
0.732080
0.732080
0.732080
0.732080
0.732080
0.732080
0.732080
0.732080
0.732080
0.732080
0.732080
0.732080
0.732080
0.732080
0.732080
0.732080
0.732080
0.732080
0.732080
0.732080
0.732080
0.732080
0.732080
0.732080
0.732080
0.732080
0.732080
0.732080
0.732080
0.732080
0.732080
0.732080
0.732080
0.732080
0.732080
0.732080
0.732080
0.732080
0.732080
0.732080
0.732080
0.732080
0.732080
0.732080
0.732080
0.732080
0.732080
0.732080
0.732080
0.732080
0.732080
0.732080
0.732080
0.732080
0.732080
0.732080
0.732080
0.732080
0.732080
0.732080
0.732080
0.732080
0.732080
0.732080
0.732080
0.732080
0.732080
0.732080
0.732080
0.732080
0.732080
0.732080
0.732080
0.732080
0.732080
0.732080
0.732080
0.732080
0.732080
0.732080
0.732080
0.732080
0.732080
0.732080
0.732080
0.732080
0.732080
0.732080
0.732080
0.732080
0.732080
0.732080
0.732080
0.732080
0.732080
0.732080
0.732080
0.732080
0.732080
0.732080
0.732080
0.732080
0.732080
0.732080
0.732080
0.732080
0.732080
0.732080
0.732080
0.732080
0.732080
0.732080
0.732080
0.732080
0.732080
0.732080
0.732080
0.732080
0.732080
0.732080
0.732080
0.732080
0.732080
0.732080
0.732080
0.732080
0.732080
0.732080
0.732080
0.732080
0.732080
0.732080
0.732080
0.732080
0.732080
0.732080
0.732080
0.732080
0.732080
0.732080
0.732080
0.732080
0.732080
0.732080
0.732080
0.732080
0.732080
0.732080
0.732080
0.732080
0.732080
0.732080
0.732080
0.732080
0.732080
0.732080
0.732080
0.732080
0.732080
0.732080
0.732080
0.732080
0.732080
0.732080
0.732080
0.732080
0.732080
0.732080
0.732080
0.732080
0.732080
0.732080
0.732080
0.732080
0.732080
0.732080
0.732080
0.732080
0.732080
0.732080
0.732080
0.732080
0.732080
0.732080
0.732080
0.732080
0.732080
0.732080
0.732080
0.732080
0.732080
0.732080
0.732080
0.732080
0.732080
0.732080
0.732080
0.732080
0.732080
0.732080
0.732080
0.732080
0.732080
0.732080
0.732080
0.732080
0.732080
0.732080
0.732080
0.732080
0.732080
0.732080
0.732080
0.732080
0.732080
0.732080
0.732080
0.732080
0.732080
0.732080
0.732080
0.732080
0.732080
0.732080
0.732080
0.732080
0.732080
0.732080
0.732080
0.732080
0.732080
0.732080
0.732080
0.732080
0.732080
0.732080
0.732080
0.732080
0.732080
0.732080
0.732080
0.732080
0.732080
0.732080
0.732080
0.732080
0.732080
0.732080
0.732080
0.732080
0.732080
0.732080
0.732080
0.732080
0.732080
0.732080
0.732080
0.732080
0.732080
0.732080
0.732080
0.732080
0.732080
0.732080
0.732080
0.732080
0.732080
0.732080
0.732080
0.732080
0.732080
0.732080
0.732080
0.732080
0.732080
0.732080
0.732080
0.732080
0.732080
0.732080
0.732080
0.732080
0.732080
0.732080
0.732080
0.732080
0.732080
0.732080
0.732080
0.732080
0.732080
0.732080
0.732080
0.732080
0.732080
0.732080
0.732080
0.732080
0.732080
0.732080
0.732080
0.732080
0.732080
0.732080
0.732080
0.732080
0.732080
0.732080
0.732080
0.732080
0.732080
0.732080
0.732080
0.732080
0.732080
0.732080
0.732080
0.732080
0.732080
0.732080
0.732080
0.732080
0.732080
0.732080
0.732080
0.732080
0.732080
0.732080
0.732080
0.732080
0.732080
0.732080
0.732080
0.732080
0.732080
0.732080
0.732080
0.732080
0.732080
0.732080
0.732080
0.732080
0.732080
0.732080
0.732080
0.732080
0.732080
0.732080
0.732080
0.732080
0.732080
0.732080
0.732080
0.732080
0.732080
0.732080
0.732080
0.732080
0.732080
0.732080
0.732080
0.732080
0.732080
0.732080
0.732080
0.732080
0.732080
0.732080
0.732080
0.732080
0.732080
0.732080
0.732080
0.732080
0.732080
0.732080
0.732080
0.732080
0.732080
0.732080
0.732080
0.732080
0.732080
0.732080
0.732080
0.732080
0.732080
0.732080
0.732080
0.732080
0.732080
0.732080
0.732080
0.732080
0.732080
0.732080
0.732080
0.732080
0.732080
0.732080
0.732080
0.732080
0.732080
0.732080
0.732080
0.732080
0.732080
0.732080
0.732080
0.732080
0.732080
0.732080
0.732080
0.732080
0.732080
0.732080
0.732080
0.732080
0.732080
0.732080
0.732080
0.732080
0.732080
0.732080
0.732080
0.732080
0.732080
0.732080
0.732080
0.732080
0.732080
0.732080
0.732080
0.732080
0.732080
0.732080
0.732080
0.732080
0.732080
0.732080
0.732080
0.732080
0.732080
0.732080
0.732080
0.732080
0.732080
0.732080
0.732080
0.732080
0.732080
0.732080
0.732080
0.732080
0.732080
0.732080
0.732080
0.732080
0.732080
0.732080
0.732080
0.732080
0.732080
0.732080
0.732080
0.732080
0.732080
0.732080
0.732080
0.732080
0.732080
0.732080
0.732080
0.732080
0.732080
0.732080
0.732080
0.732080
0.732080
0.732080
0.732080
0.732080
0.732080
0.732080
0.732080
0.732080
0.732080
0.732080
0.732080
0.732080
0.732080
0.732080
0.732080
0.732080
0.732080
0.732080
0.732080
0.732080
0.732080
0.732080
0.732080
0.732080
0.732080
0.732080
0.732080
0.732080
0.732080
0.732080
0.732080
0.732080
0.732080
0.732080
0.732080
0.732080
0.732080
0.732080
0.732080
0.732080
0.732080
0.732080
0.732080
0.732080
0.732080
0.732080
0.732080
0.732080
0.732080
0.732080
0.732080
0.732080
0.732080
0.732080
0.732080
0.732080
0.732080
0.732080
