0.000000
-0.158769
-0.275975
-0.330242
-0.336102
-0.322598
-0.315491
-0.327785
-0.359519
-0.402052
-0.445428
-0.482791
-0.511416
-0.532032
-0.546929
-0.558225
-0.566932
-0.572887
-0.575225
-0.572976
-0.565501
-0.552649
-0.534678
-0.512076
-0.485392
-0.455127
-0.421726
-0.385604
-0.347202
-0.307014
-0.265594
-0.223545
-0.181484
-0.139905
-0.099640
-0.061194
-0.025008
0.008509
0.038971
0.066019
0.089342
0.108693
0.123903
0.134882
0.141623
0.144192
0.142723
0.137416
0.128529
0.116377
0.101326
0.083788
0.064211
0.043074
0.020877
-0.001870
-0.024652
-0.046964
-0.068432
-0.088337
-0.106281
-0.121926
-0.134962
-0.145102
-0.152087
-0.155706
-0.155803
-0.152296
-0.145170
-0.134480
-0.120343
-0.102932
-0.082471
-0.059233
-0.033532
-0.005720
0.023816
0.054665
0.086399
0.118577
0.150756
0.182727
0.213540
0.243020
0.270861
0.296758
0.320411
0.341537
0.359893
0.375292
0.387607
0.396776
0.402795
0.405712
0.405626
0.402682
0.397068
0.389016
0.378796
0.366713
0.353099
0.338308
0.322713
0.306691
0.290625
0.274890
0.259733
0.245755
0.233239
0.222424
0.213527
0.206760
0.202315
0.200359
0.201012
0.204341
0.210359
0.219027
0.230258
0.243924
0.259860
0.277866
0.297709
0.319129
0.341841
0.365539
0.389904
0.414611
0.439329
0.463734
0.487629
0.510462
0.531994
0.552027
0.570380
0.586872
0.601336
0.613626
0.623634
0.631299
0.636610
0.639601
0.640344
0.638952
0.635566
0.630358
0.623528
0.615301
0.605923
0.595655
0.584775
0.573564
0.562306
0.551283
0.540648
0.530912
0.522277
0.514905
0.508947
0.504556
0.501879
0.501042
0.502143
0.505235
0.510329
0.517397
0.526373
0.537162
0.549640
0.563659
0.579047
0.595611
0.613137
0.631400
0.650161
0.669176
0.688199
0.707107
0.725416
0.742942
0.759534
0.775048
0.789331
0.802232
0.813610
0.823351
0.831378
0.837650
0.842163
0.844945
0.846052
0.845566
0.843591
0.840255
0.835706
0.830113
0.823660
0.816544
0.808971
0.801153
0.793303
0.785630
0.778222
0.771516
0.765655
0.760748
0.756896
0.754206
0.752787
0.752736
0.754129
0.757009
0.761383
0.767230
0.774497
0.783111
0.792977
0.803982
0.815997
0.828875
0.842459
0.856576
0.871049
0.885693
0.900326
0.914878
0.928936
0.942371
0.955080
0.966967
0.977926
0.987846
0.996622
1.004166
1.010418
1.015350
1.018961
1.021275
1.022339
1.022217
1.020992
1.018761
1.015637
1.011749
1.007236
1.002248
0.996940
0.991472
0.986003
0.980693
0.975581
0.971043
0.967178
0.964057
0.961744
0.960309
0.959828
0.960373
0.962000
0.964740
0.968599
0.973555
0.979564
0.986565
0.994482
1.003224
1.012692
1.022773
1.033344
1.044277
1.055435
1.066680
1.077872
1.088982
1.099659
1.109808
1.119364
1.128267
1.136447
1.143829
1.150337
1.155908
1.160498
1.164089
1.166685
1.168311
1.169010
1.168838
1.167862
1.166163
1.163829
1.160961
1.157667
1.154061
1.150263
1.146395
1.142576
1.138823
1.135458
1.132559
1.130180
1.128367
1.127171
1.126654
1.126876
1.127891
1.129732
1.132415
1.135931
1.140255
1.145343
1.151143
1.157590
1.164611
1.172125
1.180043
1.188270
1.196703
1.205239
1.213771
1.222292
1.230504
1.238332
1.245729
1.252653
1.259054
1.264875
1.270058
1.274549
1.278306
1.281309
1.283555
1.285060
1.285853
1.285976
1.285480
1.284424
1.282874
1.280904
1.278595
1.276033
1.273308
1.270511
1.267736
1.264981
1.262517
1.260406
1.258687
1.257390
1.256549
1.256206
1.256407
1.257192
1.258593
1.260624
1.263282
1.266548
1.270389
1.274765
1.279623
1.284906
1.290552
1.296493
1.302657
1.308965
1.315341
1.321701
1.328054
1.334150
1.339932
1.345364
1.350420
1.355070
1.359278
1.363002
1.366204
1.368854
1.370932
1.372438
1.373383
1.373794
1.373705
1.373160
1.372207
1.370900
1.369298
1.367463
1.365462
1.363362
1.361233
1.359147
1.357092
1.355289
1.353788
1.352615
1.351787
1.351320
1.351238
1.351567
1.352333
1.353557
1.355247
1.357399
1.359996
1.363010
1.366402
1.370128
1.374138
1.378380
1.382798
1.387336
1.391934
1.396533
1.401144
1.405565
1.409748
1.413665
1.417297
1.420625
1.423624
1.426266
1.428522
1.430367
1.431784
1.432768
1.433327
1.433478
1.433248
1.432671
1.431787
1.430638
1.429270
1.427731
1.426071
1.424342
1.422597
1.420888
1.419200
1.417714
1.416468
1.415483
1.414768
1.414331
1.414184
1.414340
1.414816
1.415624
1.416772
1.418256
1.420064
1.422172
1.424551
1.427163
1.429968
1.432922
1.435980
1.439098
1.442231
1.445392
1.448420
1.451277
1.453938
1.456391
1.458622
1.460615
1.462350
1.463804
1.464958
1.465795
1.466309
1.466501
1.466381
1.465969
1.465290
1.464375
1.463256
1.461971
1.460555
1.459047
1.457486
1.455912
1.454362
1.452955
1.451494
1.450220
1.449167
1.448349
1.447769
1.447422
1.447302
1.447408
1.447741
1.448303
1.449092
1.450104
1.451327
1.452741
1.454321
1.456035
1.457847
1.459720
1.461617
1.463549
1.465387
1.467098
1.468666
1.470082
1.471339
1.472427
1.473333
1.474042
1.474538
1.474806
1.474837
1.474628
1.474184
1.473517
1.472645
1.471591
1.470382
1.469044
1.467608
1.466102
1.464555
1.462996
1.461454
1.459957
1.458490
1.457163
1.455996
1.455001
1.454176
1.453517
1.453021
1.452683
1.452502
1.452479
1.452610
1.452892
1.453315
1.453865
1.454523
1.455265
1.456064
1.456892
1.457831
1.458612
1.459300
1.459885
1.460361
1.460726
1.460976
1.461102
1.461093
1.460936
1.460619
1.460132
1.459471
1.458637
1.457638
1.456487
1.455199
1.453796
1.452298
1.450727
1.449107
1.447458
1.445801
1.444158
1.442546
1.441057
1.439519
1.438097
1.436810
1.435663
1.434653
1.433771
1.433004
1.432343
1.431779
1.431303
1.430911
1.430595
1.430349
1.430162
1.430021
1.430005
1.429783
1.429660
1.429483
1.429235
1.428906
1.428489
1.427979
1.427373
1.426668
1.425859
1.424942
1.423913
1.422770
1.421511
1.420141
1.418664
1.417092
1.415435
1.413708
1.411928
1.410109
1.408269
1.406423
1.404586
1.402772
1.401064
1.399390
1.397667
1.396126
1.394559
1.393184
1.391785
1.390483
1.389275
1.388240
1.387149
1.386110
1.385118
1.384164
1.383323
1.382372
1.381434
1.380464
1.379453
1.378395
1.377288
1.376130
1.374918
1.373649
1.372318
1.370919
1.369448
1.367900
1.366273
1.364566
1.362783
1.360928
1.359008
1.357033
1.355013
1.352957
1.350878
1.348785
1.346688
1.344596
1.342518
1.340530
1.338558
1.336606
1.334599
1.332735
1.330910
1.329120
1.327281
1.325582
1.323912
1.322260
1.320541
1.318936
1.317334
1.315655
1.313968
1.312271
1.310559
1.308826
1.307068
1.305279
1.303454
1.301589
1.299679
1.297721
1.295712
1.293653
1.291543
1.289384
1.287178
1.284930
1.282644
1.280323
1.277975
1.275603
1.273214
1.270812
1.268404
1.265993
1.263586
1.261185
1.258865
1.256549
1.254237
1.251932
1.249635
1.247348
1.245073
1.242809
1.240556
1.238312
1.236003
1.233704
1.231413
1.229123
1.226828
1.224524
1.222202
1.219859
1.217490
1.215093
1.212665
1.210208
1.207722
1.205206
1.202663
1.200092
1.197495
1.194873
1.192226
1.189555
1.186861
1.184147
1.181413
1.178663
1.175899
1.173124
1.170341
1.167552
1.164760
1.161968
1.159176
1.156385
1.153667
1.150873
1.148149
1.145348
1.142546
1.139744
1.136941
1.134138
1.131332
1.128521
1.125702
1.122871
1.120027
1.117166
1.114286
1.111387
1.108466
1.105524
1.102561
1.099575
1.096568
1.093540
1.090491
1.087421
1.084332
1.081224
1.078098
1.074954
1.071795
1.068622
1.065436
1.062239
1.059032
1.055816
1.052594
1.049367
1.046134
1.042898
1.039727
1.036475
1.033217
1.029953
1.026684
1.023411
1.020131
1.016846
1.013552
1.010249
1.006936
1.003609
1.000269
0.996914
0.993543
0.990155
0.986750
0.983328
0.979888
0.976430
0.972955
0.969463
0.965954
0.962428
0.958886
0.955328
0.951756
0.948169
0.944568
0.940955
0.937330
0.933694
0.930048
0.926393
0.922730
0.919129
0.915442
0.911745
0.908040
0.904397
0.900670
0.896932
0.893187
0.889433
0.885670
0.881899
0.878119
0.874327
0.870525
0.866711
0.862883
0.859043
0.855189
0.851321
0.847440
0.843546
0.839638
0.835717
0.831782
0.827835
0.823874
0.819900
0.815913
0.811913
0.807899
0.803872
0.799832
0.795779
0.791714
0.787636
0.783546
0.779445
0.775403
0.771272
0.767127
0.762971
0.758803
0.754696
0.750500
0.746292
0.742073
0.737915
0.733668
0.729408
0.725137
0.720927
0.716628
0.712316
0.708066
0.703726
0.699375
0.695084
0.690706
0.686388
0.681982
0.677636
0.673202
0.668829
0.664368
0.659968
0.655481
0.651056
0.646543
0.642093
0.637555
0.633080
0.628591
0.624013
0.619497
0.614966
0.610348
0.605793
0.601223
0.596567
0.591975
0.587369
0.582749
0.578041
0.573398
0.568740
0.564069
0.559310
0.554616
0.549908
0.545187
0.540379
0.535635
0.530879
0.526110
0.521327
0.516458
0.511653
0.506836
0.502006
0.497163
0.492233
0.487369
0.482492
0.477603
0.472700
0.467711
0.462787
0.457851
0.452902
0.447866
0.442896
0.437914
0.432919
0.427838
0.422822
0.417793
0.412679
0.407630
0.402570
0.397423
0.392341
0.387247
0.382067
0.376951
0.371750
0.366614
0.361392
0.356236
0.350995
0.345818
0.340554
0.335356
0.330070
0.324776
0.319546
0.314230
0.308906
0.303646
0.298298
0.292942
0.287576
0.282202
0.276819
0.271429
0.266030
0.260623
0.255206
0.249779
0.244343
0.238896
0.233438
0.227969
0.222488
0.216994
0.211488
0.205970
0.200438
0.194893
0.189334
0.183760
0.178173
0.172571
0.166954
0.161323
0.155678
0.150018
0.144345
0.138658
0.132958
0.127245
0.121521
0.115785
0.110037
0.104279
0.098510
0.092730
0.086941
0.081141
0.075331
0.069511
0.063681
0.057841
0.051990
0.046128
0.040255
0.034371
0.028476
0.022568
0.016648
0.010716
0.004770
-0.001188
-0.007159
-0.013131
-0.019019
-0.024626
-0.029700
-0.033959
-0.037131
-0.038986
-0.039367
-0.038211
-0.035512
-0.031455
-0.026254
-0.020185
-0.013555
-0.006683
0.000089
0.006540
0.012371
0.017481
0.021741
0.025067
0.027451
0.028830
0.029217
0.028649
0.027184
0.024899
0.021886
0.018253
0.014120
0.009622
0.004901
0.000111
-0.004633
-0.009051
-0.013074
-0.016571
-0.019433
-0.021575
-0.022939
-0.023499
-0.023257
-0.022246
-0.020523
-0.018171
-0.015288
-0.011992
-0.008405
-0.004659
-0.000882
0.002797
0.006226
0.009326
0.012002
0.014179
0.015801
0.016834
0.017264
0.017097
0.016356
0.015085
0.013340
0.011191
0.008721
0.006019
0.003180
0.000301
-0.002522
-0.005162
-0.007561
-0.009643
-0.011346
-0.012626
-0.013452
-0.013812
-0.013710
-0.013164
-0.012209
-0.010888
-0.009257
-0.007378
-0.005320
-0.003156
-0.000960
0.001197
0.003208
0.005039
0.006630
0.007936
0.008921
0.009565
0.009858
0.009803
0.009413
0.008714
0.007737
0.006524
0.005121
0.003580
0.001954
0.000299
-0.001331
-0.002847
-0.004228
-0.005430
-0.006418
-0.007165
-0.007655
-0.007883
-0.007849
-0.007566
-0.007050
-0.006328
-0.005430
-0.004388
-0.003243
-0.002032
-0.000797
0.000422
0.001550
0.002579
0.003475
0.004212
0.004771
0.005140
0.005315
0.005299
0.005099
0.004729
0.004208
0.003557
0.002802
0.001969
0.001087
0.000186
-0.000705
-0.001523
-0.002269
-0.002918
-0.003450
-0.003852
-0.004117
-0.004241
-0.004228
-0.004084
-0.003820
-0.003448
-0.002984
-0.002445
-0.001852
-0.001223
-0.000578
0.000060
0.000638
0.001125
0.001595
0.001985
0.002281
0.002478
0.002573
0.002567
0.002466
0.002279
0.002015
0.001688
0.001311
0.000898
0.000463
0.000021
-0.000415
-0.000759
-0.001116
-0.001388
-0.001653
-0.001856
-0.001952
-0.002028
-0.002036
-0.001979
-0.001859
-0.001685
-0.001464
-0.001206
-0.000923
-0.000626
-0.000326
-0.000032
0.000172
0.000397
0.000548
0.000670
0.000801
0.000850
0.000905
0.000916
0.000845
0.000784
0.000690
0.000565
0.000376
0.000221
0.000057
-0.000111
-0.000317
-0.000391
-0.000458
-0.000557
-0.000596
-0.000663
-0.000667
-0.000698
-0.000666
-0.000662
-0.000598
-0.000566
-0.000478
-0.000426
-0.000325
-0.000265
-0.000160
-0.000102
-0.000078
-0.000098
-0.000074
-0.000056
-0.000084
-0.000069
-0.000099
-0.000085
-0.000116
-0.000103
-0.000134
-0.000122
-0.000154
-0.000070
-0.000110
-0.000108
-0.000152
-0.000077
-0.000126
-0.000130
-0.000177
-0.000104
-0.000151
-0.000080
-0.000129
-0.000134
-0.000182
-0.000108
-0.000156
-0.000086
-0.000137
-0.000144
-0.000119
-0.000128
-0.000179
-0.000110
-0.000161
-0.000092
-0.000145
-0.000079
-0.000134
-0.000070
-0.000127
-0.000139
-0.000118
-0.000130
-0.000110
-0.000123
-0.000178
-0.000112
-0.000166
-0.000101
-0.000156
-0.000091
-0.000147
-0.000084
-0.000141
-0.000079
-0.000137
-0.000076
-0.000134
-0.000074
-0.000133
-0.000073
-0.000133
-0.000074
-0.000136
-0.000077
-0.000140
-0.000082
-0.000145
-0.000087
-0.000150
-0.000092
-0.000154
-0.000095
-0.000156
-0.000096
-0.000156
-0.000095
-0.000153
-0.000091
-0.000149
-0.000087
-0.000144
-0.000081
-0.000138
-0.000075
-0.000133
-0.000070
-0.000128
-0.000065
-0.000124
-0.000062
-0.000121
-0.000060
-0.000120
-0.000060
-0.000120
-0.000061
-0.000122
-0.000063
-0.000124
-0.000066
-0.000127
-0.000068
-0.000130
-0.000071
-0.000132
-0.000072
-0.000133
-0.000073
-0.000132
-0.000072
-0.000131
-0.000070
-0.000128
-0.000067
-0.000125
-0.000063
-0.000121
-0.000059
-0.000118
-0.000056
-0.000114
-0.000053
-0.000111
-0.000050
-0.000109
-0.000049
-0.000108
-0.000048
-0.000108
-0.000049
-0.000109
-0.000050
-0.000110
-0.000051
-0.000112
-0.000052
-0.000113
-0.000054
-0.000114
-0.000054
-0.000115
-0.000054
-0.000114
-0.000054
-0.000113
-0.000052
-0.000112
-0.000050
-0.000109
-0.000048
-0.000107
-0.000046
-0.000104
-0.000043
-0.000102
-0.000041
-0.000100
-0.000039
-0.000099
-0.000038
-0.000098
-0.000037
-0.000098
-0.000037
-0.000098
-0.000038
-0.000098
-0.000039
-0.000099
-0.000039
-0.000100
-0.000040
-0.000100
-0.000040
-0.000100
-0.000040
-0.000100
-0.000039
-0.000099
-0.000038
-0.000098
-0.000037
-0.000096
-0.000035
-0.000095
-0.000034
-0.000093
-0.000032
-0.000091
-0.000031
-0.000090
-0.000029
-0.000089
-0.000028
-0.000088
-0.000028
-0.000088
-0.000028
-0.000088
-0.000028
-0.000088
-0.000028
-0.000088
-0.000028
-0.000088
-0.000028
-0.000089
-0.000028
-0.000089
-0.000028
-0.000088
-0.000028
-0.000088
-0.000027
-0.000087
-0.000026
-0.000086
-0.000025
-0.000085
-0.000024
-0.000083
-0.000023
-0.000082
-0.000021
-0.000081
-0.000021
-0.000080
-0.000020
-0.000080
-0.000019
-0.000079
-0.000019
-0.000079
-0.000019
-0.000079
-0.000019
-0.000079
-0.000019
-0.000079
-0.000019
-0.000079
-0.000019
-0.000079
-0.000019
-0.000079
-0.000018
-0.000078
-0.000018
-0.000078
-0.000017
-0.000077
-0.000016
-0.000076
-0.000015
-0.000075
-0.000015
-0.000074
-0.000014
-0.000073
-0.000013
-0.000073
-0.000012
-0.000072
-0.000012
-0.000072
-0.000012
-0.000072
-0.000012
-0.000072
-0.000011
-0.000072
-0.000011
-0.000071
-0.000011
-0.000071
-0.000011
-0.000071
-0.000011
-0.000071
-0.000010
-0.000070
-0.000010
-0.000070
-0.000009
-0.000069
-0.000009
-0.000069
-0.000008
-0.000068
-0.000008
-0.000067
-0.000007
-0.000067
-0.000006
-0.000066
-0.000006
-0.000066
-0.000006
-0.000066
-0.000005
-0.000065
-0.000005
-0.000065
-0.000005
-0.000065
-0.000005
-0.000065
-0.000005
-0.000065
-0.000005
-0.000065
-0.000004
-0.000064
-0.000004
-0.000064
-0.000004
-0.000064
-0.000003
-0.000063
-0.000003
-0.000063
-0.000002
-0.000062
-0.000002
-0.000062
-0.000001
-0.000061
-0.000001
-0.000061
-0.000001
-0.000061
-0.000000
-0.000060
0.000000
-0.000060
0.000000
-0.000060
0.000000
-0.000060
0.000001
-0.000059
0.000001
-0.000059
0.000001
-0.000059
0.000001
-0.000059
0.000001
-0.000059
0.000002
-0.000058
0.000002
-0.000058
0.000002
-0.000058
0.000003
-0.000057
0.000003
-0.000057
0.000004
-0.000056
0.000004
-0.000056
0.000004
-0.000056
0.000004
-0.000056
0.000005
-0.000055
0.000005
-0.000055
0.000005
-0.000055
0.000005
-0.000055
0.000005
-0.000055
0.000006
-0.000054
0.000006
-0.000054
0.000006
-0.000054
0.000006
-0.000054
0.000006
-0.000053
0.000007
-0.000053
0.000007
-0.000053
0.000007
-0.000053
0.000008
-0.000052
0.000008
-0.000052
0.000008
-0.000052
0.000008
-0.000052
0.000009
-0.000051
0.000009
-0.000051
0.000009
-0.000051
0.000009
-0.000051
0.000009
-0.000051
0.000009
-0.000051
0.000010
-0.000050
0.000010
-0.000050
0.000010
-0.000050
0.000010
-0.000050
0.000010
-0.000050
0.000011
-0.000049
0.000011
-0.000049
0.000011
-0.000049
0.000011
-0.000049
0.000012
-0.000049
0.000012
-0.000048
0.000012
-0.000048
0.000012
-0.000048
0.000012
-0.000048
0.000012
-0.000048
0.000013
-0.000048
0.000013
-0.000047
0.000013
-0.000047
0.000013
-0.000047
0.000013
-0.000047
0.000013
-0.000047
0.000014
-0.000047
0.000014
-0.000046
0.000014
-0.000046
0.000014
-0.000046
0.000014
-0.000046
0.000014
-0.000046
0.000015
-0.000045
0.000015
-0.000045
0.000015
-0.000045
0.000015
-0.000045
0.000015
-0.000045
0.000015
-0.000045
0.000015
-0.000045
0.000016
-0.000045
0.000016
-0.000044
0.000016
-0.000044
0.000016
-0.000044
0.000016
-0.000044
0.000016
-0.000044
0.000016
-0.000044
0.000017
-0.000044
0.000017
-0.000043
0.000017
-0.000043
0.000017
-0.000043
0.000017
-0.000043
0.000017
-0.000043
0.000017
-0.000043
0.000017
-0.000043
0.000018
-0.000042
0.000018
-0.000042
0.000018
-0.000042
0.000018
-0.000042
0.000018
-0.000042
0.000018
-0.000042
0.000018
-0.000042
0.000018
-0.000042
0.000019
-0.000042
0.000019
-0.000041
0.000019
-0.000041
0.000019
-0.000041
0.000019
-0.000041
0.000019
-0.000041
0.000019
-0.000041
0.000019
-0.000041
0.000019
-0.000041
0.000020
-0.000041
0.000020
-0.000040
0.000020
-0.000040
0.000020
-0.000040
0.000020
-0.000040
0.000020
-0.000040
0.000020
-0.000040
0.000020
-0.000040
0.000020
-0.000040
0.000020
-0.000040
0.000021
-0.000040
0.000021
-0.000039
0.000021
-0.000039
0.000021
-0.000039
0.000021
-0.000039
0.000021
-0.000039
0.000021
-0.000039
0.000021
-0.000039
0.000021
-0.000039
0.000021
-0.000039
0.000021
-0.000039
0.000022
-0.000039
0.000022
-0.000038
0.000022
-0.000038
0.000022
-0.000038
0.000022
-0.000038
0.000022
-0.000038
0.000022
-0.000038
0.000022
-0.000038
0.000022
-0.000038
0.000022
-0.000038
0.000022
-0.000038
0.000022
-0.000038
0.000022
-0.000038
0.000023
-0.000038
0.000023
-0.000037
0.000023
-0.000037
0.000023
-0.000037
0.000023
-0.000037
0.000023
-0.000037
0.000023
-0.000037
0.000023
-0.000037
0.000023
-0.000037
0.000023
-0.000037
0.000023
-0.000037
0.000023
-0.000037
0.000023
-0.000037
0.000023
-0.000037
0.000024
-0.000037
0.000024
-0.000036
0.000024
-0.000036
0.000024
-0.000036
0.000024
-0.000036
0.000024
-0.000036
0.000024
-0.000036
0.000024
-0.000036
0.000024
-0.000036
0.000024
-0.000036
0.000024
-0.000036
0.000024
-0.000036
0.000024
-0.000036
0.000024
-0.000036
0.000024
-0.000036
0.000024
-0.000036
0.000024
-0.000036
0.000025
-0.000036
0.000025
-0.000035
0.000025
-0.000035
0.000025
-0.000035
0.000025
-0.000035
0.000025
-0.000035
0.000025
-0.000035
0.000025
-0.000035
0.000025
-0.000035
0.000025
-0.000035
0.000025
-0.000035
0.000025
-0.000035
0.000025
-0.000035
0.000025
-0.000035
0.000025
-0.000035
0.000025
-0.000035
0.000025
-0.000035
0.000025
-0.000035
0.000025
-0.000035
0.000026
-0.000035
0.000026
-0.000035
0.000026
-0.000035
0.000026
-0.000034
0.000026
-0.000034
0.000026
-0.000034
0.000026
-0.000034
0.000026
-0.000034
0.000026
-0.000034
0.000026
-0.000034
0.000026
-0.000034
0.000026
-0.000034
0.000026
-0.000034
0.000026
-0.000034
0.000026
-0.000034
0.000026
-0.000034
0.000026
-0.000034
0.000026
-0.000034
0.000026
-0.000034
0.000026
-0.000034
0.000026
-0.000034
0.000026
-0.000034
0.000026
-0.000034
0.000026
-0.000034
0.000026
-0.000034
0.000027
-0.000034
0.000027
-0.000034
0.000027
-0.000034
0.000027
-0.000033
0.000027
-0.000033
0.000027
-0.000033
0.000027
-0.000033
0.000027
-0.000033
0.000027
-0.000033
0.000027
-0.000033
0.000027
-0.000033
0.000027
-0.000033
0.000027
-0.000033
0.000027
-0.000033
0.000027
-0.000033
0.000027
-0.000033
0.000027
-0.000033
0.000027
-0.000033
0.000027
-0.000033
0.000027
-0.000033
0.000027
-0.000033
0.000027
-0.000033
0.000027
-0.000033
0.000027
-0.000033
0.000027
-0.000033
0.000027
-0.000033
0.000027
-0.000033
0.000027
-0.000033
0.000027
-0.000033
0.000027
-0.000033
0.000027
-0.000033
0.000027
-0.000033
0.000027
-0.000033
0.000028
-0.000033
0.000028
-0.000033
0.000028
-0.000033
0.000028
-0.000033
0.000028
-0.000033
0.000028
-0.000032
0.000028
-0.000032
0.000028
-0.000032
0.000028
-0.000032
0.000028
-0.000032
0.000028
-0.000032
0.000028
-0.000032
0.000028
-0.000032
0.000028
-0.000032
0.000028
-0.000032
0.000028
-0.000032
0.000028
-0.000032
0.000028
-0.000032
0.000028
-0.000032
0.000028
-0.000032
0.000028
-0.000032
0.000028
-0.000032
0.000028
-0.000032
0.000028
-0.000032
0.000028
-0.000032
0.000028
-0.000032
0.000028
-0.000032
0.000028
-0.000032
0.000028
-0.000032
0.000028
-0.000032
0.000028
-0.000032
0.000028
-0.000032
0.000028
-0.000032
0.000028
-0.000032
0.000028
-0.000032
0.000028
-0.000032
0.000028
-0.000032
0.000028
-0.000032
0.000028
-0.000032
0.000028
-0.000032
0.000028
-0.000032
0.000028
-0.000032
0.000028
-0.000032
0.000028
-0.000032
0.000028
-0.000032
0.000028
-0.000032
0.000028
-0.000032
0.000028
-0.000032
0.000028
-0.000032
0.000028
-0.000032
0.000029
-0.000032
0.000029
-0.000032
0.000029
-0.000032
0.000029
-0.000032
0.000029
-0.000032
0.000029
-0.000032
0.000029
-0.000032
0.000029
-0.000031
0.000029
-0.000031
0.000029
-0.000031
0.000029
-0.000031
0.000029
-0.000031
0.000029
-0.000031
0.000029
-0.000031
0.000029
-0.000031
0.000029
-0.000031
0.000029
-0.000031
0.000029
-0.000031
0.000029
-0.000031
0.000029
-0.000031
0.000029
-0.000031
0.000029
-0.000031
0.000029
-0.000031
0.000029
-0.000031
0.000029
-0.000031
0.000029
-0.000031
0.000029
-0.000031
0.000029
-0.000031
0.000029
-0.000031
0.000029
-0.000031
0.000029
-0.000031
0.000029
-0.000031
0.000029
-0.000031
0.000029
-0.000031
0.000029
-0.000031
0.000029
-0.000031
0.000029
-0.000031
0.000029
-0.000031
0.000029
-0.000031
0.000029
-0.000031
0.000029
-0.000031
0.000029
-0.000031
0.000029
-0.000031
0.000029
-0.000031
0.000029
-0.000031
0.000029
-0.000031
0.000029
-0.000031
0.000029
-0.000031
0.000029
-0.000031
0.000029
-0.000031
0.000029
-0.000031
0.000029
-0.000031
0.000029
-0.000031
0.000029
-0.000031
0.000029
-0.000031
0.000029
-0.000031
0.000029
-0.000031
0.000029
-0.000031
0.000029
-0.000031
0.000029
-0.000031
0.000029
-0.000031
0.000029
-0.000031
0.000029
-0.000031
0.000029
-0.000031
0.000029
-0.000031
0.000029
-0.000031
0.000029
-0.000031
0.000029
-0.000031
0.000029
-0.000031
0.000029
-0.000031
0.000029
-0.000031
0.000029
-0.000031
0.000029
-0.000031
0.000029
-0.000031
0.000029
-0.000031
0.000029
-0.000031
0.000029
-0.000031
0.000029
-0.000031
0.000029
-0.000031
0.000029
-0.000031
0.000029
-0.000031
0.000029
-0.000031
0.000029
-0.000031
0.000029
-0.000031
0.000029
-0.000031
0.000029
-0.000031
0.000029
-0.000031
0.000029
-0.000031
0.000029
-0.000031
0.000029
-0.000031
0.000029
-0.000031
0.000029
-0.000031
0.000029
-0.000031
0.000029
-0.000031
0.000029
-0.000031
0.000029
-0.000031
0.000029
-0.000031
0.000029
-0.000031
0.000029
-0.000031
0.000029
-0.000031
0.000029
-0.000031
0.000029
-0.000031
0.000030
-0.000031
0.000030
-0.000031
0.000030
-0.000031
0.000030
-0.000031
0.000030
-0.000031
0.000030
-0.000031
0.000030
-0.000031
0.000030
-0.000031
0.000030
-0.000031
0.000030
-0.000031
0.000030
-0.000031
0.000030
-0.000031
0.000030
-0.000031
0.000030
-0.000031
0.000030
-0.000031
0.000030
-0.000031
0.000030
-0.000031
0.000030
-0.000031
0.000030
-0.000031
0.000030
-0.000031
0.000030
-0.000031
0.000030
-0.000031
0.000030
-0.000031
0.000030
-0.000031
0.000030
-0.000030
0.000030
-0.000030
0.000030
-0.000030
0.000030
-0.000030
0.000030
-0.000030
0.000030
-0.000030
0.000030
-0.000030
0.000030
-0.000030
0.000030
-0.000030
0.000030
-0.000030
0.000030
-0.000030
0.000030
-0.000030
0.000030
-0.000030
0.000030
-0.000030
0.000030
-0.000030
0.000030
-0.000030
0.000030
-0.000030
0.000030
-0.000030
0.000030
-0.000030
0.000030
-0.000030
0.000030
-0.000030
0.000030
-0.000030
0.000030
-0.000030
0.000030
-0.000030
0.000030
-0.000030
0.000030
-0.000030
0.000030
-0.000030
0.000030
-0.000030
0.000030
-0.000030
0.000030
-0.000030
0.000030
-0.000030
0.000030
-0.000030
0.000030
-0.000030
0.000030
-0.000030
0.000030
-0.000030
0.000030
-0.000030
0.000030
-0.000030
0.000030
-0.000030
0.000030
-0.000030
0.000030
-0.000030
0.000030
-0.000030
0.000030
-0.000030
0.000030
-0.000030
0.000030
-0.000030
0.000030
-0.000030
0.000030
-0.000030
0.000030
-0.000030
0.000030
-0.000030
0.000030
-0.000030
0.000030
-0.000030
0.000030
-0.000030
0.000030
-0.000030
0.000030
-0.000030
0.000030
-0.000030
0.000030
-0.000030
0.000030
-0.000030
0.000030
-0.000030
0.000030
-0.000030
0.000030
-0.000030
0.000030
-0.000030
0.000030
-0.000030
0.000030
-0.000030
0.000030
-0.000030
0.000030
-0.000030
0.000030
-0.000030
0.000030
-0.000030
0.000030
-0.000030
0.000030
-0.000030
0.000030
-0.000030
0.000030
-0.000030
0.000030
-0.000030
0.000030
-0.000030
0.000030
-0.000030
0.000030
-0.000030
0.000030
-0.000030
0.000030
-0.000030
0.000030
-0.000030
0.000030
-0.000030
0.000030
-0.000030
0.000030
-0.000030
0.000030
-0.000030
0.000030
-0.000030
0.000030
-0.000030
0.000030
-0.000030
0.000030
-0.000030
0.000030
-0.000030
0.000030
-0.000030
0.000030
-0.000030
0.000030
-0.000030
0.000030
-0.000030
0.000030
-0.000030
0.000030
-0.000030
0.000030
-0.000030
0.000030
-0.000030
0.000030
-0.000030
0.000030
-0.000030
0.000030
-0.000030
0.000030
-0.000030
0.000030
-0.000030
0.000030
-0.000030
0.000030
-0.000030
0.000030
-0.000030
0.000030
-0.000030
0.000030
-0.000030
0.000030
-0.000030
0.000030
-0.000030
0.000030
-0.000030
0.000030
-0.000030
0.000030
-0.000030
0.000030
-0.000030
0.000030
-0.000030
0.000030
-0.000030
0.000030
-0.000030
0.000030
-0.000030
0.000030
-0.000030
0.000030
-0.000030
0.000030
-0.000030
0.000030
-0.000030
0.000030
-0.000030
0.000030
-0.000030
0.000030
-0.000030
0.000030
-0.000030
0.000030
-0.000030
0.000030
-0.000030
0.000030
-0.000030
0.000030
-0.000030
0.000030
-0.000030
0.000030
-0.000030
0.000030
-0.000030
0.000030
-0.000030
0.000030
-0.000030
0.000030
-0.000030
0.000030
-0.000030
0.000030
-0.000030
0.000030
-0.000030
0.000030
-0.000030
0.000030
-0.000030
0.000030
-0.000030
0.000030
-0.000030
0.000030
-0.000030
0.000030
-0.000030
0.000030
-0.000030
0.000030
-0.000030
0.000030
-0.000030
0.000030
-0.000030
0.000030
-0.000030
0.000030
-0.000030
0.000030
-0.000030
0.000030
-0.000030
0.000030
-0.000030
0.000030
-0.000030
0.000030
-0.000030
0.000030
-0.000030
0.000030
-0.000030
0.000030
-0.000030
0.000030
-0.000030
0.000030
-0.000030
0.000030
-0.000030
0.000030
-0.000030
0.000030
-0.000030
0.000030
-0.000030
0.000030
-0.000030
0.000030
-0.000030
0.000030
-0.000030
0.000030
-0.000030
0.000030
-0.000030
0.000030
-0.000030
0.000030
-0.000030
0.000030
-0.000030
0.000030
-0.000030
0.000030
-0.000030
0.000030
-0.000030
0.000030
-0.000030
0.000030
-0.000030
0.000030
-0.000030
0.000030
-0.000030
0.000030
-0.000030
0.000030
-0.000030
0.000030
-0.000030
0.000030
-0.000030
0.000030
-0.000030
0.000030
-0.000030
0.000030
-0.000030
0.000030
-0.000030
0.000030
-0.000030
0.000030
-0.000030
0.000030
-0.000030
0.000030
-0.000030
0.000030
-0.000030
0.000030
-0.000030
0.000030
-0.000030
0.000030
-0.000030
0.000030
-0.000030
0.000030
-0.000030
0.000030
-0.000030
0.000030
-0.000030
0.000030
-0.000030
0.000030
-0.000030
0.000030
-0.000030
0.000030
-0.000030
0.000030
-0.000030
0.000030
-0.000030
0.000030
-0.000030
0.000030
-0.000030
0.000030
-0.000030
0.000030
-0.000030
0.000030
-0.000030
0.000030
-0.000030
0.000030
-0.000030
0.000030
-0.000030
0.000030
-0.000030
0.000030
-0.000030
0.000030
-0.000030
0.000030
-0.000030
0.000030
-0.000030
0.000030
-0.000030
0.000030
-0.000030
0.000030
-0.000030
0.000030
-0.000030
0.000030
-0.000030
0.000030
-0.000030
0.000030
-0.000030
0.000030
-0.000030
0.000030
-0.000030
0.000030
-0.000030
0.000030
-0.000030
0.000030
-0.000030
0.000030
-0.000030
0.000030
-0.000030
0.000030
-0.000030
0.000030
-0.000030
0.000030
-0.000030
0.000030
-0.000030
0.000030
-0.000030
0.000030
-0.000030
0.000030
-0.000030
0.000030
-0.000030
0.000030
-0.000030
0.000030
-0.000030
0.000030
-0.000030
0.000030
-0.000030
0.000030
-0.000030
0.000030
-0.000030
0.000030
-0.000030
0.000030
-0.000030
0.000030
-0.000030
0.000030
-0.000030
0.000030
-0.000030
0.000030
-0.000030
0.000030
-0.000030
0.000030
-0.000030
0.000030
-0.000030
0.000030
-0.000030
0.000030
-0.000030
0.000030
-0.000030
0.000030
-0.000030
0.000030
-0.000030
0.000030
-0.000030
0.000030
-0.000030
0.000030
-0.000030
0.000030
-0.000030
0.000030
-0.000030
0.000030
-0.000030
0.000030
-0.000030
0.000030
-0.000030
0.000030
-0.000030
0.000030
-0.000030
0.000030
-0.000030
0.000030
-0.000030
0.000030
-0.000030
0.000030
-0.000030
0.000030
-0.000030
0.000030
-0.000030
0.000030
-0.000030
0.000030
-0.000030
0.000030
-0.000030
0.000030
-0.000030
0.000030
-0.000030
0.000030
-0.000030
0.000030
-0.000030
0.000030
-0.000030
0.000030
-0.000030
0.000030
-0.000030
0.000030
-0.000030
0.000030
-0.000030
0.000030
-0.000030
0.000030
-0.000030
0.000030
-0.000030
0.000030
-0.000030
0.000030
-0.000030
0.000030
-0.000030
0.000030
-0.000030
0.000030
-0.000030
0.000030
-0.000030
0.000030
-0.000030
0.000030
-0.000030
0.000030
-0.000030
0.000030
-0.000030
0.000030
-0.000030
0.000030
-0.000030
0.000030
-0.000030
0.000030
-0.000030
0.000030
-0.000030
0.000030
-0.000030
0.000030
-0.000030
0.000030
-0.000030
0.000030
-0.000030
0.000030
-0.000030
0.000030
-0.000030
0.000030
-0.000030
0.000030
-0.000030
0.000030
-0.000030
0.000030
-0.000030
0.000030
-0.000030
0.000030
-0.000030
0.000030
-0.000030
0.000030
-0.000030
0.000030
-0.000030
0.000030
-0.000030
0.000030
-0.000030
0.000030
-0.000030
0.000030
-0.000030
0.000030
-0.000030
0.000030
-0.000030
0.000030
-0.000030
0.000030
-0.000030
0.000030
-0.000030
0.000030
-0.000030
0.000030
-0.000030
0.000030
-0.000030
0.000030
-0.000030
0.000030
-0.000030
0.000030
-0.000030
0.000030
-0.000030
0.000030
-0.000030
0.000030
-0.000030
0.000030
-0.000030
0.000030
-0.000030
0.000030
-0.000030
0.000030
-0.000030
0.000030
-0.000030
0.000030
-0.000030
0.000030
-0.000030
0.000030
-0.000030
0.000030
-0.000030
0.000030
-0.000030
0.000030
-0.000030
0.000030
-0.000030
0.000030
-0.000030
0.000030
-0.000030
0.000030
-0.000030
0.000030
-0.000030
0.000030
-0.000030
0.000030
-0.000030
0.000030
-0.000030
0.000030
-0.000030
0.000030
-0.000030
0.000030
-0.000030
0.000030
-0.000030
0.000030
-0.000030
0.000030
-0.000030
0.000030
-0.000030
0.000030
-0.000030
0.000030
-0.000030
0.000030
-0.000030
0.000030
-0.000030
0.000030
-0.000030
0.000030
-0.000030
0.000030
-0.000030
0.000030
-0.000030
0.000030
-0.000030
0.000030
-0.000030
0.000030
-0.000030
0.000030
-0.000030
0.000030
-0.000030
0.000030
-0.000030
0.000030
-0.000030
0.000030
-0.000030
0.000030
-0.000030
0.000030
-0.000030
0.000030
-0.000030
0.000030
-0.000030
0.000030
-0.000030
0.000030
-0.000030
0.000030
-0.000030
0.000030
-0.000030
0.000030
-0.000030
0.000030
-0.000030
0.000030
-0.000030
0.000030
-0.000030
0.000030
-0.000030
0.000030
-0.000030
0.000030
-0.000030
0.000030
-0.000030
0.000030
-0.000030
0.000030
-0.000030
0.000030
-0.000030
0.000030
-0.000030
0.000030
-0.000030
0.000030
-0.000030
0.000030
-0.000030
0.000030
-0.000030
0.000030
-0.000030
0.000030
-0.000030
0.000030
-0.000030
0.000030
-0.000030
0.000030
-0.000030
0.000030
-0.000030
0.000030
-0.000030
0.000030
-0.000030
0.000030
-0.000030
0.000030
-0.000030
0.000030
-0.000030
0.000030
-0.000030
0.000030
-0.000030
0.000030
-0.000030
0.000030
-0.000030
0.000030
-0.000030
0.000030
-0.000030
0.000030
-0.000030
0.000030
-0.000030
0.000030
-0.000030
0.000030
-0.000030
0.000030
-0.000030
0.000030
-0.000030
0.000030
-0.000030
0.000030
-0.000030
0.000030
-0.000030
0.000030
-0.000030
0.000030
-0.000030
0.000030
-0.000030
0.000030
-0.000030
0.000030
-0.000030
0.000030
-0.000030
0.000030
-0.000030
0.000030
-0.000030
0.000030
-0.000030
0.000030
-0.000030
0.000030
-0.000030
0.000030
-0.000030
0.000030
-0.000030
0.000030
-0.000030
0.000030
-0.000030
0.000030
-0.000030
0.000030
-0.000030
0.000030
-0.000030
0.000030
-0.000030
0.000030
-0.000030
0.000030
-0.000030
0.000030
-0.000030
0.000030
-0.000030
0.000030
-0.000030
0.000030
-0.000030
0.000030
-0.000030
0.000030
-0.000030
0.000030
-0.000030
0.000030
-0.000030
0.000030
-0.000030
0.000030
-0.000030
0.000030
-0.000030
0.000030
-0.000030
0.000030
-0.000030
0.000030
-0.000030
0.000030
-0.000030
0.000030
-0.000030
0.000030
-0.000030
0.000030
-0.000030
0.000030
-0.000030
0.000030
-0.000030
0.000030
-0.000030
0.000030
-0.000030
0.000030
-0.000030
0.000030
-0.000030
0.000030
-0.000030
0.000030
-0.000030
0.000030
-0.000030
0.000030
-0.000030
0.000030
-0.000030
0.000030
-0.000030
0.000030
-0.000030
0.000030
-0.000030
0.000030
-0.000030
0.000030
-0.000030
0.000030
-0.000030
0.000030
-0.000030
0.000030
-0.000030
0.000030
-0.000030
0.000030
-0.000030
0.000030
-0.000030
0.000030
-0.000030
0.000030
-0.000030
0.000030
-0.000030
0.000030
-0.000030
0.000030
-0.000030
0.000030
-0.000030
0.000030
-0.000030
0.000030
-0.000030
0.000030
-0.000030
0.000030
-0.000030
0.000030
-0.000030
0.000030
-0.000030
0.000030
-0.000030
0.000030
-0.000030
0.000030
-0.000030
0.000030
-0.000030
0.000030
-0.000030
0.000030
-0.000030
0.000030
-0.000030
0.000030
-0.000030
0.000030
-0.000030
0.000030
-0.000030
0.000030
-0.000030
0.000030
-0.000030
0.000030
-0.000030
0.000030
-0.000030
0.000030
-0.000030
0.000030
-0.000030
0.000030
-0.000030
0.000030
-0.000030
0.000030
-0.000030
0.000030
-0.000030
0.000030
-0.000030
0.000030
-0.000030
0.000030
-0.000030
0.000030
-0.000030
0.000030
-0.000030
0.000030
-0.000030
0.000030
-0.000030
0.000030
-0.000030
0.000030
-0.000030
0.000030
-0.000030
0.000030
-0.000030
0.000030
-0.000030
0.000030
-0.000030
0.000030
-0.000030
0.000030
-0.000030
0.000030
-0.000030
0.000030
-0.000030
0.000030
-0.000030
0.000030
-0.000030
0.000030
-0.000030
0.000030
-0.000030
0.000030
-0.000030
0.000030
-0.000030
0.000030
-0.000030
0.000030
-0.000030
0.000030
-0.000030
0.000030
-0.000030
0.000030
-0.000030
0.000030
-0.000030
0.000030
-0.000030
0.000030
-0.000030
0.000030
-0.000030
0.000030
-0.000030
0.000030
-0.000030
0.000030
-0.000030
0.000030
-0.000030
0.000030
-0.000030
0.000030
-0.000030
0.000030
-0.000030
0.000030
-0.000030
0.000030
-0.000030
0.000030
-0.000030
0.000030
-0.000030
0.000030
-0.000030
0.000030
-0.000030
0.000030
-0.000030
0.000030
-0.000030
0.000030
-0.000030
0.000030
-0.000030
0.000030
-0.000030
0.000030
-0.000030
0.000030
-0.000030
0.000030
-0.000030
0.000030
-0.000030
0.000030
-0.000030
0.000030
-0.000030
0.000030
-0.000030
0.000030
-0.000030
0.000030
-0.000030
0.000030
-0.000030
0.000030
-0.000030
0.000030
-0.000030
0.000030
-0.000030
0.000030
-0.000030
0.000030
-0.000030
0.000030
-0.000030
0.000030
-0.000030
0.000030
-0.000030
0.000030
-0.000030
0.000030
-0.000030
0.000030
-0.000030
0.000030
-0.000030
0.000030
-0.000030
0.000030
-0.000030
0.000030
-0.000030
0.000030
-0.000030
0.000030
-0.000030
0.000030
-0.000030
0.000030
-0.000030
0.000030
-0.000030
0.000030
-0.000030
0.000030
-0.000030
0.000030
-0.000030
0.000030
-0.000030
0.000030
-0.000030
0.000030
-0.000030
0.000030
-0.000030
0.000030
-0.000030
0.000030
-0.000030
0.000030
-0.000030
0.000030
-0.000030
0.000030
-0.000030
0.000030
-0.000030
0.000030
-0.000030
0.000030
-0.000030
0.000030
-0.000030
0.000030
-0.000030
0.000030
-0.000030
0.000030
-0.000030
0.000030
-0.000030
0.000030
-0.000030
0.000030
-0.000030
0.000030
-0.000030
0.000030
-0.000030
0.000030
-0.000030
0.000030
-0.000030
0.000030
-0.000030
0.000030
-0.000030
0.000030
-0.000030
0.000030
-0.000030
0.000030
-0.000030
0.000030
-0.000030
0.000030
-0.000030
0.000030
-0.000030
0.000030
-0.000030
0.000030
-0.000030
0.000030
-0.000030
0.000030
-0.000030
0.000030
-0.000030
0.000030
-0.000030
0.000030
-0.000030
0.000030
-0.000030
0.000030
-0.000030
0.000030
-0.000030
0.000030
-0.000030
0.000030
-0.000030
0.000030
-0.000030
0.000030
-0.000030
0.000030
-0.000030
0.000030
-0.000030
0.000030
-0.000030
0.000030
-0.000030
0.000030
-0.000030
0.000030
-0.000030
0.000030
-0.000030
0.000030
-0.000030
0.000030
-0.000030
0.000030
-0.000030
0.000030
-0.000030
0.000030
-0.000030
0.000030
-0.000030
0.000030
-0.000030
0.000030
-0.000030
0.000030
-0.000030
0.000030
-0.000030
0.000030
-0.000030
0.000030
-0.000030
0.000030
-0.000030
0.000030
-0.000030
0.000030
-0.000030
0.000030
-0.000030
0.000030
-0.000030
0.000030
-0.000030
0.000030
-0.000030
0.000030
-0.000030
0.000030
-0.000030
0.000030
-0.000030
0.000030
-0.000030
0.000030
-0.000030
0.000030
-0.000030
0.000030
-0.000030
0.000030
-0.000030
0.000030
-0.000030
0.000030
-0.000030
0.000030
-0.000030
0.000030
-0.000030
0.000030
-0.000030
0.000030
-0.000030
0.000030
-0.000030
0.000030
-0.000030
0.000030
-0.000030
0.000030
-0.000030
0.000030
-0.000030
0.000030
-0.000030
0.000030
-0.000030
0.000030
-0.000030
0.000030
-0.000030
0.000030
-0.000030
0.000030
-0.000030
0.000030
-0.000030
0.000030
-0.000030
0.000030
-0.000030
0.000030
-0.000030
0.000030
-0.000030
0.000030
-0.000030
0.000030
-0.000030
0.000030
-0.000030
0.000030
-0.000030
0.000030
-0.000030
0.000030
-0.000030
0.000030
-0.000030
0.000030
-0.000030
0.000030
-0.000030
0.000030
-0.000030
0.000030
-0.000030
0.000030
-0.000030
0.000030
-0.000030
0.000030
-0.000030
0.000030
-0.000030
0.000030
-0.000030
0.000030
-0.000030
0.000030
-0.000030
0.000030
-0.000030
0.000030
-0.000030
0.000030
-0.000030
0.000030
-0.000030
0.000030
-0.000030
0.000030
-0.000030
0.000030
-0.000030
0.000030
-0.000030
0.000030
-0.000030
0.000030
-0.000030
0.000030
-0.000030
0.000030
-0.000030
0.000030
-0.000030
0.000030
-0.000030
0.000030
-0.000030
0.000030
-0.000030
0.000030
-0.000030
0.000030
-0.000030
0.000030
-0.000030
0.000030
-0.000030
0.000030
-0.000030
0.000030
-0.000030
0.000030
-0.000030
0.000030
-0.000030
0.000030
-0.000030
0.000030
-0.000030
0.000030
-0.000030
0.000030
-0.000030
0.000030
-0.000030
0.000030
-0.000030
0.000030
-0.000030
0.000030
-0.000030
0.000030
-0.000030
0.000030
-0.000030
0.000030
-0.000030
0.000030
-0.000030
0.000030
-0.000030
0.000030
-0.000030
0.000030
-0.000030
0.000030
-0.000030
0.000030
-0.000030
0.000030
-0.000030
0.000030
-0.000030
0.000030
-0.000030
0.000030
-0.000030
0.000030
-0.000030
0.000030
-0.000030
0.000030
-0.000030
0.000030
-0.000030
0.000030
-0.000030
0.000030
-0.000030
0.000030
-0.000030
0.000030
-0.000030
0.000030
-0.000030
0.000030
-0.000030
0.000030
-0.000030
0.000030
-0.000030
0.000030
-0.000030
0.000030
-0.000030
0.000030
-0.000030
0.000030
-0.000030
0.000030
-0.000030
0.000030
-0.000030
0.000030
-0.000030
0.000030
-0.000030
0.000030
-0.000030
0.000030
-0.000030
0.000030
-0.000030
0.000030
-0.000030
0.000030
-0.000030
0.000030
-0.000030
0.000030
-0.000030
0.000030
-0.000030
0.000030
-0.000030
0.000030
-0.000030
0.000030
-0.000030
0.000030
-0.000030
0.000030
-0.000030
0.000030
-0.000030
0.000030
-0.000030
0.000030
-0.000030
0.000030
-0.000030
0.000030
-0.000030
0.000030
-0.000030
0.000030
-0.000030
0.000030
-0.000030
0.000030
-0.000030
0.000030
-0.000030
0.000030
-0.000030
0.000030
-0.000030
0.000030
-0.000030
0.000030
-0.000030
0.000030
-0.000030
0.000030
-0.000030
0.000030
-0.000030
0.000030
-0.000030
0.000030
-0.000030
0.000030
-0.000030
0.000030
-0.000030
0.000030
-0.000030
0.000030
-0.000030
0.000030
-0.000030
0.000030
-0.000030
0.000030
-0.000030
0.000030
-0.000030
0.000030
-0.000030
0.000030
-0.000030
0.000030
-0.000030
0.000030
-0.000030
0.000030
-0.000030
0.000030
-0.000030
0.000030
-0.000030
0.000030
-0.000030
0.000030
-0.000030
0.000030
-0.000030
0.000030
-0.000030
0.000030
-0.000030
0.000030
-0.000030
0.000030
-0.000030
0.000030
-0.000030
0.000030
-0.000030
0.000030
-0.000030
0.000030
-0.000030
0.000030
-0.000030
0.000030
-0.000030
0.000030
-0.000030
0.000030
-0.000030
0.000030
-0.000030
0.000030
-0.000030
0.000030
-0.000030
0.000030
-0.000030
0.000030
-0.000030
0.000030
-0.000030
0.000030
-0.000030
0.000030
-0.000030
0.000030
-0.000030
0.000030
-0.000030
0.000030
-0.000030
0.000030
-0.000030
0.000030
-0.000030
0.000030
-0.000030
0.000030
-0.000030
0.000030
-0.000030
0.000030
-0.000030
0.000030
-0.000030
0.000030
-0.000030
0.000030
-0.000030
0.000030
-0.000030
0.000030
-0.000030
0.000030
-0.000030
0.000030
-0.000030
0.000030
-0.000030
0.000030
-0.000030
0.000030
-0.000030
0.000030
-0.000030
0.000030
-0.000030
0.000030
-0.000030
0.000030
-0.000030
0.000030
-0.000030
0.000030
-0.000030
0.000030
-0.000030
0.000030
-0.000030
0.000030
-0.000030
0.000030
-0.000030
0.000030
-0.000030
0.000030
-0.000030
0.000030
-0.000030
0.000030
-0.000030
0.000030
-0.000030
0.000030
-0.000030
0.000030
-0.000030
0.000030
-0.000030
0.000030
-0.000030
0.000030
-0.000030
0.000030
-0.000030
0.000030
-0.000030
0.000030
-0.000030
0.000030
-0.000030
0.000030
-0.000030
0.000030
-0.000030
0.000030
-0.000030
0.000030
-0.000030
0.000030
-0.000030
0.000030
-0.000030
0.000030
-0.000030
0.000030
-0.000030
0.000030
-0.000030
0.000030
-0.000030
0.000030
-0.000030
0.000030
-0.000030
0.000030
-0.000030
0.000030
-0.000030
0.000030
-0.000030
0.000030
-0.000030
0.000030
-0.000030
0.000030
-0.000030
0.000030
-0.000030
0.000030
-0.000030
0.000030
-0.000030
0.000030
-0.000030
0.000030
-0.000030
0.000030
-0.000030
0.000030
-0.000030
0.000030
-0.000030
0.000030
-0.000030
0.000030
-0.000030
0.000030
-0.000030
0.000030
-0.000030
0.000030
-0.000030
0.000030
-0.000030
0.000030
-0.000030
0.000030
-0.000030
0.000030
-0.000030
0.000030
-0.000030
0.000030
-0.000030
0.000030
-0.000030
0.000030
-0.000030
0.000030
-0.000030
0.000030
-0.000030
0.000030
-0.000030
0.000030
-0.000030
0.000030
-0.000030
0.000030
-0.000030
0.000030
-0.000030
0.000030
-0.000030
0.000030
-0.000030
0.000030
-0.000030
0.000030
-0.000030
0.000030
-0.000030
0.000030
-0.000030
0.000030
-0.000030
0.000030
-0.000030
0.000030
-0.000030
0.000030
-0.000030
0.000030
-0.000030
0.000030
-0.000030
0.000030
-0.000030
0.000030
-0.000030
0.000030
-0.000030
0.000030
-0.000030
0.000030
-0.000030
0.000030
-0.000030
0.000030
-0.000030
0.000030
-0.000030
0.000030
-0.000030
0.000030
-0.000030
0.000030
-0.000030
0.000030
-0.000030
0.000030
-0.000030
0.000030
-0.000030
0.000030
-0.000030
0.000030
-0.000030
0.000030
-0.000030
0.000030
-0.000030
0.000030
-0.000030
0.000030
-0.000030
0.000030
-0.000030
0.000030
-0.000030
0.000030
-0.000030
0.000030
-0.000030
0.000030
-0.000030
0.000030
-0.000030
0.000030
-0.000030
0.000030
-0.000030
0.000030
-0.000030
0.000030
-0.000030
0.000030
-0.000030
0.000030
-0.000030
0.000030
-0.000030
0.000030
-0.000030
0.000030
-0.000030
0.000030
-0.000030
0.000030
-0.000030
0.000030
-0.000030
0.000030
-0.000030
0.000030
-0.000030
0.000030
-0.000030
0.000030
-0.000030
0.000030
-0.000030
0.000030
-0.000030
0.000030
-0.000030
0.000030
-0.000030
0.000030
-0.000030
0.000030
-0.000030
0.000030
-0.000030
0.000030
-0.000030
0.000030
-0.000030
0.000030
-0.000030
0.000030
-0.000030
0.000030
-0.000030
0.000030
-0.000030
0.000030
-0.000030
0.000030
-0.000030
0.000030
-0.000030
0.000030
-0.000030
0.000030
-0.000030
0.000030
-0.000030
0.000030
-0.000030
0.000030
-0.000030
0.000030
-0.000030
0.000030
-0.000030
0.000030
-0.000030
0.000030
-0.000030
0.000030
-0.000030
0.000030
-0.000030
0.000030
-0.000030
0.000030
-0.000030
0.000030
-0.000030
0.000030
-0.000030
0.000030
-0.000030
0.000030
-0.000030
0.000030
-0.000030
0.000030
-0.000030
0.000030
-0.000030
0.000030
-0.000030
0.000030
-0.000030
0.000030
-0.000030
0.000030
-0.000030
0.000030
-0.000030
0.000030
-0.000030
0.000030
-0.000030
0.000030
-0.000030
0.000030
-0.000030
0.000030
-0.000030
0.000030
-0.000030
0.000030
-0.000030
0.000030
-0.000030
0.000030
-0.000030
0.000030
-0.000030
0.000030
-0.000030
0.000030
-0.000030
0.000030
-0.000030
0.000030
-0.000030
0.000030
-0.000030
0.000030
-0.000030
0.000030
-0.000030
0.000030
-0.000030
0.000030
-0.000030
0.000030
-0.000030
0.000030
-0.000030
0.000030
-0.000030
0.000030
-0.000030
0.000030
-0.000030
0.000030
-0.000030
0.000030
-0.000030
0.000030
-0.000030
0.000030
-0.000030
0.000030
-0.000030
0.000030
-0.000030
0.000030
-0.000030
0.000030
-0.000030
0.000030
-0.000030
0.000030
-0.000030
0.000030
-0.000030
0.000030
-0.000030
0.000030
-0.000030
0.000030
-0.000030
0.000030
-0.000030
0.000030
-0.000030
0.000030
-0.000030
0.000030
-0.000030
0.000030
-0.000030
0.000030
-0.000030
0.000030
-0.000030
0.000030
-0.000030
0.000030
-0.000030
0.000030
-0.000030
0.000030
-0.000030
0.000030
-0.000030
0.000030
-0.000030
0.000030
-0.000030
0.000030
-0.000030
0.000030
-0.000030
0.000030
-0.000030
0.000030
-0.000030
0.000030
-0.000030
0.000030
-0.000030
0.000030
-0.000030
0.000030
-0.000030
0.000030
-0.000030
0.000030
-0.000030
0.000030
-0.000030
0.000030
-0.000030
0.000030
-0.000030
0.000030
-0.000030
0.000030
-0.000030
0.000030
-0.000030
0.000030
-0.000030
0.000030
-0.000030
0.000030
-0.000030
0.000030
-0.000030
0.000030
-0.000030
0.000030
-0.000030
0.000030
-0.000030
0.000030
-0.000030
0.000030
-0.000030
0.000030
-0.000030
0.000030
-0.000030
0.000030
-0.000030
0.000030
-0.000030
0.000030
-0.000030
0.000030
-0.000030
0.000030
-0.000030
0.000030
-0.000030
0.000030
-0.000030
0.000030
-0.000030
0.000030
-0.000030
0.000030
-0.000030
0.000030
-0.000030
0.000030
-0.000030
0.000030
-0.000030
0.000030
-0.000030
0.000030
-0.000030
0.000030
-0.000030
0.000030
-0.000030
0.000030
-0.000030
0.000030
-0.000030
0.000030
-0.000030
0.000030
-0.000030
0.000030
-0.000030
0.000030
-0.000030
0.000030
-0.000030
0.000030
-0.000030
0.000030
-0.000030
0.000030
-0.000030
0.000030
-0.000030
0.000030
-0.000030
0.000030
-0.000030
0.000030
-0.000030
0.000030
-0.000030
0.000030
-0.000030
0.000030
-0.000030
0.000030
-0.000030
0.000030
-0.000030
0.000030
-0.000030
0.000030
-0.000030
0.000030
-0.000030
0.000030
-0.000030
0.000030
-0.000030
0.000030
-0.000030
0.000030
-0.000030
0.000030
-0.000030
0.000030
-0.000030
0.000030
-0.000030
0.000030
-0.000030
0.000030
-0.000030
0.000030
-0.000030
0.000030
-0.000030
0.000030
-0.000030
0.000030
-0.000030
0.000030
-0.000030
0.000030
-0.000030
0.000030
-0.000030
0.000030
-0.000030
0.000030
-0.000030
0.000030
-0.000030
0.000030
-0.000030
0.000030
-0.000030
0.000030
-0.000030
0.000030
-0.000030
0.000030
-0.000030
0.000030
-0.000030
0.000030
-0.000030
0.000030
-0.000030
0.000030
-0.000030
0.000030
-0.000030
0.000030
-0.000030
0.000030
-0.000030
0.000030
-0.000030
0.000030
-0.000030
0.000030
-0.000030
0.000030
-0.000030
0.000030
-0.000030
0.000030
-0.000030
0.000030
-0.000030
0.000030
-0.000030
0.000030
-0.000030
0.000030
-0.000030
0.000030
-0.000030
0.000030
-0.000030
0.000030
-0.000030
0.000030
-0.000030
0.000030
-0.000030
0.000030
-0.000030
0.000030
-0.000030
0.000030
-0.000030
0.000030
-0.000030
0.000030
-0.000030
0.000030
-0.000030
0.000030
-0.000030
0.000030
-0.000030
0.000030
-0.000030
0.000030
-0.000030
0.000030
-0.000030
0.000030
-0.000030
0.000030
-0.000030
0.000030
-0.000030
0.000030
-0.000030
0.000030
-0.000030
0.000030
-0.000030
0.000030
-0.000030
0.000030
-0.000030
0.000030
-0.000030
0.000030
-0.000030
0.000030
-0.000030
0.000030
-0.000030
0.000030
-0.000030
0.000030
-0.000030
0.000030
-0.000030
0.000030
-0.000030
0.000030
-0.000030
0.000030
-0.000030
0.000030
-0.000030
0.000030
-0.000030
0.000030
-0.000030
0.000030
-0.000030
0.000030
-0.000030
0.000030
-0.000030
0.000030
-0.000030
0.000030
-0.000030
0.000030
-0.000030
0.000030
-0.000030
0.000030
-0.000030
0.000030
-0.000030
0.000030
-0.000030
0.000030
-0.000030
0.000030
-0.000030
0.000030
-0.000030
0.000030
-0.000030
0.000030
-0.000030
0.000030
-0.000030
0.000030
-0.000030
0.000030
-0.000030
0.000030
-0.000030
0.000030
-0.000030
0.000030
-0.000030
0.000030
-0.000030
0.000030
-0.000030
0.000030
-0.000030
0.000030
-0.000030
0.000030
-0.000030
0.000030
-0.000030
0.000030
-0.000030
0.000030
-0.000030
0.000030
-0.000030
0.000030
-0.000030
0.000030
-0.000030
0.000030
-0.000030
0.000030
-0.000030
0.000030
-0.000030
0.000030
-0.000030
0.000030
-0.000030
0.000030
-0.000030
0.000030
-0.000030
0.000030
-0.000030
0.000030
-0.000030
0.000030
-0.000030
0.000030
-0.000030
0.000030
-0.000030
0.000030
-0.000030
0.000030
-0.000030
0.000030
-0.000030
0.000030
-0.000030
0.000030
-0.000030
0.000030
-0.000030
0.000030
-0.000030
0.000030
-0.000030
0.000030
-0.000030
0.000030
-0.000030
0.000030
-0.000030
0.000030
-0.000030
0.000030
-0.000030
0.000030
-0.000030
0.000030
-0.000030
0.000030
-0.000030
0.000030
-0.000030
0.000030
-0.000030
0.000030
-0.000030
0.000030
-0.000030
0.000030
-0.000030
0.000030
-0.000030
0.000030
-0.000030
0.000030
-0.000030
0.000030
-0.000030
0.000030
-0.000030
0.000030
-0.000030
0.000030
-0.000030
0.000030
-0.000030
0.000030
-0.000030
0.000030
-0.000030
0.000030
-0.000030
0.000030
-0.000030
0.000030
-0.000030
0.000030
-0.000030
0.000030
-0.000030
0.000030
-0.000030
0.000030
-0.000030
0.000030
-0.000030
0.000030
-0.000030
0.000030
-0.000030
0.000030
-0.000030
0.000030
-0.000030
0.000030
-0.000030
0.000030
-0.000030
0.000030
-0.000030
0.000030
-0.000030
0.000030
-0.000030
0.000030
-0.000030
0.000030
-0.000030
0.000030
-0.000030
0.000030
-0.000030
0.000030
-0.000030
0.000030
-0.000030
0.000030
-0.000030
0.000030
-0.000030
0.000030
-0.000030
0.000030
-0.000030
0.000030
-0.000030
0.000030
-0.000030
0.000030
-0.000030
0.000030
-0.000030
0.000030
-0.000030
0.000030
-0.000030
0.000030
-0.000030
0.000030
-0.000030
0.000030
-0.000030
0.000030
-0.000030
0.000030
-0.000030
0.000030
-0.000030
0.000030
-0.000030
0.000030
-0.000030
0.000030
-0.000030
0.000030
-0.000030
0.000030
-0.000030
0.000030
-0.000030
0.000030
-0.000030
0.000030
-0.000030
0.000030
-0.000030
0.000030
-0.000030
0.000030
-0.000030
0.000030
-0.000030
0.000030
-0.000030
0.000030
-0.000030
0.000030
-0.000030
0.000030
-0.000030
0.000030
-0.000030
0.000030
-0.000030
0.000030
-0.000030
0.000030
-0.000030
0.000030
-0.000030
0.000030
-0.000030
0.000030
-0.000030
0.000030
-0.000030
0.000030
-0.000030
0.000030
-0.000030
0.000030
-0.000030
0.000030
-0.000030
0.000030
-0.000030
0.000030
-0.000030
0.000030
-0.000030
0.000030
-0.000030
0.000030
-0.000030
0.000030
-0.000030
0.000030
-0.000030
0.000030
-0.000030
0.000030
-0.000030
0.000030
-0.000030
0.000030
-0.000030
0.000030
-0.000030
0.000030
-0.000030
0.000030
-0.000030
0.000030
-0.000030
0.000030
-0.000030
0.000030
-0.000030
0.000030
-0.000030
0.000030
-0.000030
0.000030
-0.000030
0.000030
-0.000030
0.000030
-0.000030
0.000030
-0.000030
0.000030
-0.000030
0.000030
-0.000030
0.000030
-0.000030
0.000030
-0.000030
0.000030
-0.000030
0.000030
-0.000030
0.000030
-0.000030
0.000030
-0.000030
0.000030
-0.000030
0.000030
-0.000030
0.000030
-0.000030
0.000030
-0.000030
0.000030
-0.000030
0.000030
-0.000030
0.000030
-0.000030
0.000030
-0.000030
0.000030
-0.000030
0.000030
-0.000030
0.000030
-0.000030
0.000030
-0.000030
0.000030
-0.000030
0.000030
-0.000030
0.000030
-0.000030
0.000030
-0.000030
0.000030
-0.000030
0.000030
-0.000030
0.000030
-0.000030
0.000030
-0.000030
0.000030
-0.000030
0.000030
-0.000030
0.000030
-0.000030
0.000030
-0.000030
0.000030
-0.000030
0.000030
-0.000030
0.000030
-0.000030
0.000030
-0.000030
0.000030
-0.000030
0.000030
-0.000030
0.000030
-0.000030
0.000030
-0.000030
0.000030
-0.000030
0.000030
-0.000030
0.000030
-0.000030
0.000030
-0.000030
0.000030
-0.000030
0.000030
-0.000030
0.000030
-0.000030
0.000030
-0.000030
0.000030
-0.000030
0.000030
-0.000030
0.000030
-0.000030
0.000030
-0.000030
0.000030
-0.000030
0.000030
-0.000030
0.000030
-0.000030
0.000030
-0.000030
0.000030
-0.000030
0.000030
-0.000030
0.000030
-0.000030
0.000030
-0.000030
0.000030
-0.000030
0.000030
-0.000030
0.000030
-0.000030
0.000030
-0.000030
0.000030
-0.000030
0.000030
-0.000030
0.000030
-0.000030
0.000030
-0.000030
0.000030
-0.000030
0.000030
-0.000030
0.000030
-0.000030
0.000030
-0.000030
0.000030
-0.000030
0.000030
-0.000030
0.000030
-0.000030
0.000030
-0.000030
0.000030
-0.000030
0.000030
-0.000030
0.000030
-0.000030
0.000030
-0.000030
0.000030
-0.000030
0.000030
-0.000030
0.000030
-0.000030
0.000030
-0.000030
0.000030
-0.000030
0.000030
-0.000030
0.000030
-0.000030
0.000030
-0.000030
0.000030
-0.000030
0.000030
-0.000030
0.000030
-0.000030
0.000030
-0.000030
0.000030
-0.000030
0.000030
-0.000030
0.000030
-0.000030
0.000030
-0.000030
0.000030
-0.000030
0.000030
-0.000030
0.000030
-0.000030
0.000030
-0.000030
0.000030
-0.000030
0.000030
-0.000030
0.000030
-0.000030
0.000030
-0.000030
0.000030
-0.000030
0.000030
-0.000030
0.000030
-0.000030
0.000030
-0.000030
0.000030
-0.000030
0.000030
-0.000030
0.000030
-0.000030
0.000030
-0.000030
0.000030
-0.000030
0.000030
-0.000030
0.000030
-0.000030
0.000030
-0.000030
0.000030
-0.000030
0.000030
-0.000030
0.000030
-0.000030
0.000030
-0.000030
0.000030
-0.000030
0.000030
-0.000030
0.000030
-0.000030
0.000030
-0.000030
0.000030
-0.000030
0.000030
-0.000030
0.000030
-0.000030
0.000030
-0.000030
0.000030
-0.000030
0.000030
-0.000030
0.000030
-0.000030
0.000030
-0.000030
0.000030
-0.000030
0.000030
-0.000030
0.000030
-0.000030
0.000030
-0.000030
0.000030
-0.000030
0.000030
-0.000030
0.000030
-0.000030
0.000030
-0.000030
0.000030
-0.000030
0.000030
-0.000030
0.000030
-0.000030
0.000030
-0.000030
0.000030
-0.000030
0.000030
-0.000030
0.000030
-0.000030
0.000030
-0.000030
0.000030
-0.000030
0.000030
-0.000030
0.000030
-0.000030
0.000030
-0.000030
0.000030
-0.000030
0.000030
-0.000030
0.000030
-0.000030
0.000030
-0.000030
0.000030
-0.000030
0.000030
-0.000030
0.000030
-0.000030
0.000030
-0.000030
0.000030
-0.000030
0.000030
-0.000030
0.000030
-0.000030
0.000030
-0.000030
0.000030
-0.000030
0.000030
-0.000030
0.000030
-0.000030
0.000030
-0.000030
0.000030
-0.000030
0.000030
-0.000030
0.000030
-0.000030
0.000030
-0.000030
0.000030
-0.000030
0.000030
-0.000030
0.000030
-0.000030
0.000030
-0.000030
0.000030
-0.000030
0.000030
-0.000030
0.000030
-0.000030
0.000030
-0.000030
0.000030
-0.000030
0.000030
-0.000030
0.000030
-0.000030
0.000030
-0.000030
0.000030
-0.000030
0.000030
-0.000030
0.000030
-0.000030
0.000030
-0.000030
0.000030
-0.000030
0.000030
-0.000030
0.000030
-0.000030
0.000030
-0.000030
0.000030
-0.000030
0.000030
-0.000030
0.000030
-0.000030
0.000030
-0.000030
0.000030
-0.000030
0.000030
-0.000030
0.000030
-0.000030
0.000030
-0.000030
0.000030
-0.000030
0.000030
-0.000030
0.000030
-0.000030
0.000030
-0.000030
0.000030
-0.000030
0.000030
-0.000030
0.000030
-0.000030
0.000030
-0.000030
0.000030
-0.000030
0.000030
-0.000030
0.000030
-0.000030
0.000030
-0.000030
0.000030
-0.000030
0.000030
-0.000030
0.000030
-0.000030
0.000030
-0.000030
0.000030
-0.000030
0.000030
-0.000030
0.000030
-0.000030
0.000030
-0.000030
0.000030
-0.000030
0.000030
-0.000030
0.000030
-0.000030
0.000030
-0.000030
0.000030
-0.000030
0.000030
-0.000030
0.000030
-0.000030
0.000030
-0.000030
0.000030
-0.000030
0.000030
-0.000030
0.000030
-0.000030
0.000030
-0.000030
0.000030
-0.000030
0.000030
-0.000030
0.000030
-0.000030
0.000030
-0.000030
0.000030
-0.000030
0.000030
-0.000030
0.000030
-0.000030
0.000030
-0.000030
0.000030
-0.000030
0.000030
-0.000030
0.000030
-0.000030
0.000030
-0.000030
0.000030
-0.000030
0.000030
-0.000030
0.000030
-0.000030
0.000030
-0.000030
0.000030
-0.000030
0.000030
-0.000030
0.000030
-0.000030
0.000030
-0.000030
0.000030
-0.000030
0.000030
-0.000030
0.000030
-0.000030
0.000030
-0.000030
0.000030
-0.000030
0.000030
-0.000030
0.000030
-0.000030
0.000030
-0.000030
0.000030
-0.000030
0.000030
-0.000030
0.000030
-0.000030
0.000030
-0.000030
0.000030
-0.000030
0.000030
-0.000030
0.000030
-0.000030
0.000030
-0.000030
0.000030
-0.000030
0.000030
-0.000030
0.000030
-0.000030
0.000030
-0.000030
0.000030
-0.000030
0.000030
-0.000030
0.000030
-0.000030
0.000030
-0.000030
0.000030
-0.000030
0.000030
-0.000030
0.000030
-0.000030
0.000030
-0.000030
0.000030
-0.000030
0.000030
-0.000030
0.000030
-0.000030
0.000030
-0.000030
0.000030
-0.000030
0.000030
-0.000030
0.000030
-0.000030
0.000030
-0.000030
0.000030
-0.000030
0.000030
-0.000030
0.000030
-0.000030
0.000030
-0.000030
0.000030
-0.000030
0.000030
-0.000030
0.000030
-0.000030
0.000030
-0.000030
0.000030
-0.000030
0.000030
-0.000030
0.000030
-0.000030
0.000030
-0.000030
0.000030
-0.000030
0.000030
-0.000030
0.000030
-0.000030
0.000030
-0.000030
0.000030
-0.000030
0.000030
-0.000030
0.000030
-0.000030
0.000030
-0.000030
0.000030
-0.000030
0.000030
-0.000030
0.000030
-0.000030
0.000030
-0.000030
0.000030
-0.000030
0.000030
-0.000030
0.000030
-0.000030
0.000030
-0.000030
0.000030
-0.000030
0.000030
-0.000030
0.000030
-0.000030
0.000030
-0.000030
0.000030
-0.000030
0.000030
-0.000030
0.000030
-0.000030
0.000030
-0.000030
0.000030
-0.000030
0.000030
-0.000030
0.000030
-0.000030
0.000030
-0.000030
0.000030
-0.000030
0.000030
-0.000030
0.000030
-0.000030
0.000030
-0.000030
0.000030
-0.000030
0.000030
-0.000030
0.000030
-0.000030
0.000030
-0.000030
0.000030
-0.000030
0.000030
-0.000030
0.000030
-0.000030
0.000030
-0.000030
0.000030
-0.000030
0.000030
-0.000030
0.000030
-0.000030
0.000030
-0.000030
0.000030
-0.000030
0.000030
-0.000030
0.000030
-0.000030
0.000030
-0.000030
0.000030
-0.000030
0.000030
-0.000030
0.000030
-0.000030
0.000030
-0.000030
0.000030
-0.000030
0.000030
-0.000030
0.000030
-0.000030
0.000030
-0.000030
0.000030
-0.000030
0.000030
-0.000030
0.000030
-0.000030
0.000030
-0.000030
0.000030
-0.000030
0.000030
-0.000030
0.000030
-0.000030
0.000030
-0.000030
0.000030
-0.000030
0.000030
-0.000030
0.000030
-0.000030
0.000030
-0.000030
0.000030
-0.000030
0.000030
-0.000030
0.000030
-0.000030
0.000030
-0.000030
0.000030
-0.000030
0.000030
-0.000030
0.000030
-0.000030
0.000030
-0.000030
0.000030
-0.000030
0.000030
-0.000030
0.000030
-0.000030
0.000030
-0.000030
0.000030
-0.000030
0.000030
-0.000030
0.000030
-0.000030
0.000030
-0.000030
0.000030
-0.000030
0.000030
-0.000030
0.000030
-0.000030
0.000030
-0.000030
0.000030
-0.000030
0.000030
-0.000030
0.000030
-0.000030
0.000030
-0.000030
0.000030
-0.000030
0.000030
-0.000030
0.000030
-0.000030
0.000030
-0.000030
0.000030
-0.000030
0.000030
-0.000030
0.000030
-0.000030
0.000030
-0.000030
0.000030
-0.000030
0.000030
-0.000030
0.000030
-0.000030
0.000030
-0.000030
0.000030
-0.000030
0.000030
-0.000030
0.000030
-0.000030
0.000030
-0.000030
0.000030
-0.000030
0.000030
-0.000030
0.000030
-0.000030
0.000030
-0.000030
0.000030
-0.000030
0.000030
-0.000030
0.000030
-0.000030
0.000030
-0.000030
0.000030
-0.000030
0.000030
-0.000030
0.000030
-0.000030
0.000030
-0.000030
0.000030
-0.000030
0.000030
-0.000030
0.000030
-0.000030
0.000030
-0.000030
0.000030
-0.000030
0.000030
-0.000030
0.000030
-0.000030
0.000030
-0.000030
0.000030
-0.000030
0.000030
-0.000030
0.000030
-0.000030
0.000030
-0.000030
0.000030
-0.000030
0.000030
-0.000030
0.000030
-0.000030
0.000030
-0.000030
0.000030
-0.000030
0.000030
-0.000030
0.000030
-0.000030
0.000030
-0.000030
0.000030
-0.000030
0.000030
-0.000030
0.000030
-0.000030
0.000030
-0.000030
0.000030
-0.000030
0.000030
-0.000030
0.000030
-0.000030
0.000030
-0.000030
0.000030
-0.000030
0.000030
-0.000030
0.000030
-0.000030
0.000030
-0.000030
0.000030
-0.000030
0.000030
-0.000030
0.000030
-0.000030
0.000030
-0.000030
0.000030
-0.000030
0.000030
-0.000030
0.000030
-0.000030
0.000030
-0.000030
0.000030
-0.000030
0.000030
-0.000030
0.000030
-0.000030
0.000030
-0.000030
0.000030
-0.000030
0.000030
-0.000030
0.000030
-0.000030
0.000030
-0.000030
0.000030
-0.000030
0.000030
-0.000030
0.000030
-0.000030
0.000030
-0.000030
0.000030
-0.000030
0.000030
-0.000030
0.000030
-0.000030
0.000030
-0.000030
0.000030
-0.000030
0.000030
-0.000030
0.000030
-0.000030
0.000030
-0.000030
0.000030
-0.000030
0.000030
-0.000030
0.000030
-0.000030
0.000030
-0.000030
0.000030
-0.000030
0.000030
-0.000030
0.000030
-0.000030
0.000030
-0.000030
0.000030
-0.000030
0.000030
-0.000030
0.000030
-0.000030
0.000030
-0.000030
0.000030
-0.000030
0.000030
-0.000030
0.000030
-0.000030
0.000030
-0.000030
0.000030
-0.000030
0.000030
-0.000030
0.000030
-0.000030
0.000030
-0.000030
0.000030
-0.000030
0.000030
-0.000030
0.000030
-0.000030
0.000030
-0.000030
0.000030
-0.000030
0.000030
-0.000030
0.000030
-0.000030
0.000030
-0.000030
0.000030
-0.000030
0.000030
-0.000030
0.000030
-0.000030
0.000030
-0.000030
0.000030
-0.000030
0.000030
-0.000030
0.000030
-0.000030
0.000030
-0.000030
0.000030
-0.000030
0.000030
-0.000030
0.000030
-0.000030
0.000030
-0.000030
0.000030
-0.000030
0.000030
-0.000030
0.000030
-0.000030
0.000030
-0.000030
0.000030
-0.000030
0.000030
-0.000030
0.000030
-0.000030
0.000030
-0.000030
0.000030
-0.000030
0.000030
-0.000030
0.000030
-0.000030
0.000030
-0.000030
0.000030
-0.000030
0.000030
-0.000030
0.000030
-0.000030
0.000030
-0.000030
0.000030
-0.000030
0.000030
-0.000030
0.000030
-0.000030
0.000030
-0.000030
0.000030
-0.000030
0.000030
-0.000030
0.000030
-0.000030
0.000030
-0.000030
0.000030
-0.000030
0.000030
-0.000030
0.000030
-0.000030
0.000030
-0.000030
0.000030
-0.000030
0.000030
-0.000030
0.000030
-0.000030
0.000030
-0.000030
0.000030
-0.000030
0.000030
-0.000030
0.000030
-0.000030
0.000030
-0.000030
0.000030
-0.000030
0.000030
-0.000030
0.000030
-0.000030
0.000030
-0.000030
0.000030
-0.000030
0.000030
-0.000030
0.000030
-0.000030
0.000030
-0.000030
0.000030
-0.000030
0.000030
-0.000030
0.000030
-0.000030
0.000030
-0.000030
0.000030
-0.000030
0.000030
-0.000030
0.000030
-0.000030
0.000030
-0.000030
0.000030
-0.000030
0.000030
-0.000030
0.000030
-0.000030
0.000030
-0.000030
0.000030
-0.000030
0.000030
-0.000030
0.000030
-0.000030
0.000030
-0.000030
0.000030
-0.000030
0.000030
-0.000030
0.000030
-0.000030
0.000030
-0.000030
0.000030
-0.000030
0.000030
-0.000030
0.000030
-0.000030
0.000030
-0.000030
0.000030
-0.000030
0.000030
-0.000030
0.000030
-0.000030
0.000030
-0.000030
0.000030
-0.000030
0.000030
-0.000030
0.000030
-0.000030
0.000030
-0.000030
0.000030
-0.000030
0.000030
-0.000030
0.000030
-0.000030
0.000030
-0.000030
0.000030
-0.000030
0.000030
-0.000030
0.000030
-0.000030
0.000030
-0.000030
0.000030
-0.000030
0.000030
-0.000030
0.000030
-0.000030
0.000030
-0.000030
0.000030
-0.000030
0.000030
-0.000030
0.000030
-0.000030
0.000030
-0.000030
0.000030
-0.000030
0.000030
-0.000030
0.000030
-0.000030
0.000030
-0.000030
0.000030
-0.000030
0.000030
-0.000030
0.000030
-0.000030
0.000030
-0.000030
0.000030
-0.000030
0.000030
-0.000030
0.000030
-0.000030
0.000030
-0.000030
0.000030
-0.000030
0.000030
-0.000030
0.000030
-0.000030
0.000030
-0.000030
0.000030
-0.000030
0.000030
-0.000030
0.000030
-0.000030
0.000030
-0.000030
0.000030
-0.000030
0.000030
-0.000030
0.000030
-0.000030
0.000030
-0.000030
0.000030
-0.000030
0.000030
-0.000030
0.000030
-0.000030
0.000030
-0.000030
0.000030
-0.000030
0.000030
-0.000030
0.000030
-0.000030
0.000030
-0.000030
0.000030
-0.000030
0.000030
-0.000030
0.000030
-0.000030
0.000030
-0.000030
0.000030
-0.000030
0.000030
-0.000030
0.000030
-0.000030
0.000030
-0.000030
0.000030
-0.000030
0.000030
-0.000030
0.000030
-0.000030
0.000030
-0.000030
0.000030
-0.000030
0.000030
-0.000030
0.000030
-0.000030
0.000030
-0.000030
0.000030
-0.000030
0.000030
-0.000030
0.000030
-0.000030
0.000030
-0.000030
0.000030
-0.000030
0.000030
-0.000030
0.000030
-0.000030
0.000030
-0.000030
0.000030
-0.000030
0.000030
-0.000030
0.000030
-0.000030
0.000030
-0.000030
0.000030
-0.000030
0.000030
-0.000030
0.000030
-0.000030
0.000030
-0.000030
0.000030
-0.000030
0.000030
-0.000030
0.000030
-0.000030
0.000030
-0.000030
0.000030
-0.000030
0.000030
-0.000030
0.000030
-0.000030
0.000030
-0.000030
0.000030
-0.000030
0.000030
-0.000030
0.000030
-0.000030
0.000030
-0.000030
0.000030
-0.000030
0.000030
-0.000030
0.000030
-0.000030
0.000030
-0.000030
0.000030
-0.000030
0.000030
-0.000030
0.000030
-0.000030
0.000030
-0.000030
0.000030
-0.000030
0.000030
-0.000030
0.000030
-0.000030
0.000030
-0.000030
0.000030
-0.000030
0.000030
-0.000030
0.000030
-0.000030
0.000030
-0.000030
0.000030
-0.000030
0.000030
-0.000030
0.000030
-0.000030
0.000030
-0.000030
0.000030
-0.000030
0.000030
-0.000030
0.000030
-0.000030
0.000030
-0.000030
0.000030
-0.000030
0.000030
-0.000030
0.000030
-0.000030
0.000030
-0.000030
0.000030
-0.000030
0.000030
-0.000030
0.000030
-0.000030
0.000030
-0.000030
0.000030
-0.000030
0.000030
-0.000030
0.000030
-0.000030
0.000030
-0.000030
0.000030
-0.000030
0.000030
-0.000030
0.000030
-0.000030
0.000030
-0.000030
0.000030
-0.000030
0.000030
-0.000030
0.000030
-0.000030
0.000030
-0.000030
0.000030
-0.000030
0.000030
-0.000030
0.000030
-0.000030
0.000030
-0.000030
0.000030
-0.000030
0.000030
-0.000030
0.000030
-0.000030
0.000030
-0.000030
0.000030
-0.000030
0.000030
-0.000030
0.000030
-0.000030
0.000030
-0.000030
0.000030
-0.000030
0.000030
-0.000030
0.000030
-0.000030
0.000030
-0.000030
0.000030
-0.000030
0.000030
-0.000030
0.000030
-0.000030
0.000030
-0.000030
0.000030
-0.000030
0.000030
-0.000030
0.000030
-0.000030
0.000030
-0.000030
0.000030
-0.000030
0.000030
-0.000030
0.000030
-0.000030
0.000030
-0.000030
0.000030
-0.000030
0.000030
-0.000030
0.000030
-0.000030
0.000030
-0.000030
0.000030
-0.000030
0.000030
-0.000030
0.000030
-0.000030
0.000030
-0.000030
0.000030
-0.000030
0.000030
-0.000030
0.000030
-0.000030
0.000030
-0.000030
0.000030
-0.000030
0.000030
-0.000030
0.000030
-0.000030
0.000030
-0.000030
0.000030
-0.000030
0.000030
-0.000030
0.000030
-0.000030
0.000030
-0.000030
0.000030
-0.000030
0.000030
-0.000030
0.000030
-0.000030
0.000030
-0.000030
0.000030
-0.000030
0.000030
-0.000030
0.000030
-0.000030
0.000030
-0.000030
0.000030
-0.000030
0.000030
-0.000030
0.000030
-0.000030
0.000030
-0.000030
0.000030
-0.000030
0.000030
-0.000030
0.000030
-0.000030
0.000030
-0.000030
0.000030
-0.000030
0.000030
-0.000030
0.000030
-0.000030
0.000030
-0.000030
0.000030
-0.000030
0.000030
-0.000030
0.000030
-0.000030
0.000030
-0.000030
0.000030
-0.000030
0.000030
-0.000030
0.000030
-0.000030
0.000030
-0.000030
0.000030
-0.000030
0.000030
-0.000030
0.000030
-0.000030
0.000030
-0.000030
0.000030
-0.000030
0.000030
-0.000030
0.000030
-0.000030
0.000030
-0.000030
0.000030
-0.000030
0.000030
-0.000030
0.000030
-0.000030
0.000030
-0.000030
0.000030
-0.000030
0.000030
-0.000030
0.000030
-0.000030
0.000030
-0.000030
0.000030
-0.000030
0.000030
-0.000030
0.000030
-0.000030
0.000030
-0.000030
0.000030
-0.000030
0.000030
-0.000030
0.000030
-0.000030
0.000030
-0.000030
0.000030
-0.000030
0.000030
-0.000030
0.000030
-0.000030
0.000030
-0.000030
0.000030
-0.000030
0.000030
-0.000030
0.000030
-0.000030
0.000030
-0.000030
0.000030
-0.000030
0.000030
-0.000030
0.000030
-0.000030
0.000030
-0.000030
0.000030
-0.000030
0.000030
-0.000030
0.000030
-0.000030
0.000030
-0.000030
0.000030
-0.000030
0.000030
-0.000030
0.000030
-0.000030
0.000030
-0.000030
0.000030
-0.000030
0.000030
-0.000030
0.000030
-0.000030
0.000030
-0.000030
0.000030
-0.000030
0.000030
-0.000030
0.000030
-0.000030
0.000030
-0.000030
0.000030
-0.000030
0.000030
-0.000030
0.000030
-0.000030
0.000030
-0.000030
0.000030
-0.000030
0.000030
-0.000030
0.000030
-0.000030
0.000030
-0.000030
0.000030
-0.000030
0.000030
-0.000030
0.000030
-0.000030
0.000030
-0.000030
0.000030
-0.000030
0.000030
-0.000030
0.000030
-0.000030
0.000030
-0.000030
0.000030
-0.000030
0.000030
-0.000030
0.000030
-0.000030
0.000030
-0.000030
0.000030
-0.000030
0.000030
-0.000030
0.000030
-0.000030
0.000030
-0.000030
0.000030
-0.000030
0.000030
-0.000030
0.000030
-0.000030
0.000030
-0.000030
0.000030
-0.000030
0.000030
-0.000030
0.000030
-0.000030
0.000030
-0.000030
0.000030
-0.000030
0.000030
-0.000030
0.000030
-0.000030
0.000030
-0.000030
0.000030
-0.000030
0.000030
-0.000030
0.000030
-0.000030
0.000030
-0.000030
0.000030
-0.000030
0.000030
-0.000030
0.000030
-0.000030
0.000030
-0.000030
0.000030
-0.000030
0.000030
-0.000030
0.000030
-0.000030
0.000030
-0.000030
0.000030
-0.000030
0.000030
-0.000030
0.000030
-0.000030
0.000030
-0.000030
0.000030
-0.000030
0.000030
-0.000030
0.000030
-0.000030
0.000030
-0.000030
0.000030
-0.000030
0.000030
-0.000030
0.000030
-0.000030
0.000030
-0.000030
0.000030
-0.000030
0.000030
-0.000030
0.000030
-0.000030
0.000030
-0.000030
0.000030
-0.000030
0.000030
-0.000030
0.000030
-0.000030
0.000030
-0.000030
0.000030
-0.000030
0.000030
-0.000030
0.000030
-0.000030
0.000030
-0.000030
0.000030
-0.000030
0.000030
-0.000030
0.000030
-0.000030
0.000030
-0.000030
0.000030
-0.000030
0.000030
-0.000030
0.000030
-0.000030
0.000030
-0.000030
0.000030
-0.000030
0.000030
-0.000030
0.000030
-0.000030
0.000030
-0.000030
0.000030
-0.000030
0.000030
-0.000030
0.000030
-0.000030
0.000030
-0.000030
0.000030
-0.000030
0.000030
-0.000030
0.000030
-0.000030
0.000030
-0.000030
0.000030
-0.000030
0.000030
-0.000030
0.000030
-0.000030
0.000030
-0.000030
0.000030
-0.000030
0.000030
-0.000030
0.000030
-0.000030
0.000030
-0.000030
0.000030
-0.000030
0.000030
-0.000030
0.000030
-0.000030
0.000030
-0.000030
0.000030
-0.000030
0.000030
-0.000030
0.000030
-0.000030
0.000030
-0.000030
0.000030
-0.000030
0.000030
-0.000030
0.000030
-0.000030
0.000030
-0.000030
0.000030
-0.000030
0.000030
-0.000030
0.000030
-0.000030
0.000030
-0.000030
0.000030
-0.000030
0.000030
-0.000030
0.000030
-0.000030
0.000030
-0.000030
0.000030
-0.000030
0.000030
-0.000030
0.000030
-0.000030
0.000030
-0.000030
0.000030
-0.000030
0.000030
-0.000030
0.000030
-0.000030
0.000030
-0.000030
0.000030
-0.000030
0.000030
-0.000030
0.000030
-0.000030
0.000030
-0.000030
0.000030
-0.000030
0.000030
-0.000030
0.000030
-0.000030
0.000030
-0.000030
0.000030
-0.000030
0.000030
-0.000030
0.000030
-0.000030
0.000030
-0.000030
0.000030
-0.000030
0.000030
-0.000030
0.000030
-0.000030
0.000030
-0.000030
0.000030
-0.000030
0.000030
-0.000030
0.000030
-0.000030
0.000030
-0.000030
0.000030
-0.000030
0.000030
-0.000030
0.000030
-0.000030
0.000030
-0.000030
0.000030
-0.000030
0.000030
-0.000030
0.000030
-0.000030
0.000030
-0.000030
0.000030
-0.000030
0.000030
-0.000030
0.000030
-0.000030
0.000030
-0.000030
0.000030
-0.000030
0.000030
-0.000030
0.000030
-0.000030
0.000030
-0.000030
0.000030
-0.000030
0.000030
-0.000030
0.000030
-0.000030
0.000030
-0.000030
0.000030
-0.000030
0.000030
-0.000030
0.000030
-0.000030
0.000030
-0.000030
0.000030
-0.000030
0.000030
-0.000030
0.000030
-0.000030
0.000030
-0.000030
0.000030
-0.000030
0.000030
-0.000030
0.000030
-0.000030
0.000030
-0.000030
0.000030
-0.000030
0.000030
-0.000030
0.000030
-0.000030
0.000030
-0.000030
0.000030
-0.000030
0.000030
-0.000030
0.000030
-0.000030
0.000030
-0.000030
0.000030
-0.000030
0.000030
-0.000030
0.000030
-0.000030
0.000030
-0.000030
0.000030
-0.000030
0.000030
-0.000030
0.000030
-0.000030
0.000030
-0.000030
0.000030
-0.000030
0.000030
-0.000030
0.000030
-0.000030
0.000030
-0.000030
0.000030
-0.000030
0.000030
-0.000030
0.000030
-0.000030
0.000030
-0.000030
0.000030
-0.000030
0.000030
-0.000030
0.000030
-0.000030
0.000030
-0.000030
0.000030
-0.000030
0.000030
-0.000030
0.000030
-0.000030
0.000030
-0.000030
0.000030
-0.000030
0.000030
-0.000030
0.000030
-0.000030
0.000030
-0.000030
0.000030
-0.000030
0.000030
-0.000030
0.000030
-0.000030
0.000030
-0.000030
0.000030
-0.000030
0.000030
-0.000030
0.000030
-0.000030
0.000030
-0.000030
0.000030
-0.000030
0.000030
-0.000030
0.000030
-0.000030
0.000030
-0.000030
0.000030
-0.000030
0.000030
-0.000030
0.000030
-0.000030
0.000030
-0.000030
0.000030
-0.000030
0.000030
-0.000030
0.000030
-0.000030
0.000030
-0.000030
0.000030
-0.000030
0.000030
-0.000030
0.000030
-0.000030
0.000030
-0.000030
0.000030
-0.000030
0.000030
-0.000030
0.000030
-0.000030
0.000030
-0.000030
0.000030
-0.000030
0.000030
-0.000030
0.000030
-0.000030
0.000030
-0.000030
0.000030
-0.000030
0.000030
-0.000030
0.000030
-0.000030
0.000030
-0.000030
0.000030
-0.000030
0.000030
-0.000030
0.000030
-0.000030
0.000030
-0.000030
0.000030
-0.000030
0.000030
-0.000030
0.000030
-0.000030
0.000030
-0.000030
0.000030
-0.000030
0.000030
-0.000030
0.000030
-0.000030
0.000030
-0.000030
0.000030
-0.000030
0.000030
-0.000030
0.000030
-0.000030
0.000030
-0.000030
0.000030
-0.000030
0.000030
-0.000030
0.000030
-0.000030
0.000030
-0.000030
0.000030
-0.000030
0.000030
-0.000030
0.000030
-0.000030
0.000030
-0.000030
0.000030
-0.000030
0.000030
-0.000030
0.000030
-0.000030
0.000030
-0.000030
0.000030
-0.000030
0.000030
-0.000030
0.000030
-0.000030
0.000030
-0.000030
0.000030
-0.000030
0.000030
-0.000030
0.000030
-0.000030
0.000030
-0.000030
0.000030
-0.000030
0.000030
-0.000030
0.000030
-0.000030
0.000030
-0.000030
0.000030
-0.000030
0.000030
-0.000030
0.000030
-0.000030
0.000030
-0.000030
0.000030
-0.000030
0.000030
-0.000030
0.000030
-0.000030
0.000030
-0.000030
0.000030
-0.000030
0.000030
-0.000030
0.000030
-0.000030
0.000030
-0.000030
0.000030
-0.000030
0.000030
-0.000030
0.000030
-0.000030
0.000030
-0.000030
0.000030
-0.000030
0.000030
-0.000030
0.000030
-0.000030
0.000030
-0.000030
0.000030
-0.000030
0.000030
-0.000030
0.000030
-0.000030
0.000030
-0.000030
0.000030
-0.000030
0.000030
-0.000030
0.000030
-0.000030
0.000030
-0.000030
0.000030
-0.000030
0.000030
-0.000030
0.000030
-0.000030
0.000030
-0.000030
0.000030
-0.000030
0.000030
-0.000030
0.000030
-0.000030
0.000030
-0.000030
0.000030
-0.000030
0.000030
-0.000030
0.000030
-0.000030
0.000030
-0.000030
0.000030
-0.000030
0.000030
-0.000030
0.000030
-0.000030
0.000030
-0.000030
0.000030
-0.000030
0.000030
-0.000030
0.000030
-0.000030
0.000030
-0.000030
0.000030
-0.000030
0.000030
-0.000030
0.000030
-0.000030
0.000030
-0.000030
0.000030
-0.000030
0.000030
-0.000030
0.000030
-0.000030
0.000030
-0.000030
0.000030
-0.000030
0.000030
-0.000030
0.000030
-0.000030
0.000030
-0.000030
0.000030
-0.000030
0.000030
-0.000030
0.000030
-0.000030
0.000030
-0.000030
0.000030
-0.000030
0.000030
-0.000030
0.000030
-0.000030
0.000030
-0.000030
0.000030
-0.000030
0.000030
-0.000030
0.000030
-0.000030
0.000030
-0.000030
0.000030
-0.000030
0.000030
-0.000030
0.000030
-0.000030
0.000030
-0.000030
0.000030
-0.000030
0.000030
-0.000030
0.000030
-0.000030
0.000030
-0.000030
0.000030
-0.000030
0.000030
-0.000030
0.000030
-0.000030
0.000030
-0.000030
0.000030
-0.000030
0.000030
-0.000030
0.000030
-0.000030
0.000030
-0.000030
0.000030
-0.000030
0.000030
-0.000030
0.000030
-0.000030
0.000030
-0.000030
0.000030
-0.000030
0.000030
-0.000030
0.000030
-0.000030
0.000030
-0.000030
0.000030
-0.000030
0.000030
-0.000030
0.000030
-0.000030
0.000030
-0.000030
0.000030
-0.000030
0.000030
-0.000030
0.000030
-0.000030
0.000030
-0.000030
0.000030
-0.000030
0.000030
-0.000030
0.000030
-0.000030
0.000030
-0.000030
0.000030
-0.000030
0.000030
-0.000030
0.000030
-0.000030
0.000030
-0.000030
0.000030
-0.000030
0.000030
-0.000030
0.000030
-0.000030
0.000030
-0.000030
0.000030
-0.000030
0.000030
-0.000030
0.000030
-0.000030
0.000030
-0.000030
0.000030
-0.000030
0.000030
-0.000030
0.000030
-0.000030
0.000030
-0.000030
0.000030
-0.000030
0.000030
-0.000030
0.000030
-0.000030
0.000030
-0.000030
0.000030
-0.000030
0.000030
-0.000030
0.000030
-0.000030
0.000030
-0.000030
0.000030
-0.000030
0.000030
-0.000030
0.000030
-0.000030
0.000030
-0.000030
0.000030
-0.000030
0.000030
-0.000030
0.000030
-0.000030
0.000030
-0.000030
0.000030
-0.000030
0.000030
-0.000030
0.000030
-0.000030
0.000030
-0.000030
0.000030
-0.000030
0.000030
-0.000030
0.000030
-0.000030
0.000030
-0.000030
0.000030
-0.000030
0.000030
-0.000030
0.000030
-0.000030
0.000030
-0.000030
0.000030
-0.000030
0.000030
-0.000030
0.000030
-0.000030
0.000030
-0.000030
0.000030
-0.000030
0.000030
-0.000030
0.000030
-0.000030
0.000030
-0.000030
0.000030
-0.000030
0.000030
-0.000030
0.000030
-0.000030
0.000030
-0.000030
0.000030
-0.000030
0.000030
-0.000030
0.000030
-0.000030
0.000030
-0.000030
0.000030
-0.000030
0.000030
-0.000030
0.000030
-0.000030
0.000030
-0.000030
0.000030
-0.000030
0.000030
-0.000030
0.000030
-0.000030
0.000030
-0.000030
0.000030
-0.000030
0.000030
-0.000030
0.000030
-0.000030
0.000030
-0.000030
0.000030
-0.000030
0.000030
-0.000030
0.000030
-0.000030
0.000030
-0.000030
0.000030
-0.000030
0.000030
-0.000030
0.000030
-0.000030
0.000030
-0.000030
0.000030
-0.000030
0.000030
-0.000030
0.000030
-0.000030
0.000030
-0.000030
0.000030
-0.000030
0.000030
-0.000030
0.000030
-0.000030
0.000030
-0.000030
0.000030
-0.000030
0.000030
-0.000030
0.000030
-0.000030
0.000030
-0.000030
0.000030
-0.000030
0.000030
-0.000030
0.000030
-0.000030
0.000030
-0.000030
0.000030
-0.000030
0.000030
-0.000030
0.000030
-0.000030
0.000030
-0.000030
0.000030
-0.000030
0.000030
-0.000030
0.000030
-0.000030
0.000030
-0.000030
0.000030
-0.000030
0.000030
-0.000030
0.000030
-0.000030
0.000030
-0.000030
0.000030
-0.000030
0.000030
-0.000030
0.000030
-0.000030
0.000030
-0.000030
0.000030
-0.000030
0.000030
-0.000030
0.000030
-0.000030
0.000030
-0.000030
0.000030
-0.000030
0.000030
-0.000030
0.000030
-0.000030
0.000030
-0.000030
0.000030
-0.000030
0.000030
-0.000030
0.000030
-0.000030
0.000030
-0.000030
0.000030
-0.000030
0.000030
-0.000030
0.000030
-0.000030
0.000030
-0.000030
0.000030
-0.000030
0.000030
-0.000030
0.000030
-0.000030
0.000030
-0.000030
0.000030
-0.000030
0.000030
-0.000030
0.000030
-0.000030
0.000030
-0.000030
0.000030
-0.000030
0.000030
-0.000030
0.000030
-0.000030
0.000030
-0.000030
0.000030
-0.000030
0.000030
-0.000030
0.000030
-0.000030
0.000030
-0.000030
0.000030
-0.000030
0.000030
-0.000030
0.000030
-0.000030
0.000030
-0.000030
0.000030
-0.000030
0.000030
-0.000030
0.000030
-0.000030
0.000030
-0.000030
0.000030
-0.000030
0.000030
-0.000030
0.000030
-0.000030
0.000030
-0.000030
0.000030
-0.000030
0.000030
-0.000030
0.000030
-0.000030
0.000030
-0.000030
0.000030
-0.000030
0.000030
-0.000030
0.000030
-0.000030
0.000030
-0.000030
0.000030
-0.000030
0.000030
-0.000030
0.000030
-0.000030
0.000030
-0.000030
0.000030
-0.000030
0.000030
-0.000030
0.000030
-0.000030
0.000030
-0.000030
0.000030
-0.000030
0.000030
-0.000030
0.000030
-0.000030
0.000030
-0.000030
0.000030
-0.000030
0.000030
-0.000030
0.000030
-0.000030
0.000030
-0.000030
0.000030
-0.000030
0.000030
-0.000030
0.000030
-0.000030
0.000030
-0.000030
0.000030
-0.000030
0.000030
-0.000030
0.000030
-0.000030
0.000030
-0.000030
0.000030
-0.000030
0.000030
-0.000030
0.000030
-0.000030
0.000030
-0.000030
0.000030
-0.000030
0.000030
-0.000030
0.000030
-0.000030
0.000030
-0.000030
0.000030
-0.000030
0.000030
-0.000030
0.000030
-0.000030
0.000030
-0.000030
0.000030
-0.000030
0.000030
-0.000030
0.000030
-0.000030
0.000030
-0.000030
0.000030
-0.000030
0.000030
-0.000030
0.000030
-0.000030
0.000030
-0.000030
0.000030
-0.000030
0.000030
-0.000030
0.000030
-0.000030
0.000030
-0.000030
0.000030
-0.000030
0.000030
-0.000030
0.000030
-0.000030
0.000030
-0.000030
0.000030
-0.000030
0.000030
-0.000030
0.000030
-0.000030
0.000030
-0.000030
0.000030
-0.000030
0.000030
-0.000030
0.000030
-0.000030
0.000030
-0.000030
0.000030
-0.000030
0.000030
-0.000030
0.000030
-0.000030
0.000030
-0.000030
0.000030
-0.000030
0.000030
-0.000030
0.000030
-0.000030
0.000030
-0.000030
0.000030
-0.000030
0.000030
-0.000030
0.000030
-0.000030
0.000030
-0.000030
0.000030
-0.000030
0.000030
-0.000030
0.000030
-0.000030
0.000030
-0.000030
0.000030
-0.000030
0.000030
-0.000030
0.000030
-0.000030
0.000030
-0.000030
0.000030
-0.000030
0.000030
-0.000030
0.000030
-0.000030
0.000030
-0.000030
0.000030
-0.000030
0.000030
-0.000030
0.000030
-0.000030
0.000030
-0.000030
0.000030
-0.000030
0.000030
-0.000030
0.000030
-0.000030
0.000030
-0.000030
0.000030
-0.000030
0.000030
-0.000030
0.000030
-0.000030
0.000030
-0.000030
0.000030
-0.000030
0.000030
-0.000030
0.000030
-0.000030
0.000030
-0.000030
0.000030
-0.000030
0.000030
-0.000030
0.000030
-0.000030
0.000030
-0.000030
0.000030
-0.000030
0.000030
-0.000030
0.000030
-0.000030
0.000030
-0.000030
0.000030
-0.000030
0.000030
-0.000030
0.000030
-0.000030
0.000030
-0.000030
0.000030
-0.000030
0.000030
-0.000030
0.000030
-0.000030
0.000030
-0.000030
0.000030
-0.000030
0.000030
-0.000030
0.000030
-0.000030
0.000030
-0.000030
0.000030
-0.000030
0.000030
-0.000030
0.000030
-0.000030
0.000030
-0.000030
0.000030
-0.000030
0.000030
-0.000030
0.000030
-0.000030
0.000030
-0.000030
0.000030
-0.000030
0.000030
-0.000030
0.000030
-0.000030
0.000030
-0.000030
0.000030
-0.000030
0.000030
-0.000030
0.000030
-0.000030
0.000030
-0.000030
0.000030
-0.000030
0.000030
-0.000030
0.000030
-0.000030
0.000030
-0.000030
0.000030
-0.000030
0.000030
-0.000030
0.000030
-0.000030
0.000030
-0.000030
0.000030
-0.000030
0.000030
-0.000030
0.000030
-0.000030
0.000030
-0.000030
0.000030
-0.000030
0.000030
-0.000030
0.000030
-0.000030
0.000030
-0.000030
0.000030
-0.000030
0.000030
-0.000030
0.000030
-0.000030
0.000030
-0.000030
0.000030
-0.000030
0.000030
-0.000030
0.000030
-0.000030
0.000030
-0.000030
0.000030
-0.000030
0.000030
-0.000030
0.000030
-0.000030
0.000030
-0.000030
0.000030
-0.000030
0.000030
-0.000030
0.000030
-0.000030
0.000030
-0.000030
0.000030
-0.000030
0.000030
-0.000030
0.000030
-0.000030
0.000030
-0.000030
0.000030
-0.000030
0.000030
-0.000030
0.000030
-0.000030
0.000030
-0.000030
0.000030
-0.000030
0.000030
-0.000030
0.000030
-0.000030
0.000030
-0.000030
0.000030
-0.000030
0.000030
-0.000030
0.000030
-0.000030
0.000030
-0.000030
0.000030
-0.000030
0.000030
-0.000030
0.000030
-0.000030
0.000030
-0.000030
0.000030
-0.000030
0.000030
-0.000030
0.000030
-0.000030
0.000030
-0.000030
0.000030
-0.000030
0.000030
-0.000030
0.000030
-0.000030
0.000030
-0.000030
0.000030
-0.000030
0.000030
-0.000030
0.000030
-0.000030
0.000030
-0.000030
0.000030
-0.000030
0.000030
-0.000030
0.000030
-0.000030
0.000030
-0.000030
0.000030
-0.000030
0.000030
-0.000030
0.000030
-0.000030
0.000030
-0.000030
0.000030
-0.000030
0.000030
-0.000030
0.000030
-0.000030
0.000030
-0.000030
0.000030
-0.000030
0.000030
-0.000030
0.000030
-0.000030
0.000030
-0.000030
0.000030
-0.000030
0.000030
-0.000030
0.000030
-0.000030
0.000030
-0.000030
0.000030
-0.000030
0.000030
-0.000030
0.000030
-0.000030
0.000030
-0.000030
0.000030
-0.000030
0.000030
-0.000030
0.000030
-0.000030
0.000030
-0.000030
0.000030
-0.000030
0.000030
-0.000030
0.000030
-0.000030
0.000030
-0.000030
0.000030
-0.000030
0.000030
-0.000030
0.000030
-0.000030
0.000030
-0.000030
0.000030
-0.000030
0.000030
-0.000030
0.000030
-0.000030
0.000030
-0.000030
0.000030
-0.000030
0.000030
-0.000030
0.000030
-0.000030
0.000030
-0.000030
0.000030
-0.000030
0.000030
-0.000030
0.000030
-0.000030
0.000030
-0.000030
0.000030
-0.000030
0.000030
-0.000030
0.000030
-0.000030
0.000030
-0.000030
0.000030
-0.000030
0.000030
-0.000030
0.000030
-0.000030
0.000030
-0.000030
0.000030
-0.000030
0.000030
-0.000030
0.000030
-0.000030
0.000030
-0.000030
0.000030
-0.000030
0.000030
-0.000030
0.000030
-0.000030
0.000030
-0.000030
0.000030
-0.000030
0.000030
-0.000030
0.000030
-0.000030
0.000030
-0.000030
0.000030
-0.000030
0.000030
-0.000030
0.000030
-0.000030
0.000030
-0.000030
0.000030
-0.000030
0.000030
-0.000030
0.000030
-0.000030
0.000030
-0.000030
0.000030
-0.000030
0.000030
-0.000030
0.000030
-0.000030
0.000030
-0.000030
0.000030
-0.000030
0.000030
-0.000030
0.000030
-0.000030
0.000030
-0.000030
0.000030
-0.000030
0.000030
-0.000030
0.000030
-0.000030
0.000030
-0.000030
0.000030
-0.000030
0.000030
-0.000030
0.000030
-0.000030
0.000030
-0.000030
0.000030
-0.000030
0.000030
-0.000030
0.000030
-0.000030
0.000030
-0.000030
0.000030
-0.000030
0.000030
-0.000030
0.000030
-0.000030
0.000030
-0.000030
0.000030
-0.000030
0.000030
-0.000030
0.000030
-0.000030
0.000030
-0.000030
0.000030
-0.000030
0.000030
-0.000030
0.000030
-0.000030
0.000030
-0.000030
0.000030
-0.000030
0.000030
-0.000030
0.000030
-0.000030
0.000030
-0.000030
0.000030
-0.000030
0.000030
-0.000030
0.000030
-0.000030
0.000030
-0.000030
0.000030
-0.000030
0.000030
-0.000030
0.000030
-0.000030
0.000030
-0.000030
0.000030
-0.000030
0.000030
-0.000030
0.000030
-0.000030
0.000030
-0.000030
0.000030
-0.000030
0.000030
-0.000030
0.000030
-0.000030
0.000030
-0.000030
0.000030
-0.000030
0.000030
-0.000030
0.000030
-0.000030
0.000030
-0.000030
0.000030
-0.000030
0.000030
-0.000030
0.000030
-0.000030
0.000030
-0.000030
0.000030
-0.000030
0.000030
-0.000030
0.000030
-0.000030
0.000030
-0.000030
0.000030
-0.000030
0.000030
-0.000030
0.000030
-0.000030
0.000030
-0.000030
0.000030
-0.000030
0.000030
-0.000030
0.000030
-0.000030
0.000030
-0.000030
0.000030
-0.000030
0.000030
-0.000030
0.000030
-0.000030
0.000030
-0.000030
0.000030
-0.000030
0.000030
-0.000030
0.000030
-0.000030
0.000030
-0.000030
0.000030
-0.000030
0.000030
-0.000030
0.000030
-0.000030
0.000030
-0.000030
0.000030
-0.000030
0.000030
-0.000030
0.000030
-0.000030
0.000030
-0.000030
0.000030
-0.000030
0.000030
-0.000030
0.000030
-0.000030
0.000030
-0.000030
0.000030
-0.000030
0.000030
-0.000030
0.000030
-0.000030
0.000030
-0.000030
0.000030
-0.000030
0.000030
-0.000030
0.000030
-0.000030
0.000030
-0.000030
0.000030
-0.000030
0.000030
-0.000030
0.000030
-0.000030
0.000030
-0.000030
0.000030
-0.000030
0.000030
-0.000030
0.000030
-0.000030
0.000030
-0.000030
0.000030
-0.000030
0.000030
-0.000030
0.000030
-0.000030
0.000030
-0.000030
0.000030
-0.000030
0.000030
-0.000030
0.000030
-0.000030
0.000030
-0.000030
0.000030
-0.000030
0.000030
-0.000030
0.000030
-0.000030
0.000030
-0.000030
0.000030
-0.000030
0.000030
-0.000030
0.000030
-0.000030
0.000030
-0.000030
0.000030
-0.000030
0.000030
-0.000030
0.000030
-0.000030
0.000030
-0.000030
0.000030
-0.000030
0.000030
-0.000030
0.000030
-0.000030
0.000030
-0.000030
0.000030
-0.000030
0.000030
-0.000030
0.000030
-0.000030
0.000030
-0.000030
0.000030
-0.000030
0.000030
-0.000030
0.000030
-0.000030
0.000030
-0.000030
0.000030
-0.000030
0.000030
-0.000030
0.000030
-0.000030
0.000030
-0.000030
0.000030
-0.000030
0.000030
-0.000030
0.000030
-0.000030
0.000030
-0.000030
0.000030
-0.000030
0.000030
-0.000030
0.000030
-0.000030
0.000030
-0.000030
0.000030
-0.000030
0.000030
-0.000030
0.000030
-0.000030
0.000030
-0.000030
0.000030
-0.000030
0.000030
-0.000030
0.000030
-0.000030
0.000030
-0.000030
0.000030
-0.000030
0.000030
-0.000030
0.000030
-0.000030
0.000030
-0.000030
0.000030
-0.000030
0.000030
-0.000030
0.000030
-0.000030
0.000030
-0.000030
0.000030
-0.000030
0.000030
-0.000030
0.000030
-0.000030
0.000030
-0.000030
0.000030
-0.000030
0.000030
-0.000030
0.000030
-0.000030
0.000030
-0.000030
0.000030
-0.000030
0.000030
-0.000030
0.000030
-0.000030
0.000030
-0.000030
0.000030
-0.000030
0.000030
-0.000030
0.000030
-0.000030
0.000030
-0.000030
0.000030
-0.000030
0.000030
-0.000030
0.000030
-0.000030
0.000030
-0.000030
0.000030
-0.000030
0.000030
-0.000030
0.000030
-0.000030
0.000030
-0.000030
0.000030
-0.000030
0.000030
-0.000030
0.000030
-0.000030
0.000030
-0.000030
0.000030
-0.000030
0.000030
-0.000030
0.000030
-0.000030
0.000030
-0.000030
0.000030
-0.000030
0.000030
-0.000030
0.000030
-0.000030
0.000030
-0.000030
0.000030
-0.000030
0.000030
-0.000030
0.000030
-0.000030
0.000030
-0.000030
0.000030
-0.000030
0.000030
-0.000030
0.000030
-0.000030
0.000030
-0.000030
0.000030
-0.000030
0.000030
-0.000030
0.000030
-0.000030
0.000030
-0.000030
0.000030
-0.000030
0.000030
-0.000030
0.000030
-0.000030
0.000030
-0.000030
0.000030
-0.000030
0.000030
-0.000030
0.000030
-0.000030
0.000030
-0.000030
0.000030
-0.000030
0.000030
-0.000030
0.000030
-0.000030
0.000030
-0.000030
0.000030
-0.000030
0.000030
-0.000030
0.000030
-0.000030
0.000030
-0.000030
0.000030
-0.000030
0.000030
-0.000030
0.000030
-0.000030
0.000030
-0.000030
0.000030
-0.000030
0.000030
-0.000030
0.000030
-0.000030
0.000030
-0.000030
0.000030
-0.000030
0.000030
-0.000030
0.000030
-0.000030
0.000030
-0.000030
0.000030
-0.000030
0.000030
-0.000030
0.000030
-0.000030
0.000030
-0.000030
0.000030
-0.000030
0.000030
-0.000030
0.000030
-0.000030
0.000030
-0.000030
0.000030
-0.000030
0.000030
-0.000030
0.000030
-0.000030
0.000030
-0.000030
0.000030
-0.000030
0.000030
-0.000030
0.000030
-0.000030
0.000030
-0.000030
0.000030
-0.000030
0.000030
-0.000030
0.000030
-0.000030
0.000030
-0.000030
0.000030
-0.000030
0.000030
-0.000030
0.000030
-0.000030
0.000030
-0.000030
0.000030
-0.000030
0.000030
-0.000030
0.000030
-0.000030
0.000030
-0.000030
0.000030
-0.000030
0.000030
-0.000030
0.000030
-0.000030
0.000030
-0.000030
0.000030
-0.000030
0.000030
-0.000030
0.000030
-0.000030
0.000030
-0.000030
0.000030
-0.000030
0.000030
-0.000030
0.000030
-0.000030
0.000030
-0.000030
0.000030
-0.000030
0.000030
-0.000030
0.000030
-0.000030
0.000030
-0.000030
0.000030
-0.000030
0.000030
-0.000030
0.000030
-0.000030
0.000030
-0.000030
0.000030
-0.000030
0.000030
-0.000030
0.000030
-0.000030
0.000030
-0.000030
0.000030
-0.000030
0.000030
-0.000030
0.000030
-0.000030
0.000030
-0.000030
0.000030
-0.000030
0.000030
-0.000030
0.000030
-0.000030
0.000030
-0.000030
0.000030
-0.000030
0.000030
-0.000030
0.000030
-0.000030
0.000030
-0.000030
0.000030
-0.000030
0.000030
-0.000030
0.000030
-0.000030
0.000030
-0.000030
0.000030
-0.000030
0.000030
-0.000030
0.000030
-0.000030
0.000030
-0.000030
0.000030
-0.000030
0.000030
-0.000030
0.000030
-0.000030
0.000030
-0.000030
0.000030
-0.000030
0.000030
-0.000030
0.000030
-0.000030
0.000030
-0.000030
0.000030
-0.000030
0.000030
-0.000030
0.000030
-0.000030
0.000030
-0.000030
0.000030
-0.000030
0.000030
-0.000030
0.000030
-0.000030
0.000030
-0.000030
0.000030
-0.000030
0.000030
-0.000030
0.000030
-0.000030
0.000030
-0.000030
0.000030
-0.000030
0.000030
-0.000030
0.000030
-0.000030
0.000030
-0.000030
0.000030
-0.000030
0.000030
-0.000030
0.000030
-0.000030
0.000030
-0.000030
0.000030
-0.000030
0.000030
-0.000030
0.000030
-0.000030
0.000030
-0.000030
0.000030
-0.000030
0.000030
-0.000030
0.000030
-0.000030
0.000030
-0.000030
0.000030
-0.000030
0.000030
-0.000030
0.000030
-0.000030
0.000030
-0.000030
0.000030
-0.000030
0.000030
-0.000030
0.000030
-0.000030
0.000030
-0.000030
0.000030
-0.000030
0.000030
-0.000030
0.000030
-0.000030
0.000030
-0.000030
0.000030
-0.000030
0.000030
-0.000030
0.000030
-0.000030
0.000030
-0.000030
0.000030
-0.000030
0.000030
-0.000030
0.000030
-0.000030
0.000030
-0.000030
0.000030
-0.000030
0.000030
-0.000030
0.000030
-0.000030
0.000030
-0.000030
0.000030
-0.000030
0.000030
-0.000030
0.000030
-0.000030
0.000030
-0.000030
0.000030
-0.000030
0.000030
-0.000030
0.000030
-0.000030
0.000030
-0.000030
0.000030
-0.000030
0.000030
-0.000030
0.000030
-0.000030
0.000030
-0.000030
0.000030
-0.000030
0.000030
-0.000030
0.000030
-0.000030
0.000030
-0.000030
0.000030
-0.000030
0.000030
-0.000030
0.000030
-0.000030
0.000030
-0.000030
0.000030
-0.000030
0.000030
-0.000030
0.000030
-0.000030
0.000030
-0.000030
0.000030
-0.000030
0.000030
-0.000030
0.000030
-0.000030
0.000030
-0.000030
0.000030
-0.000030
0.000030
-0.000030
0.000030
-0.000030
0.000030
-0.000030
0.000030
-0.000030
0.000030
-0.000030
0.000030
-0.000030
0.000030
-0.000030
0.000030
-0.000030
0.000030
-0.000030
0.000030
-0.000030
0.000030
-0.000030
0.000030
-0.000030
0.000030
-0.000030
0.000030
-0.000030
0.000030
-0.000030
0.000030
-0.000030
0.000030
-0.000030
0.000030
-0.000030
0.000030
-0.000030
0.000030
-0.000030
0.000030
-0.000030
0.000030
-0.000030
0.000030
-0.000030
0.000030
-0.000030
0.000030
-0.000030
0.000030
-0.000030
0.000030
-0.000030
0.000030
-0.000030
0.000030
-0.000030
0.000030
-0.000030
0.000030
-0.000030
0.000030
-0.000030
0.000030
-0.000030
0.000030
-0.000030
0.000030
-0.000030
0.000030
-0.000030
0.000030
-0.000030
0.000030
-0.000030
0.000030
-0.000030
0.000030
-0.000030
0.000030
-0.000030
0.000030
-0.000030
0.000030
-0.000030
0.000030
-0.000030
0.000030
-0.000030
0.000030
-0.000030
0.000030
-0.000030
0.000030
-0.000030
0.000030
-0.000030
0.000030
-0.000030
0.000030
-0.000030
0.000030
-0.000030
0.000030
-0.000030
0.000030
-0.000030
0.000030
-0.000030
0.000030
-0.000030
0.000030
-0.000030
0.000030
-0.000030
0.000030
-0.000030
0.000030
-0.000030
0.000030
-0.000030
0.000030
-0.000030
0.000030
-0.000030
0.000030
-0.000030
0.000030
-0.000030
0.000030
-0.000030
0.000030
-0.000030
0.000030
-0.000030
0.000030
-0.000030
0.000030
-0.000030
0.000030
-0.000030
0.000030
-0.000030
0.000030
-0.000030
0.000030
-0.000030
0.000030
-0.000030
0.000030
-0.000030
0.000030
-0.000030
0.000030
-0.000030
0.000030
-0.000030
0.000030
-0.000030
0.000030
-0.000030
0.000030
-0.000030
0.000030
-0.000030
0.000030
-0.000030
0.000030
-0.000030
0.000030
-0.000030
0.000030
-0.000030
0.000030
-0.000030
0.000030
-0.000030
0.000030
-0.000030
0.000030
-0.000030
0.000030
-0.000030
0.000030
-0.000030
0.000030
-0.000030
0.000030
-0.000030
0.000030
-0.000030
0.000030
-0.000030
0.000030
-0.000030
0.000030
-0.000030
0.000030
-0.000030
0.000030
-0.000030
0.000030
-0.000030
0.000030
-0.000030
0.000030
-0.000030
0.000030
-0.000030
0.000030
-0.000030
0.000030
-0.000030
0.000030
-0.000030
0.000030
-0.000030
0.000030
-0.000030
0.000030
-0.000030
0.000030
-0.000030
0.000030
-0.000030
0.000030
-0.000030
0.000030
-0.000030
0.000030
-0.000030
0.000030
-0.000030
0.000030
-0.000030
0.000030
-0.000030
0.000030
-0.000030
0.000030
-0.000030
0.000030
-0.000030
0.000030
-0.000030
0.000030
-0.000030
0.000030
-0.000030
0.000030
-0.000030
0.000030
-0.000030
0.000030
-0.000030
0.000030
-0.000030
0.000030
-0.000030
0.000030
-0.000030
0.000030
-0.000030
0.000030
-0.000030
0.000030
-0.000030
0.000030
-0.000030
0.000030
-0.000030
0.000030
-0.000030
0.000030
-0.000030
0.000030
-0.000030
0.000030
-0.000030
0.000030
-0.000030
0.000030
-0.000030
0.000030
-0.000030
0.000030
-0.000030
0.000030
-0.000030
0.000030
-0.000030
0.000030
-0.000030
0.000030
-0.000030
0.000030
-0.000030
0.000030
-0.000030
0.000030
-0.000030
0.000030
-0.000030
0.000030
-0.000030
0.000030
-0.000030
0.000030
-0.000030
0.000030
-0.000030
0.000030
-0.000030
0.000030
-0.000030
0.000030
-0.000030
0.000030
-0.000030
0.000030
-0.000030
0.000030
-0.000030
0.000030
-0.000030
0.000030
-0.000030
0.000030
-0.000030
0.000030
-0.000030
0.000030
-0.000030
0.000030
-0.000030
0.000030
-0.000030
0.000030
-0.000030
0.000030
-0.000030
0.000030
-0.000030
0.000030
-0.000030
0.000030
-0.000030
0.000030
-0.000030
0.000030
-0.000030
0.000030
-0.000030
0.000030
-0.000030
0.000030
-0.000030
0.000030
-0.000030
0.000030
-0.000030
0.000030
-0.000030
0.000030
-0.000030
0.000030
-0.000030
0.000030
-0.000030
0.000030
-0.000030
0.000030
-0.000030
0.000030
-0.000030
0.000030
-0.000030
0.000030
-0.000030
0.000030
-0.000030
0.000030
-0.000030
0.000030
-0.000030
0.000030
-0.000030
0.000030
-0.000030
0.000030
-0.000030
0.000030
-0.000030
0.000030
-0.000030
0.000030
-0.000030
0.000030
-0.000030
0.000030
-0.000030
0.000030
-0.000030
0.000030
-0.000030
0.000030
-0.000030
0.000030
-0.000030
0.000030
-0.000030
0.000030
-0.000030
0.000030
-0.000030
0.000030
-0.000030
0.000030
-0.000030
0.000030
-0.000030
0.000030
-0.000030
0.000030
-0.000030
0.000030
-0.000030
0.000030
-0.000030
0.000030
-0.000030
0.000030
-0.000030
0.000030
-0.000030
0.000030
-0.000030
0.000030
-0.000030
0.000030
-0.000030
0.000030
-0.000030
0.000030
-0.000030
0.000030
-0.000030
0.000030
-0.000030
0.000030
-0.000030
0.000030
-0.000030
0.000030
-0.000030
0.000030
-0.000030
0.000030
-0.000030
0.000030
-0.000030
0.000030
-0.000030
0.000030
-0.000030
0.000030
-0.000030
0.000030
-0.000030
0.000030
-0.000030
0.000030
-0.000030
0.000030
-0.000030
0.000030
-0.000030
0.000030
-0.000030
0.000030
-0.000030
0.000030
-0.000030
0.000030
-0.000030
0.000030
-0.000030
0.000030
-0.000030
0.000030
-0.000030
0.000030
-0.000030
0.000030
-0.000030
0.000030
-0.000030
0.000030
-0.000030
0.000030
-0.000030
0.000030
-0.000030
0.000030
-0.000030
0.000030
-0.000030
0.000030
-0.000030
0.000030
-0.000030
0.000030
-0.000030
0.000030
-0.000030
0.000030
-0.000030
0.000030
-0.000030
0.000030
-0.000030
0.000030
-0.000030
0.000030
-0.000030
0.000030
-0.000030
0.000030
-0.000030
0.000030
-0.000030
0.000030
-0.000030
0.000030
-0.000030
0.000030
-0.000030
0.000030
-0.000030
0.000030
-0.000030
0.000030
-0.000030
0.000030
-0.000030
0.000030
-0.000030
0.000030
-0.000030
0.000030
-0.000030
0.000030
-0.000030
0.000030
-0.000030
0.000030
-0.000030
0.000030
-0.000030
0.000030
-0.000030
0.000030
-0.000030
0.000030
-0.000030
0.000030
-0.000030
0.000030
-0.000030
0.000030
-0.000030
0.000030
-0.000030
0.000030
-0.000030
