0.000000
0.447159
0.749488
0.841064
0.769919
0.630175
0.505716
0.440118
0.435986
0.468334
0.508066
0.535549
0.544203
0.538203
0.526470
0.517154
0.514652
0.519365
0.529177
0.541354
0.553913
0.566121
0.578268
0.591104
0.605308
0.621191
0.638666
0.657382
0.676912
0.696886
0.717047
0.737236
0.757342
0.776734
0.796211
0.815475
0.834154
0.851924
0.868569
0.883983
0.898131
0.911005
0.922597
0.932892
0.941875
0.949545
0.955926
0.961070
0.965061
0.968003
0.970019
0.971243
0.971819
0.971897
0.971632
0.971185
0.970717
0.970388
0.970875
0.971389
0.972202
0.973637
0.975958
0.979327
0.983811
0.989416
0.996127
1.003933
1.012831
1.022816
1.033871
1.045958
1.059011
1.072945
1.087653
1.103018
1.118913
1.135209
1.151770
1.168459
1.185139
1.200925
1.217266
1.233421
1.249045
1.263895
1.277851
1.290879
1.302984
1.314170
1.324424
1.333719
1.342032
1.349353
1.355701
1.361116
1.365665
1.369429
1.372498
1.374971
1.376954
1.378557
1.379893
1.381083
1.382245
1.383501
1.385487
1.387375
1.389402
1.391858
1.394981
1.398908
1.403683
1.409298
1.415729
1.422959
1.430985
1.439806
1.449417
1.459792
1.470885
1.482633
1.494956
1.507764
1.520966
1.534462
1.548153
1.561939
1.575716
1.589382
1.602317
1.615362
1.628297
1.640843
1.652775
1.663965
1.674376
1.684022
1.692932
1.701124
1.708602
1.715364
1.721413
1.726768
1.731466
1.735562
1.739126
1.742235
1.744970
1.747414
1.749654
1.751778
1.753873
1.756028
1.758848
1.761483
1.764141
1.767085
1.770533
1.774602
1.779325
1.784683
1.790644
1.797185
1.804302
1.811999
1.820274
1.829115
1.838489
1.848348
1.858632
1.869275
1.880204
1.891348
1.902632
1.913981
1.925319
1.936054
1.947037
1.958070
1.968895
1.979301
1.989165
1.998453
2.007177
2.015366
2.023032
2.030174
2.036778
2.042832
2.048338
2.053313
2.057791
2.061816
2.065443
2.068728
2.071731
2.074512
2.077136
2.079668
2.082173
2.084718
2.087878
2.090804
2.093675
2.096728
2.100159
2.104077
2.108507
2.113425
2.118791
2.124580
2.130782
2.137400
2.144438
2.151890
2.159734
2.167935
2.176448
2.185220
2.194196
2.203321
2.212539
2.221795
2.231031
2.239688
2.248605
2.257614
2.266489
2.275035
2.283143
2.290782
2.297971
2.304745
2.311126
2.317118
2.322714
2.327901
2.332676
2.337050
2.341047
2.344702
2.348057
2.351158
2.354049
2.356779
2.359393
2.361942
2.364473
2.367036
2.370175
2.373064
2.375849
2.378741
2.381915
2.385475
2.389444
2.393796
2.398491
2.403495
2.408791
2.414380
2.420266
2.426446
2.432909
2.439629
2.446571
2.453693
2.460953
2.468306
2.475709
2.483121
2.490499
2.497317
2.504380
2.511556
2.518648
2.525484
2.531959
2.538043
2.543754
2.549131
2.554204
2.558989
2.563483
2.567678
2.571570
2.575163
2.578473
2.581527
2.584360
2.587008
2.589509
2.591899
2.594216
2.596494
2.598770
2.601554
2.604066
2.606420
2.608796
2.611356
2.614201
2.617364
2.620827
2.624552
2.628505
2.632665
2.637029
2.641603
2.646390
2.651390
2.656588
2.661961
2.667479
2.673109
2.678815
2.684564
2.690324
2.696064
2.701293
2.706762
2.712373
2.717962
2.723375
2.728510
2.733328
2.737840
2.742079
2.746080
2.749863
2.753433
2.756785
2.759910
2.762807
2.765481
2.767949
2.770235
2.772369
2.774381
2.776300
2.778155
2.779973
2.781781
2.784050
2.786062
2.787898
2.789704
2.791622
2.793750
2.796129
2.798752
2.801587
2.804596
2.807754
2.811048
2.814480
2.818055
2.821775
2.825638
2.829628
2.833725
2.837902
2.842132
2.846386
2.850639
2.854865
2.858612
2.862566
2.866661
2.870768
2.874756
2.878529
2.882040
2.885289
2.888304
2.891118
2.893761
2.896248
2.898579
2.900750
2.902757
2.904598
2.906282
2.907826
2.909250
2.910581
2.911843
2.913061
2.914256
2.915450
2.917073
2.918476
2.919711
2.920887
2.922123
2.923511
2.925098
2.926888
2.928857
2.930969
2.933191
2.935502
2.937894
2.940368
2.942926
2.945569
2.948292
2.951082
2.953920
2.956783
2.959647
2.962491
2.964894
2.967475
2.970189
2.972944
2.975629
2.978158
2.980479
2.982582
2.984481
2.986208
2.987792
2.989254
2.990604
2.991843
2.992965
2.993967
2.994849
2.995619
2.996290
2.996881
2.997412
2.997904
2.998377
2.998846
2.999709
3.000382
3.000894
3.001326
3.001773
3.002317
3.003008
3.003862
3.004866
3.005991
3.007203
3.008475
3.009793
3.011148
3.012543
3.013980
3.015458
3.016974
3.018516
3.020070
3.021617
3.022770
3.024078
3.025514
3.027005
3.028464
3.029813
3.031001
3.032007
3.032839
3.033519
3.034075
3.034532
3.034906
3.035200
3.035415
3.035546
3.035588
3.035542
3.035413
3.035214
3.034958
3.034662
3.034343
3.034016
3.033562
3.033681
3.033644
3.033443
3.033126
3.032767
3.032445
3.032219
3.032123
3.032158
3.032307
3.032538
3.032817
3.033118
3.033422
3.033722
3.034016
3.034307
3.034596
3.034883
3.034820
3.034906
3.035125
3.035420
3.035717
3.035942
3.036043
3.035989
3.035781
3.035432
3.034970
3.034421
3.033806
3.033137
3.032417
3.031643
3.030809
3.029911
3.028946
3.027919
3.026837
3.025713
3.024560
3.023392
3.022220
3.021381
3.020406
3.019296
3.018091
3.016846
3.015621
3.014460
3.013390
3.012417
3.011526
3.010695
3.009897
3.009108
3.008309
3.007492
3.006652
3.005791
3.004913
3.003592
3.002560
3.001656
3.000827
3.000008
2.999133
2.998154
2.997042
2.995794
2.994421
2.992948
2.991400
2.989799
2.988162
2.986493
2.984793
2.983054
2.981271
2.979437
2.977551
2.975615
2.973636
2.971624
2.969590
2.967545
2.965396
2.963709
2.961906
2.959971
2.957921
2.955796
2.953646
2.951517
2.949444
2.947443
2.945512
2.943637
2.941794
2.939958
2.938105
2.936220
2.933896
2.932189
2.930011
2.927886
2.925812
2.923769
2.921727
2.919654
2.917520
2.915306
2.913001
2.910608
2.908135
2.905595
2.903003
2.900370
2.897705
2.895014
2.892295
2.889549
2.886773
2.883965
2.881125
2.878255
2.875358
2.872441
2.869418
2.866428
2.863856
2.860793
2.858120
2.854956
2.852198
2.849355
2.846426
2.843054
2.840159
2.837262
2.834351
2.831417
2.828085
2.825237
2.822090
2.819002
2.815961
2.812943
2.809919
2.806860
2.803742
2.800551
2.797283
2.793941
2.790535
2.787077
2.783580
2.780054
2.776506
2.772937
2.769348
2.765736
2.762096
2.758425
2.754722
2.750985
2.747219
2.743425
2.739610
2.735698
2.731807
2.727945
2.724464
2.720516
2.716558
2.712606
2.709023
2.704978
2.700932
2.696908
2.693265
2.689175
2.685091
2.681102
2.677106
2.673091
2.669048
2.664972
2.660858
2.656703
2.652508
2.648275
2.644008
2.639709
2.635380
2.631024
2.626641
2.622229
2.617789
2.613320
2.608820
2.604290
2.599729
2.595139
2.590521
2.585878
2.581212
2.576524
2.571817
2.567093
2.562281
2.557483
2.552702
2.547936
2.543176
2.538412
2.533633
2.528827
2.523989
2.519114
2.514271
2.509365
2.504398
2.499376
2.494311
2.489214
2.484099
2.478973
2.473841
2.468704
2.463558
2.458396
2.453213
2.448002
2.442756
2.437474
2.432153
2.426795
2.421403
2.415981
2.410531
2.405058
2.399564
2.394051
2.388519
2.382968
2.377397
2.371805
2.366191
2.360554
2.354894
2.349211
2.343442
2.337739
2.331956
2.326237
2.320496
2.314725
2.308919
2.303075
2.297194
2.291279
2.285334
2.279364
2.273373
2.267363
2.261336
2.255292
2.249229
2.243146
2.237038
2.230905
2.224743
2.218551
2.212330
2.206078
2.199799
2.193492
2.187160
2.180803
2.174424
2.168022
2.161599
2.155154
2.148688
2.142199
2.135687
2.129153
2.122596
2.116015
2.109355
2.102751
2.096127
2.089481
2.082807
2.076104
2.069370
2.062606
2.055814
2.048995
2.042152
2.035286
2.028399
2.021492
2.014564
2.007616
2.000644
1.993650
1.986630
1.979585
1.972512
1.965413
1.958287
1.951134
1.943956
1.936752
1.929525
1.922273
1.914999
1.907702
1.900382
1.893040
1.885675
1.878287
1.870875
1.863389
1.855950
1.848491
1.841008
1.833447
1.825925
1.818377
1.810798
1.803186
1.795541
1.787865
1.780158
1.772425
1.764668
1.756891
1.749093
1.741277
1.733442
1.725587
1.717711
1.709812
1.701889
1.693941
1.685965
1.677963
1.669934
1.661879
1.653799
1.645694
1.637566
1.629414
1.621239
1.613043
1.604823
1.596581
1.588315
1.580027
1.571666
1.563347
1.555006
1.546640
1.538246
1.529776
1.521339
1.512875
1.504381
1.495811
1.487273
1.478709
1.470117
1.461451
1.452817
1.444159
1.435427
1.426729
1.418006
1.409208
1.400441
1.391600
1.382790
1.373907
1.365052
1.356121
1.347218
1.338237
1.329283
1.320252
1.311246
1.302164
1.293109
1.283979
1.274833
1.265716
1.256526
1.247320
1.238140
1.228885
1.219610
1.210357
1.201027
1.191673
1.182299
1.172950
1.163523
1.154074
1.144605
1.135160
1.125639
1.116096
1.106532
1.096992
1.087376
1.077737
1.068078
1.058400
1.048744
1.039013
1.029258
1.019481
1.009684
0.999908
0.990055
0.980179
0.970280
0.960361
0.950465
0.940492
0.930496
0.920479
0.910483
0.900412
0.890318
0.880205
0.870113
0.859947
0.849760
0.839593
0.829353
0.819091
0.808850
0.798537
0.788203
0.777892
0.767509
0.757146
0.746711
0.736295
0.725808
0.715342
0.704806
0.694292
0.683710
0.673151
0.662564
0.651906
0.641271
0.630607
0.619874
0.609164
0.598428
0.587663
0.576870
0.566047
0.555197
0.544321
0.533420
0.522497
0.511551
0.500585
0.489598
0.478591
0.467562
0.456511
0.445436
0.434338
0.423214
0.412065
0.400890
0.389689
0.378463
0.367211
0.355935
0.344634
0.333310
0.321962
0.310591
0.299196
0.287778
0.276336
0.264870
0.253381
0.241867
0.230329
0.218767
0.207181
0.195571
0.183937
0.172279
0.160598
0.148893
0.137165
0.125414
0.113639
0.101841
0.090019
0.078173
0.066304
0.054410
0.042493
0.030551
0.018585
0.006595
-0.005419
-0.014032
-0.018851
-0.019828
-0.017460
-0.012637
-0.006453
-0.000023
0.005690
0.009986
0.012212
0.012698
0.011713
0.009718
0.007265
0.004900
0.003365
0.002603
0.002769
0.003770
0.005429
0.007480
0.009337
0.011070
0.012452
0.013318
0.013584
0.013242
0.012363
0.011067
0.009511
0.007858
0.006258
0.004833
0.003946
0.003232
0.002724
0.002391
0.002195
0.002099
0.002070
0.002088
0.002145
0.002242
0.002392
0.002609
0.002906
0.003291
0.003766
0.004322
0.004940
0.005593
0.006003
0.006450
0.006915
0.007368
0.007776
0.008104
0.008320
0.008403
0.008341
0.008133
0.007791
0.007336
0.006794
0.006198
0.005580
0.004969
0.004392
0.004114
0.003837
0.003554
0.003269
0.002994
0.002747
0.002548
0.002417
0.002372
0.002423
0.002572
0.002814
0.003135
0.003517
0.003938
0.004371
0.004795
0.004942
0.005108
0.005297
0.005500
0.005704
0.005889
0.006035
0.006121
0.006133
0.006062
0.005907
0.005675
0.005378
0.005034
0.004662
0.004284
0.003918
0.003826
0.003708
0.003556
0.003374
0.003174
0.002975
0.002798
0.002661
0.002583
0.002574
0.002636
0.002767
0.002956
0.003189
0.003447
0.003713
0.003969
0.003955
0.003975
0.004035
0.004134
0.004261
0.004399
0.004527
0.004626
0.004678
0.004674
0.004608
0.004482
0.004305
0.004091
0.003854
0.003611
0.003378
0.003410
0.003405
0.003353
0.003254
0.003118
0.002963
0.002808
0.002672
0.002574
0.002524
0.002529
0.002587
0.002690
0.002828
0.002986
0.003150
0.003305
0.003196
0.003412
0.003314
0.003252
0.003232
0.003254
0.003308
0.003379
0.003452
0.003509
0.003537
0.003527
0.003477
0.003388
0.003268
0.003126
0.002977
0.002792
0.002918
0.002717
0.002826
0.002893
0.002628
0.002679
0.002709
0.002715
0.002699
0.002669
0.002633
0.002601
0.002579
0.002575
0.002589
0.002621
0.002707
0.002505
0.002654
0.002800
0.002639
0.002804
0.002658
0.002547
0.002764
0.002659
0.002574
0.002513
0.002761
0.002665
0.002567
0.002476
0.002681
0.002500
0.002335
0.002487
0.002319
0.002465
0.002290
0.002430
0.002251
0.002391
0.002215
0.002361
0.002194
0.002350
0.002193
0.002358
0.002207
0.002375
0.002263
0.002453
0.002305
0.002172
0.002352
0.002206
0.002367
0.002198
0.002337
0.002150
0.002277
0.002085
0.002212
0.001989
0.002141
0.001984
0.002151
0.001963
0.002143
0.002004
0.002177
0.001984
0.002150
0.001954
0.002119
0.001961
0.002115
0.001906
0.002061
0.001858
0.002023
0.001870
0.001994
0.001847
0.002016
0.001822
0.001991
0.001799
0.001971
0.001781
0.001955
0.001767
0.001942
0.001793
0.001914
0.001761
0.001881
0.001729
0.001891
0.001691
0.001854
0.001658
0.001828
0.001639
0.001815
0.001631
0.001810
0.001626
0.001804
0.001619
0.001793
0.001604
0.001775
0.001583
0.001752
0.001559
0.001729
0.001537
0.001709
0.001519
0.001692
0.001504
0.001678
0.001491
0.001665
0.001477
0.001651
0.001462
0.001634
0.001445
0.001618
0.001428
0.001601
0.001412
0.001586
0.001398
0.001572
0.001385
0.001559
0.001372
0.001546
0.001359
0.001533
0.001345
0.001519
0.001330
0.001504
0.001316
0.001489
0.001301
0.001475
0.001287
0.001460
0.001272
0.001446
0.001259
0.001433
0.001245
0.001419
0.001231
0.001405
0.001218
0.001392
0.001205
0.001379
0.001192
0.001366
0.001179
0.001354
0.001167
0.001342
0.001155
0.001330
0.001144
0.001319
0.001132
0.001307
0.001120
0.001295
0.001108
0.001283
0.001096
0.001271
0.001084
0.001259
0.001072
0.001247
0.001060
0.001235
0.001048
0.001223
0.001037
0.001212
0.001025
0.001200
0.001014
0.001189
0.001003
0.001178
0.000992
0.001168
0.000982
0.001157
0.000971
0.001147
0.000961
0.001137
0.000951
0.001127
0.000941
0.001117
0.000931
0.001107
0.000921
0.001097
0.000911
0.001087
0.000901
0.001077
0.000891
0.001067
0.000881
0.001057
0.000871
0.001047
0.000861
0.001037
0.000851
0.001028
0.000842
0.001018
0.000833
0.001009
0.000824
0.001000
0.000815
0.000991
0.000806
0.000982
0.000797
0.000974
0.000788
0.000965
0.000780
0.000957
0.000771
0.000948
0.000763
0.000940
0.000754
0.000931
0.000746
0.000923
0.000738
0.000914
0.000729
0.000906
0.000721
0.000898
0.000713
0.000890
0.000705
0.000882
0.000697
0.000874
0.000689
0.000866
0.000681
0.000858
0.000674
0.000851
0.000666
0.000843
0.000659
0.000836
0.000651
0.000829
0.000644
0.000821
0.000637
0.000814
0.000630
0.000807
0.000623
0.000800
0.000615
0.000793
0.000608
0.000786
0.000601
0.000779
0.000594
0.000772
0.000587
0.000765
0.000581
0.000758
0.000574
0.000752
0.000567
0.000745
0.000561
0.000739
0.000554
0.000732
0.000548
0.000726
0.000542
0.000720
0.000536
0.000714
0.000529
0.000707
0.000523
0.000701
0.000517
0.000695
0.000511
0.000689
0.000505
0.000683
0.000499
0.000677
0.000493
0.000671
0.000488
0.000666
0.000482
0.000660
0.000476
0.000654
0.000470
0.000649
0.000465
0.000643
0.000459
0.000638
0.000454
0.000632
0.000449
0.000627
0.000443
0.000622
0.000438
0.000616
0.000433
0.000611
0.000428
0.000606
0.000422
0.000601
0.000417
0.000596
0.000412
0.000591
0.000407
0.000586
0.000402
0.000581
0.000397
0.000576
0.000393
0.000571
0.000388
0.000566
0.000383
0.000562
0.000378
0.000557
0.000374
0.000552
0.000369
0.000548
0.000364
0.000543
0.000360
0.000539
0.000356
0.000534
0.000351
0.000530
0.000347
0.000526
0.000342
0.000521
0.000338
0.000517
0.000334
0.000513
0.000330
0.000509
0.000325
0.000504
0.000321
0.000500
0.000317
0.000496
0.000313
0.000492
0.000309
0.000488
0.000305
0.000484
0.000301
0.000480
0.000297
0.000476
0.000294
0.000473
0.000290
0.000469
0.000286
0.000465
0.000282
0.000461
0.000279
0.000458
0.000275
0.000454
0.000271
0.000450
0.000268
0.000447
0.000264
0.000443
0.000261
0.000440
0.000257
0.000436
0.000254
0.000433
0.000250
0.000429
0.000247
0.000426
0.000243
0.000423
0.000240
0.000419
0.000237
0.000416
0.000234
0.000413
0.000230
0.000410
0.000227
0.000407
0.000224
0.000404
0.000221
0.000400
0.000218
0.000397
0.000215
0.000394
0.000212
0.000391
0.000209
0.000388
0.000206
0.000385
0.000203
0.000382
0.000200
0.000379
0.000197
0.000377
0.000194
0.000374
0.000191
0.000371
0.000189
0.000368
0.000186
0.000365
0.000183
0.000363
0.000180
0.000360
0.000178
0.000357
0.000175
0.000355
0.000172
0.000352
0.000170
0.000349
0.000167
0.000347
0.000165
0.000344
0.000162
0.000342
0.000160
0.000339
0.000157
0.000337
0.000155
0.000334
0.000152
0.000332
0.000150
0.000330
0.000147
0.000327
0.000145
0.000325
0.000143
0.000323
0.000140
0.000320
0.000138
0.000318
0.000136
0.000316
0.000134
0.000313
0.000131
0.000311
0.000129
0.000309
0.000127
0.000307
0.000125
0.000305
0.000123
0.000303
0.000121
0.000301
0.000119
0.000298
0.000116
0.000296
0.000114
0.000294
0.000112
0.000292
0.000110
0.000290
0.000108
0.000288
0.000106
0.000286
0.000104
0.000284
0.000102
0.000283
0.000101
0.000281
0.000099
0.000279
0.000097
0.000277
0.000095
0.000275
0.000093
0.000273
0.000091
0.000271
0.000089
0.000270
0.000088
0.000268
0.000086
0.000266
0.000084
0.000264
0.000082
0.000263
0.000081
0.000261
0.000079
0.000259
0.000077
0.000257
0.000076
0.000256
0.000074
0.000254
0.000072
0.000253
0.000071
0.000251
0.000069
0.000249
0.000068
0.000248
0.000066
0.000246
0.000064
0.000245
0.000063
0.000243
0.000061
0.000242
0.000060
0.000240
0.000058
0.000239
0.000057
0.000237
0.000055
0.000236
0.000054
0.000234
0.000053
0.000233
0.000051
0.000231
0.000050
0.000230
0.000048
0.000229
0.000047
0.000227
0.000046
0.000226
0.000044
0.000225
0.000043
0.000223
0.000042
0.000222
0.000040
0.000221
0.000039
0.000219
0.000038
0.000218
0.000036
0.000217
0.000035
0.000216
0.000034
0.000214
0.000033
0.000213
0.000031
0.000212
0.000030
0.000211
0.000029
0.000209
0.000028
0.000208
0.000027
0.000207
0.000026
0.000206
0.000024
0.000205
0.000023
0.000204
0.000022
0.000203
0.000021
0.000201
0.000020
0.000200
0.000019
0.000199
0.000018
0.000198
0.000017
0.000197
0.000016
0.000196
0.000015
0.000195
0.000013
0.000194
0.000012
0.000193
0.000011
0.000192
0.000010
0.000191
0.000009
0.000190
0.000008
0.000189
0.000007
0.000188
0.000006
0.000187
0.000006
0.000186
0.000005
0.000185
0.000004
0.000184
0.000003
0.000183
0.000002
0.000182
0.000001
0.000181
-0.000000
0.000180
-0.000001
0.000180
-0.000002
0.000179
-0.000003
0.000178
-0.000004
0.000177
-0.000004
0.000176
-0.000005
0.000175
-0.000006
0.000174
-0.000007
0.000174
-0.000008
0.000173
-0.000009
0.000172
-0.000009
0.000171
-0.000010
0.000170
-0.000011
0.000170
-0.000012
0.000169
-0.000013
0.000168
-0.000013
0.000167
-0.000014
0.000166
-0.000015
0.000166
-0.000016
0.000165
-0.000016
0.000164
-0.000017
0.000163
-0.000018
0.000163
-0.000019
0.000162
-0.000019
0.000161
-0.000020
0.000161
-0.000021
0.000160
-0.000021
0.000159
-0.000022
0.000159
-0.000023
0.000158
-0.000023
0.000157
-0.000024
0.000157
-0.000025
0.000156
-0.000025
0.000155
-0.000026
0.000155
-0.000027
0.000154
-0.000027
0.000153
-0.000028
0.000153
-0.000029
0.000152
-0.000029
0.000151
-0.000030
0.000151
-0.000030
0.000150
-0.000031
0.000150
-0.000032
0.000149
-0.000032
0.000149
-0.000033
0.000148
-0.000033
0.000147
-0.000034
0.000147
-0.000034
0.000146
-0.000035
0.000146
-0.000036
0.000145
-0.000036
0.000145
-0.000037
0.000144
-0.000037
0.000144
-0.000038
0.000143
-0.000038
0.000142
-0.000039
0.000142
-0.000039
0.000141
-0.000040
0.000141
-0.000040
0.000140
-0.000041
0.000140
-0.000041
0.000139
-0.000042
0.000139
-0.000042
0.000138
-0.000043
0.000138
-0.000043
0.000138
-0.000044
0.000137
-0.000044
0.000137
-0.000045
0.000136
-0.000045
0.000136
-0.000045
0.000135
-0.000046
0.000135
-0.000046
0.000134
-0.000047
0.000134
-0.000047
0.000133
-0.000048
0.000133
-0.000048
0.000133
-0.000049
0.000132
-0.000049
0.000132
-0.000049
0.000131
-0.000050
0.000131
-0.000050
0.000131
-0.000051
0.000130
-0.000051
0.000130
-0.000051
0.000129
-0.000052
0.000129
-0.000052
0.000129
-0.000053
0.000128
-0.000053
0.000128
-0.000053
0.000128
-0.000054
0.000127
-0.000054
0.000127
-0.000054
0.000126
-0.000055
0.000126
-0.000055
0.000126
-0.000055
0.000125
-0.000056
0.000125
-0.000056
0.000125
-0.000056
0.000124
-0.000057
0.000124
-0.000057
0.000124
-0.000057
0.000123
-0.000058
0.000123
-0.000058
0.000123
-0.000058
0.000122
-0.000059
0.000122
-0.000059
0.000122
-0.000059
0.000121
-0.000060
0.000121
-0.000060
0.000121
-0.000060
0.000121
-0.000061
0.000120
-0.000061
0.000120
-0.000061
0.000120
-0.000061
0.000119
-0.000062
0.000119
-0.000062
0.000119
-0.000062
0.000118
-0.000063
0.000118
-0.000063
0.000118
-0.000063
0.000118
-0.000063
0.000117
-0.000064
0.000117
-0.000064
0.000117
-0.000064
0.000117
-0.000064
0.000116
-0.000065
0.000116
-0.000065
0.000116
-0.000065
0.000116
-0.000066
0.000115
-0.000066
0.000115
-0.000066
0.000115
-0.000066
0.000115
-0.000066
0.000114
-0.000067
0.000114
-0.000067
0.000114
-0.000067
0.000114
-0.000067
0.000113
-0.000068
0.000113
-0.000068
0.000113
-0.000068
0.000113
-0.000068
0.000113
-0.000069
0.000112
-0.000069
0.000112
-0.000069
0.000112
-0.000069
0.000112
-0.000069
0.000111
-0.000070
0.000111
-0.000070
0.000111
-0.000070
0.000111
-0.000070
0.000111
-0.000070
0.000110
-0.000071
0.000110
-0.000071
0.000110
-0.000071
0.000110
-0.000071
0.000110
-0.000071
0.000109
-0.000072
0.000109
-0.000072
0.000109
-0.000072
0.000109
-0.000072
0.000109
-0.000072
0.000109
-0.000073
0.000108
-0.000073
0.000108
-0.000073
0.000108
-0.000073
0.000108
-0.000073
0.000108
-0.000073
0.000107
-0.000074
0.000107
-0.000074
0.000107
-0.000074
0.000107
-0.000074
0.000107
-0.000074
0.000107
-0.000074
0.000107
-0.000075
0.000106
-0.000075
0.000106
-0.000075
0.000106
-0.000075
0.000106
-0.000075
0.000106
-0.000075
0.000106
-0.000075
0.000105
-0.000076
0.000105
-0.000076
0.000105
-0.000076
0.000105
-0.000076
0.000105
-0.000076
0.000105
-0.000076
0.000105
-0.000076
0.000104
-0.000077
0.000104
-0.000077
0.000104
-0.000077
0.000104
-0.000077
0.000104
-0.000077
0.000104
-0.000077
0.000104
-0.000077
0.000103
-0.000078
0.000103
-0.000078
0.000103
-0.000078
0.000103
-0.000078
0.000103
-0.000078
0.000103
-0.000078
0.000103
-0.000078
0.000103
-0.000078
0.000102
-0.000079
0.000102
-0.000079
0.000102
-0.000079
0.000102
-0.000079
0.000102
-0.000079
0.000102
-0.000079
0.000102
-0.000079
0.000102
-0.000079
0.000102
-0.000079
0.000101
-0.000080
0.000101
-0.000080
0.000101
-0.000080
0.000101
-0.000080
0.000101
-0.000080
0.000101
-0.000080
0.000101
-0.000080
0.000101
-0.000080
0.000101
-0.000080
0.000101
-0.000081
0.000100
-0.000081
0.000100
-0.000081
0.000100
-0.000081
0.000100
-0.000081
0.000100
-0.000081
0.000100
-0.000081
0.000100
-0.000081
0.000100
-0.000081
0.000100
-0.000081
0.000100
-0.000081
0.000099
-0.000082
0.000099
-0.000082
0.000099
-0.000082
0.000099
-0.000082
0.000099
-0.000082
0.000099
-0.000082
0.000099
-0.000082
0.000099
-0.000082
0.000099
-0.000082
0.000099
-0.000082
0.000099
-0.000082
0.000099
-0.000082
0.000098
-0.000083
0.000098
-0.000083
0.000098
-0.000083
0.000098
-0.000083
0.000098
-0.000083
0.000098
-0.000083
0.000098
-0.000083
0.000098
-0.000083
0.000098
-0.000083
0.000098
-0.000083
0.000098
-0.000083
0.000098
-0.000083
0.000098
-0.000083
0.000097
-0.000084
0.000097
-0.000084
0.000097
-0.000084
0.000097
-0.000084
0.000097
-0.000084
0.000097
-0.000084
0.000097
-0.000084
0.000097
-0.000084
0.000097
-0.000084
0.000097
-0.000084
0.000097
-0.000084
0.000097
-0.000084
0.000097
-0.000084
0.000097
-0.000084
0.000097
-0.000084
0.000097
-0.000084
0.000096
-0.000085
0.000096
-0.000085
0.000096
-0.000085
0.000096
-0.000085
0.000096
-0.000085
0.000096
-0.000085
0.000096
-0.000085
0.000096
-0.000085
0.000096
-0.000085
0.000096
-0.000085
0.000096
-0.000085
0.000096
-0.000085
0.000096
-0.000085
0.000096
-0.000085
0.000096
-0.000085
0.000096
-0.000085
0.000096
-0.000085
0.000096
-0.000085
0.000095
-0.000086
0.000095
-0.000086
0.000095
-0.000086
0.000095
-0.000086
0.000095
-0.000086
0.000095
-0.000086
0.000095
-0.000086
0.000095
-0.000086
0.000095
-0.000086
0.000095
-0.000086
0.000095
-0.000086
0.000095
-0.000086
0.000095
-0.000086
0.000095
-0.000086
0.000095
-0.000086
0.000095
-0.000086
0.000095
-0.000086
0.000095
-0.000086
0.000095
-0.000086
0.000095
-0.000086
0.000095
-0.000086
0.000095
-0.000086
0.000094
-0.000086
0.000094
-0.000087
0.000094
-0.000087
0.000094
-0.000087
0.000094
-0.000087
0.000094
-0.000087
0.000094
-0.000087
0.000094
-0.000087
0.000094
-0.000087
0.000094
-0.000087
0.000094
-0.000087
0.000094
-0.000087
0.000094
-0.000087
0.000094
-0.000087
0.000094
-0.000087
0.000094
-0.000087
0.000094
-0.000087
0.000094
-0.000087
0.000094
-0.000087
0.000094
-0.000087
0.000094
-0.000087
0.000094
-0.000087
0.000094
-0.000087
0.000094
-0.000087
0.000094
-0.000087
0.000094
-0.000087
0.000094
-0.000087
0.000094
-0.000087
0.000094
-0.000087
0.000093
-0.000087
0.000093
-0.000088
0.000093
-0.000088
0.000093
-0.000088
0.000093
-0.000088
0.000093
-0.000088
0.000093
-0.000088
0.000093
-0.000088
0.000093
-0.000088
0.000093
-0.000088
0.000093
-0.000088
0.000093
-0.000088
0.000093
-0.000088
0.000093
-0.000088
0.000093
-0.000088
0.000093
-0.000088
0.000093
-0.000088
0.000093
-0.000088
0.000093
-0.000088
0.000093
-0.000088
0.000093
-0.000088
0.000093
-0.000088
0.000093
-0.000088
0.000093
-0.000088
0.000093
-0.000088
0.000093
-0.000088
0.000093
-0.000088
0.000093
-0.000088
0.000093
-0.000088
0.000093
-0.000088
0.000093
-0.000088
0.000093
-0.000088
0.000093
-0.000088
0.000093
-0.000088
0.000093
-0.000088
0.000093
-0.000088
0.000093
-0.000088
0.000093
-0.000088
0.000093
-0.000088
0.000093
-0.000088
0.000092
-0.000088
0.000092
-0.000088
0.000092
-0.000089
0.000092
-0.000089
0.000092
-0.000089
0.000092
-0.000089
0.000092
-0.000089
0.000092
-0.000089
0.000092
-0.000089
0.000092
-0.000089
0.000092
-0.000089
0.000092
-0.000089
0.000092
-0.000089
0.000092
-0.000089
0.000092
-0.000089
0.000092
-0.000089
0.000092
-0.000089
0.000092
-0.000089
0.000092
-0.000089
0.000092
-0.000089
0.000092
-0.000089
0.000092
-0.000089
0.000092
-0.000089
0.000092
-0.000089
0.000092
-0.000089
0.000092
-0.000089
0.000092
-0.000089
0.000092
-0.000089
0.000092
-0.000089
0.000092
-0.000089
0.000092
-0.000089
0.000092
-0.000089
0.000092
-0.000089
0.000092
-0.000089
0.000092
-0.000089
0.000092
-0.000089
0.000092
-0.000089
0.000092
-0.000089
0.000092
-0.000089
0.000092
-0.000089
0.000092
-0.000089
0.000092
-0.000089
0.000092
-0.000089
0.000092
-0.000089
0.000092
-0.000089
0.000092
-0.000089
0.000092
-0.000089
0.000092
-0.000089
0.000092
-0.000089
0.000092
-0.000089
0.000092
-0.000089
0.000092
-0.000089
0.000092
-0.000089
0.000092
-0.000089
0.000092
-0.000089
0.000092
-0.000089
0.000092
-0.000089
0.000092
-0.000089
0.000092
-0.000089
0.000092
-0.000089
0.000092
-0.000089
0.000092
-0.000089
0.000092
-0.000089
0.000092
-0.000089
0.000092
-0.000089
0.000092
-0.000089
0.000092
-0.000089
0.000092
-0.000089
0.000092
-0.000089
0.000091
-0.000089
0.000091
-0.000089
0.000091
-0.000089
0.000091
-0.000090
0.000091
-0.000090
0.000091
-0.000090
0.000091
-0.000090
0.000091
-0.000090
0.000091
-0.000090
0.000091
-0.000090
0.000091
-0.000090
0.000091
-0.000090
0.000091
-0.000090
0.000091
-0.000090
0.000091
-0.000090
0.000091
-0.000090
0.000091
-0.000090
0.000091
-0.000090
0.000091
-0.000090
0.000091
-0.000090
0.000091
-0.000090
0.000091
-0.000090
0.000091
-0.000090
0.000091
-0.000090
0.000091
-0.000090
0.000091
-0.000090
0.000091
-0.000090
0.000091
-0.000090
0.000091
-0.000090
0.000091
-0.000090
0.000091
-0.000090
0.000091
-0.000090
0.000091
-0.000090
0.000091
-0.000090
0.000091
-0.000090
0.000091
-0.000090
0.000091
-0.000090
0.000091
-0.000090
0.000091
-0.000090
0.000091
-0.000090
0.000091
-0.000090
0.000091
-0.000090
0.000091
-0.000090
0.000091
-0.000090
0.000091
-0.000090
0.000091
-0.000090
0.000091
-0.000090
0.000091
-0.000090
0.000091
-0.000090
0.000091
-0.000090
0.000091
-0.000090
0.000091
-0.000090
0.000091
-0.000090
0.000091
-0.000090
0.000091
-0.000090
0.000091
-0.000090
0.000091
-0.000090
0.000091
-0.000090
0.000091
-0.000090
0.000091
-0.000090
0.000091
-0.000090
0.000091
-0.000090
0.000091
-0.000090
0.000091
-0.000090
0.000091
-0.000090
0.000091
-0.000090
0.000091
-0.000090
0.000091
-0.000090
0.000091
-0.000090
0.000091
-0.000090
0.000091
-0.000090
0.000091
-0.000090
0.000091
-0.000090
0.000091
-0.000090
0.000091
-0.000090
0.000091
-0.000090
0.000091
-0.000090
0.000091
-0.000090
0.000091
-0.000090
0.000091
-0.000090
0.000091
-0.000090
0.000091
-0.000090
0.000091
-0.000090
0.000091
-0.000090
0.000091
-0.000090
0.000091
-0.000090
0.000091
-0.000090
0.000091
-0.000090
0.000091
-0.000090
0.000091
-0.000090
0.000091
-0.000090
0.000091
-0.000090
0.000091
-0.000090
0.000091
-0.000090
0.000091
-0.000090
0.000091
-0.000090
0.000091
-0.000090
0.000091
-0.000090
0.000091
-0.000090
0.000091
-0.000090
0.000091
-0.000090
0.000091
-0.000090
0.000091
-0.000090
0.000091
-0.000090
0.000091
-0.000090
0.000091
-0.000090
0.000091
-0.000090
0.000091
-0.000090
0.000091
-0.000090
0.000091
-0.000090
0.000091
-0.000090
0.000091
-0.000090
0.000091
-0.000090
0.000091
-0.000090
0.000091
-0.000090
0.000091
-0.000090
0.000091
-0.000090
0.000091
-0.000090
0.000091
-0.000090
0.000091
-0.000090
0.000091
-0.000090
0.000091
-0.000090
0.000091
-0.000090
0.000091
-0.000090
0.000091
-0.000090
0.000091
-0.000090
0.000091
-0.000090
0.000091
-0.000090
0.000091
-0.000090
0.000091
-0.000090
0.000091
-0.000090
0.000091
-0.000090
0.000091
-0.000090
0.000091
-0.000090
0.000091
-0.000090
0.000091
-0.000090
0.000091
-0.000090
0.000091
-0.000090
0.000091
-0.000090
0.000091
-0.000090
0.000091
-0.000090
0.000091
-0.000090
0.000091
-0.000090
0.000091
-0.000090
0.000091
-0.000090
0.000091
-0.000090
0.000091
-0.000090
0.000091
-0.000090
0.000091
-0.000090
0.000091
-0.000090
0.000091
-0.000090
0.000091
-0.000090
0.000091
-0.000090
0.000091
-0.000090
0.000091
-0.000090
0.000091
-0.000090
0.000091
-0.000090
0.000091
-0.000090
0.000091
-0.000090
0.000091
-0.000090
0.000091
-0.000090
0.000091
-0.000090
0.000091
-0.000090
0.000091
-0.000090
0.000091
-0.000090
0.000091
-0.000090
0.000091
-0.000090
0.000091
-0.000090
0.000091
-0.000090
0.000091
-0.000090
0.000091
-0.000090
0.000091
-0.000090
0.000091
-0.000090
0.000091
-0.000090
0.000091
-0.000090
0.000091
-0.000090
0.000091
-0.000090
0.000091
-0.000090
0.000091
-0.000090
0.000091
-0.000090
0.000091
-0.000090
0.000091
-0.000090
0.000091
-0.000090
0.000091
-0.000090
0.000091
-0.000090
0.000091
-0.000090
0.000091
-0.000090
0.000091
-0.000090
0.000091
-0.000090
0.000091
-0.000090
0.000091
-0.000090
0.000091
-0.000090
0.000091
-0.000090
0.000091
-0.000090
0.000091
-0.000090
0.000091
-0.000090
0.000091
-0.000090
0.000091
-0.000090
0.000091
-0.000090
0.000091
-0.000090
0.000091
-0.000090
0.000091
-0.000090
0.000091
-0.000090
0.000091
-0.000090
0.000091
-0.000090
0.000091
-0.000090
0.000091
-0.000090
0.000091
-0.000090
0.000091
-0.000090
0.000091
-0.000090
0.000091
-0.000090
0.000091
-0.000090
0.000091
-0.000090
0.000091
-0.000090
0.000091
-0.000090
0.000091
-0.000090
0.000091
-0.000090
0.000091
-0.000090
0.000091
-0.000090
0.000091
-0.000090
0.000091
-0.000090
0.000091
-0.000090
0.000091
-0.000090
0.000091
-0.000090
0.000091
-0.000090
0.000091
-0.000090
0.000091
-0.000090
0.000091
-0.000090
0.000091
-0.000090
0.000091
-0.000090
0.000091
-0.000090
0.000091
-0.000090
0.000091
-0.000090
0.000091
-0.000090
0.000091
-0.000090
0.000091
-0.000090
0.000091
-0.000090
0.000091
-0.000090
0.000091
-0.000090
0.000091
-0.000090
0.000091
-0.000090
0.000091
-0.000090
0.000091
-0.000090
0.000091
-0.000090
0.000091
-0.000090
0.000091
-0.000090
0.000091
-0.000090
0.000091
-0.000090
0.000091
-0.000090
0.000091
-0.000090
0.000091
-0.000090
0.000091
-0.000090
0.000091
-0.000090
0.000091
-0.000090
0.000091
-0.000090
0.000091
-0.000090
0.000091
-0.000090
0.000091
-0.000090
0.000091
-0.000090
0.000091
-0.000090
0.000091
-0.000090
0.000091
-0.000090
0.000091
-0.000090
0.000091
-0.000090
0.000091
-0.000090
0.000091
-0.000090
0.000091
-0.000090
0.000091
-0.000090
0.000091
-0.000090
0.000091
-0.000090
0.000091
-0.000090
0.000091
-0.000090
0.000091
-0.000090
0.000091
-0.000090
0.000091
-0.000090
0.000091
-0.000090
0.000091
-0.000090
0.000091
-0.000090
0.000091
-0.000090
0.000091
-0.000090
0.000091
-0.000090
0.000091
-0.000090
0.000091
-0.000090
0.000091
-0.000090
0.000091
-0.000090
0.000091
-0.000090
0.000091
-0.000090
0.000091
-0.000090
0.000091
-0.000090
0.000091
-0.000090
0.000091
-0.000090
0.000091
-0.000090
0.000091
-0.000090
0.000091
-0.000090
0.000091
-0.000090
0.000091
-0.000090
0.000091
-0.000090
0.000091
-0.000090
0.000091
-0.000090
0.000091
-0.000090
0.000091
-0.000090
0.000091
-0.000090
0.000091
-0.000090
0.000091
-0.000090
0.000091
-0.000090
0.000091
-0.000090
0.000091
-0.000090
0.000091
-0.000090
0.000091
-0.000090
0.000091
-0.000090
0.000091
-0.000090
0.000091
-0.000090
0.000091
-0.000090
0.000091
-0.000090
0.000091
-0.000090
0.000091
-0.000090
0.000091
-0.000090
0.000091
-0.000090
0.000091
-0.000090
0.000091
-0.000090
0.000091
-0.000090
0.000091
-0.000090
0.000091
-0.000090
0.000091
-0.000090
0.000091
-0.000090
0.000091
-0.000090
0.000091
-0.000090
0.000091
-0.000090
0.000091
-0.000090
0.000091
-0.000090
0.000091
-0.000090
0.000091
-0.000090
0.000091
-0.000090
0.000091
-0.000090
0.000091
-0.000090
0.000091
-0.000090
0.000091
-0.000090
0.000091
-0.000090
0.000091
-0.000090
0.000091
-0.000090
0.000091
-0.000090
0.000091
-0.000090
0.000091
-0.000090
0.000091
-0.000090
0.000091
-0.000090
0.000091
-0.000090
0.000091
-0.000090
0.000091
-0.000090
0.000091
-0.000090
0.000091
-0.000090
0.000091
-0.000090
0.000091
-0.000090
0.000091
-0.000090
0.000091
-0.000090
0.000091
-0.000090
0.000091
-0.000090
0.000091
-0.000090
0.000091
-0.000090
0.000091
-0.000090
0.000091
-0.000090
0.000091
-0.000090
0.000091
-0.000090
0.000091
-0.000090
0.000091
-0.000090
0.000091
-0.000090
0.000091
-0.000090
0.000091
-0.000090
0.000091
-0.000090
0.000091
-0.000090
0.000091
-0.000090
0.000091
-0.000090
0.000091
-0.000090
0.000091
-0.000090
0.000091
-0.000090
0.000091
-0.000090
0.000091
-0.000090
0.000091
-0.000090
0.000091
-0.000090
0.000091
-0.000090
0.000091
-0.000090
0.000091
-0.000090
0.000091
-0.000090
0.000091
-0.000090
0.000091
-0.000090
0.000091
-0.000090
0.000091
-0.000090
0.000091
-0.000090
0.000091
-0.000090
0.000091
-0.000090
0.000091
-0.000090
0.000091
-0.000090
0.000091
-0.000090
0.000091
-0.000090
0.000091
-0.000090
0.000091
-0.000090
0.000091
-0.000090
0.000091
-0.000090
0.000091
-0.000090
0.000091
-0.000090
0.000091
-0.000090
0.000091
-0.000090
0.000091
-0.000090
0.000091
-0.000090
0.000091
-0.000090
0.000091
-0.000090
0.000090
-0.000090
0.000090
-0.000090
0.000090
-0.000090
0.000090
-0.000090
0.000090
-0.000090
0.000090
-0.000090
0.000090
-0.000090
0.000090
-0.000090
0.000090
-0.000090
0.000090
-0.000090
0.000090
-0.000090
0.000090
-0.000090
0.000090
-0.000090
0.000090
-0.000090
0.000090
-0.000090
0.000090
-0.000090
0.000090
-0.000090
0.000090
-0.000090
0.000090
-0.000090
0.000090
-0.000090
0.000090
-0.000090
0.000090
-0.000090
0.000090
-0.000090
0.000090
-0.000090
0.000090
-0.000090
0.000090
-0.000090
0.000090
-0.000090
0.000090
-0.000090
0.000090
-0.000090
0.000090
-0.000090
0.000090
-0.000090
0.000090
-0.000090
0.000090
-0.000090
0.000090
-0.000090
0.000090
-0.000090
0.000090
-0.000090
0.000090
-0.000090
0.000090
-0.000090
0.000090
-0.000090
0.000090
-0.000090
0.000090
-0.000090
0.000090
-0.000090
0.000090
-0.000090
0.000090
-0.000090
0.000090
-0.000090
0.000090
-0.000090
0.000090
-0.000090
0.000090
-0.000090
0.000090
-0.000090
0.000090
-0.000090
0.000090
-0.000090
0.000090
-0.000090
0.000090
-0.000090
0.000090
-0.000090
0.000090
-0.000090
0.000090
-0.000090
0.000090
-0.000090
0.000090
-0.000090
0.000090
-0.000090
0.000090
-0.000090
0.000090
-0.000090
0.000090
-0.000090
0.000090
-0.000090
0.000090
-0.000090
0.000090
-0.000090
0.000090
-0.000090
0.000090
-0.000090
0.000090
-0.000090
0.000090
-0.000090
0.000090
-0.000090
0.000090
-0.000090
0.000090
-0.000090
0.000090
-0.000090
0.000090
-0.000090
0.000090
-0.000090
0.000090
-0.000090
0.000090
-0.000090
0.000090
-0.000090
0.000090
-0.000090
0.000090
-0.000090
0.000090
-0.000090
0.000090
-0.000090
0.000090
-0.000090
0.000090
-0.000090
0.000090
-0.000090
0.000090
-0.000090
0.000090
-0.000090
0.000090
-0.000090
0.000090
-0.000090
0.000090
-0.000090
0.000090
-0.000090
0.000090
-0.000090
0.000090
-0.000090
0.000090
-0.000090
0.000090
-0.000090
0.000090
-0.000090
0.000090
-0.000090
0.000090
-0.000090
0.000090
-0.000090
0.000090
-0.000090
0.000090
-0.000090
0.000090
-0.000090
0.000090
-0.000090
0.000090
-0.000090
0.000090
-0.000090
0.000090
-0.000090
0.000090
-0.000090
0.000090
-0.000090
0.000090
-0.000090
0.000090
-0.000090
0.000090
-0.000090
0.000090
-0.000090
0.000090
-0.000090
0.000090
-0.000090
0.000090
-0.000090
0.000090
-0.000090
0.000090
-0.000090
0.000090
-0.000090
0.000090
-0.000090
0.000090
-0.000090
0.000090
-0.000090
0.000090
-0.000090
0.000090
-0.000090
0.000090
-0.000090
0.000090
-0.000090
0.000090
-0.000090
0.000090
-0.000090
0.000090
-0.000090
0.000090
-0.000090
0.000090
-0.000090
0.000090
-0.000090
0.000090
-0.000090
0.000090
-0.000090
0.000090
-0.000090
0.000090
-0.000090
0.000090
-0.000090
0.000090
-0.000090
0.000090
-0.000090
0.000090
-0.000090
0.000090
-0.000090
0.000090
-0.000090
0.000090
-0.000090
0.000090
-0.000090
0.000090
-0.000090
0.000090
-0.000090
0.000090
-0.000090
0.000090
-0.000090
0.000090
-0.000090
0.000090
-0.000090
0.000090
-0.000090
0.000090
-0.000090
0.000090
-0.000090
0.000090
-0.000090
0.000090
-0.000090
0.000090
-0.000090
0.000090
-0.000090
0.000090
-0.000090
0.000090
-0.000090
0.000090
-0.000090
0.000090
-0.000090
0.000090
-0.000090
0.000090
-0.000090
0.000090
-0.000090
0.000090
-0.000090
0.000090
-0.000090
0.000090
-0.000090
0.000090
-0.000090
0.000090
-0.000090
0.000090
-0.000090
0.000090
-0.000090
0.000090
-0.000090
0.000090
-0.000090
0.000090
-0.000090
0.000090
-0.000090
0.000090
-0.000090
0.000090
-0.000090
0.000090
-0.000090
0.000090
-0.000090
0.000090
-0.000090
0.000090
-0.000090
0.000090
-0.000090
0.000090
-0.000090
0.000090
-0.000090
0.000090
-0.000090
0.000090
-0.000090
0.000090
-0.000090
0.000090
-0.000090
0.000090
-0.000090
0.000090
-0.000090
0.000090
-0.000090
0.000090
-0.000090
0.000090
-0.000090
0.000090
-0.000090
0.000090
-0.000090
0.000090
-0.000090
0.000090
-0.000090
0.000090
-0.000090
0.000090
-0.000090
0.000090
-0.000090
0.000090
-0.000090
0.000090
-0.000090
0.000090
-0.000090
0.000090
-0.000090
0.000090
-0.000090
0.000090
-0.000090
0.000090
-0.000090
0.000090
-0.000090
0.000090
-0.000090
0.000090
-0.000090
0.000090
-0.000090
0.000090
-0.000090
0.000090
-0.000090
0.000090
-0.000090
0.000090
-0.000090
0.000090
-0.000090
0.000090
-0.000090
0.000090
-0.000090
0.000090
-0.000090
0.000090
-0.000090
0.000090
-0.000090
0.000090
-0.000090
0.000090
-0.000090
0.000090
-0.000090
0.000090
-0.000090
0.000090
-0.000090
0.000090
-0.000090
0.000090
-0.000090
0.000090
-0.000090
0.000090
-0.000090
0.000090
-0.000090
0.000090
-0.000090
0.000090
-0.000090
0.000090
-0.000090
0.000090
-0.000090
0.000090
-0.000090
0.000090
-0.000090
0.000090
-0.000090
0.000090
-0.000090
0.000090
-0.000090
0.000090
-0.000090
0.000090
-0.000090
0.000090
-0.000090
0.000090
-0.000090
0.000090
-0.000090
0.000090
-0.000090
0.000090
-0.000090
0.000090
-0.000090
0.000090
-0.000090
0.000090
-0.000090
0.000090
-0.000090
0.000090
-0.000090
0.000090
-0.000090
0.000090
-0.000090
0.000090
-0.000090
0.000090
-0.000090
0.000090
-0.000090
0.000090
-0.000090
0.000090
-0.000090
0.000090
-0.000090
0.000090
-0.000090
0.000090
-0.000090
0.000090
-0.000090
0.000090
-0.000090
0.000090
-0.000090
0.000090
-0.000090
0.000090
-0.000090
0.000090
-0.000090
0.000090
-0.000090
0.000090
-0.000090
0.000090
-0.000090
0.000090
-0.000090
0.000090
-0.000090
0.000090
-0.000090
0.000090
-0.000090
0.000090
-0.000090
0.000090
-0.000090
0.000090
-0.000090
0.000090
-0.000090
0.000090
-0.000090
0.000090
-0.000090
0.000090
-0.000090
0.000090
-0.000090
0.000090
-0.000090
0.000090
-0.000090
0.000090
-0.000090
0.000090
-0.000090
0.000090
-0.000090
0.000090
-0.000090
0.000090
-0.000090
0.000090
-0.000090
0.000090
-0.000090
0.000090
-0.000090
0.000090
-0.000090
0.000090
-0.000090
0.000090
-0.000090
0.000090
-0.000090
0.000090
-0.000090
0.000090
-0.000090
0.000090
-0.000090
0.000090
-0.000090
0.000090
-0.000090
0.000090
-0.000090
0.000090
-0.000090
0.000090
-0.000090
0.000090
-0.000090
0.000090
-0.000090
0.000090
-0.000090
0.000090
-0.000090
0.000090
-0.000090
0.000090
-0.000090
0.000090
-0.000090
0.000090
-0.000090
0.000090
-0.000090
0.000090
-0.000090
0.000090
-0.000090
0.000090
-0.000090
0.000090
-0.000090
0.000090
-0.000090
0.000090
-0.000090
0.000090
-0.000090
0.000090
-0.000090
0.000090
-0.000090
0.000090
-0.000090
0.000090
-0.000090
0.000090
-0.000090
0.000090
-0.000090
0.000090
-0.000090
0.000090
-0.000090
0.000090
-0.000090
0.000090
-0.000090
0.000090
-0.000090
0.000090
-0.000090
0.000090
-0.000090
0.000090
-0.000090
0.000090
-0.000090
0.000090
-0.000090
0.000090
-0.000090
0.000090
-0.000090
0.000090
-0.000090
0.000090
-0.000090
0.000090
-0.000090
0.000090
-0.000090
0.000090
-0.000090
0.000090
-0.000090
0.000090
-0.000090
0.000090
-0.000090
0.000090
-0.000090
0.000090
-0.000090
0.000090
-0.000090
0.000090
-0.000090
0.000090
-0.000090
0.000090
-0.000090
0.000090
-0.000090
0.000090
-0.000090
0.000090
-0.000090
0.000090
-0.000090
0.000090
-0.000090
0.000090
-0.000090
0.000090
-0.000090
0.000090
-0.000090
0.000090
-0.000090
0.000090
-0.000090
0.000090
-0.000090
0.000090
-0.000090
0.000090
-0.000090
0.000090
-0.000090
0.000090
-0.000090
0.000090
-0.000090
0.000090
-0.000090
0.000090
-0.000090
0.000090
-0.000090
0.000090
-0.000090
0.000090
-0.000090
0.000090
-0.000090
0.000090
-0.000090
0.000090
-0.000090
0.000090
-0.000090
0.000090
-0.000090
0.000090
-0.000090
0.000090
-0.000090
0.000090
-0.000090
0.000090
-0.000090
0.000090
-0.000090
0.000090
-0.000090
0.000090
-0.000090
0.000090
-0.000090
0.000090
-0.000090
0.000090
-0.000090
0.000090
-0.000090
0.000090
-0.000090
0.000090
-0.000090
0.000090
-0.000090
0.000090
-0.000090
0.000090
-0.000090
0.000090
-0.000090
0.000090
-0.000090
0.000090
-0.000090
0.000090
-0.000090
0.000090
-0.000090
0.000090
-0.000090
0.000090
-0.000090
0.000090
-0.000090
0.000090
-0.000090
0.000090
-0.000090
0.000090
-0.000090
0.000090
-0.000090
0.000090
-0.000090
0.000090
-0.000090
0.000090
-0.000090
0.000090
-0.000090
0.000090
-0.000090
0.000090
-0.000090
0.000090
-0.000090
0.000090
-0.000090
0.000090
-0.000090
0.000090
-0.000090
0.000090
-0.000090
0.000090
-0.000090
0.000090
-0.000090
0.000090
-0.000090
0.000090
-0.000090
0.000090
-0.000090
0.000090
-0.000090
0.000090
-0.000090
0.000090
-0.000090
0.000090
-0.000090
0.000090
-0.000090
0.000090
-0.000090
0.000090
-0.000090
0.000090
-0.000090
0.000090
-0.000090
0.000090
-0.000090
0.000090
-0.000090
0.000090
-0.000090
0.000090
-0.000090
0.000090
-0.000090
0.000090
-0.000090
0.000090
-0.000090
0.000090
-0.000090
0.000090
-0.000090
0.000090
-0.000090
0.000090
-0.000090
0.000090
-0.000090
0.000090
-0.000090
0.000090
-0.000090
0.000090
-0.000090
0.000090
-0.000090
0.000090
-0.000090
0.000090
-0.000090
0.000090
-0.000090
0.000090
-0.000090
0.000090
-0.000090
0.000090
-0.000090
0.000090
-0.000090
0.000090
-0.000090
0.000090
-0.000090
0.000090
-0.000090
0.000090
-0.000090
0.000090
-0.000090
0.000090
-0.000090
0.000090
-0.000090
0.000090
-0.000090
0.000090
-0.000090
0.000090
-0.000090
0.000090
-0.000090
0.000090
-0.000090
0.000090
-0.000090
0.000090
-0.000090
0.000090
-0.000090
0.000090
-0.000090
0.000090
-0.000090
0.000090
-0.000090
0.000090
-0.000090
0.000090
-0.000090
0.000090
-0.000090
0.000090
-0.000090
0.000090
-0.000090
0.000090
-0.000090
0.000090
-0.000090
0.000090
-0.000090
0.000090
-0.000090
0.000090
-0.000090
0.000090
-0.000090
0.000090
-0.000090
0.000090
-0.000090
0.000090
-0.000090
0.000090
-0.000090
0.000090
-0.000090
0.000090
-0.000090
0.000090
-0.000090
0.000090
-0.000090
0.000090
-0.000090
0.000090
-0.000090
0.000090
-0.000090
0.000090
-0.000090
0.000090
-0.000090
0.000090
-0.000090
0.000090
-0.000090
0.000090
-0.000090
0.000090
-0.000090
0.000090
-0.000090
0.000090
-0.000090
0.000090
-0.000090
0.000090
-0.000090
0.000090
-0.000090
0.000090
-0.000090
0.000090
-0.000090
0.000090
-0.000090
0.000090
-0.000090
0.000090
-0.000090
0.000090
-0.000090
0.000090
-0.000090
0.000090
-0.000090
0.000090
-0.000090
0.000090
-0.000090
0.000090
-0.000090
0.000090
-0.000090
0.000090
-0.000090
0.000090
-0.000090
0.000090
-0.000090
0.000090
-0.000090
0.000090
-0.000090
0.000090
-0.000090
0.000090
-0.000090
0.000090
-0.000090
0.000090
-0.000090
0.000090
-0.000090
0.000090
-0.000090
0.000090
-0.000090
0.000090
-0.000090
0.000090
-0.000090
0.000090
-0.000090
0.000090
-0.000090
0.000090
-0.000090
0.000090
-0.000090
0.000090
-0.000090
0.000090
-0.000090
0.000090
-0.000090
0.000090
-0.000090
0.000090
-0.000090
0.000090
-0.000090
0.000090
-0.000090
0.000090
-0.000090
0.000090
-0.000090
0.000090
-0.000090
0.000090
-0.000090
0.000090
-0.000090
0.000090
-0.000090
0.000090
-0.000090
0.000090
-0.000090
0.000090
-0.000090
0.000090
-0.000090
0.000090
-0.000090
0.000090
-0.000090
0.000090
-0.000090
0.000090
-0.000090
0.000090
-0.000090
0.000090
-0.000090
0.000090
-0.000090
0.000090
-0.000090
0.000090
-0.000090
0.000090
-0.000090
0.000090
-0.000090
0.000090
-0.000090
0.000090
-0.000090
0.000090
-0.000090
0.000090
-0.000090
0.000090
-0.000090
0.000090
-0.000090
0.000090
-0.000090
0.000090
-0.000090
0.000090
-0.000090
0.000090
-0.000090
0.000090
-0.000090
0.000090
-0.000090
0.000090
-0.000090
0.000090
-0.000090
0.000090
-0.000090
0.000090
-0.000090
0.000090
-0.000090
0.000090
-0.000090
0.000090
-0.000090
0.000090
-0.000090
0.000090
-0.000090
0.000090
-0.000090
0.000090
-0.000090
0.000090
-0.000090
0.000090
-0.000090
0.000090
-0.000090
0.000090
-0.000090
0.000090
-0.000090
0.000090
-0.000090
0.000090
-0.000090
0.000090
-0.000090
0.000090
-0.000090
0.000090
-0.000090
0.000090
-0.000090
0.000090
-0.000090
0.000090
-0.000090
0.000090
-0.000090
0.000090
-0.000090
0.000090
-0.000090
0.000090
-0.000090
0.000090
-0.000090
0.000090
-0.000090
0.000090
-0.000090
0.000090
-0.000090
0.000090
-0.000090
0.000090
-0.000090
0.000090
-0.000090
0.000090
-0.000090
0.000090
-0.000090
0.000090
-0.000090
0.000090
-0.000090
0.000090
-0.000090
0.000090
-0.000090
0.000090
-0.000090
0.000090
-0.000090
0.000090
-0.000090
0.000090
-0.000090
0.000090
-0.000090
0.000090
-0.000090
0.000090
-0.000090
0.000090
-0.000090
0.000090
-0.000090
0.000090
-0.000090
0.000090
-0.000090
0.000090
-0.000090
0.000090
-0.000090
0.000090
-0.000090
0.000090
-0.000090
0.000090
-0.000090
0.000090
-0.000090
0.000090
-0.000090
0.000090
-0.000090
0.000090
-0.000090
0.000090
-0.000090
0.000090
-0.000090
0.000090
-0.000090
0.000090
-0.000090
0.000090
-0.000090
0.000090
-0.000090
0.000090
-0.000090
0.000090
-0.000090
0.000090
-0.000090
0.000090
-0.000090
0.000090
-0.000090
0.000090
-0.000090
0.000090
-0.000090
0.000090
-0.000090
0.000090
-0.000090
0.000090
-0.000090
0.000090
-0.000090
0.000090
-0.000090
0.000090
-0.000090
0.000090
-0.000090
0.000090
-0.000090
0.000090
-0.000090
0.000090
-0.000090
0.000090
-0.000090
0.000090
-0.000090
0.000090
-0.000090
0.000090
-0.000090
0.000090
-0.000090
0.000090
-0.000090
0.000090
-0.000090
0.000090
-0.000090
0.000090
-0.000090
0.000090
-0.000090
0.000090
-0.000090
0.000090
-0.000090
0.000090
-0.000090
0.000090
-0.000090
0.000090
-0.000090
0.000090
-0.000090
0.000090
-0.000090
0.000090
-0.000090
0.000090
-0.000090
0.000090
-0.000090
0.000090
-0.000090
0.000090
-0.000090
0.000090
-0.000090
0.000090
-0.000090
0.000090
-0.000090
0.000090
-0.000090
0.000090
-0.000090
0.000090
-0.000090
0.000090
-0.000090
0.000090
-0.000090
0.000090
-0.000090
0.000090
-0.000090
0.000090
-0.000090
0.000090
-0.000090
0.000090
-0.000090
0.000090
-0.000090
0.000090
-0.000090
0.000090
-0.000090
0.000090
-0.000090
0.000090
-0.000090
0.000090
-0.000090
0.000090
-0.000090
0.000090
-0.000090
0.000090
-0.000090
0.000090
-0.000090
0.000090
-0.000090
0.000090
-0.000090
0.000090
-0.000090
0.000090
-0.000090
0.000090
-0.000090
0.000090
-0.000090
0.000090
-0.000090
0.000090
-0.000090
0.000090
-0.000090
0.000090
-0.000090
0.000090
-0.000090
0.000090
-0.000090
0.000090
-0.000090
0.000090
-0.000090
0.000090
-0.000090
0.000090
-0.000090
0.000090
-0.000090
0.000090
-0.000090
0.000090
-0.000090
0.000090
-0.000090
0.000090
-0.000090
0.000090
-0.000090
0.000090
-0.000090
0.000090
-0.000090
0.000090
-0.000090
0.000090
-0.000090
0.000090
-0.000090
0.000090
-0.000090
0.000090
-0.000090
0.000090
-0.000090
0.000090
-0.000090
0.000090
-0.000090
0.000090
-0.000090
0.000090
-0.000090
0.000090
-0.000090
0.000090
-0.000090
0.000090
-0.000090
0.000090
-0.000090
0.000090
-0.000090
0.000090
-0.000090
0.000090
-0.000090
0.000090
-0.000090
0.000090
-0.000090
0.000090
-0.000090
0.000090
-0.000090
0.000090
-0.000090
0.000090
-0.000090
0.000090
-0.000090
0.000090
-0.000090
0.000090
-0.000090
0.000090
-0.000090
0.000090
-0.000090
0.000090
-0.000090
0.000090
-0.000090
0.000090
-0.000090
0.000090
-0.000090
0.000090
-0.000090
0.000090
-0.000090
0.000090
-0.000090
0.000090
-0.000090
0.000090
-0.000090
0.000090
-0.000090
0.000090
-0.000090
0.000090
-0.000090
0.000090
-0.000090
0.000090
-0.000090
0.000090
-0.000090
0.000090
-0.000090
0.000090
-0.000090
0.000090
-0.000090
0.000090
-0.000090
0.000090
-0.000090
0.000090
-0.000090
0.000090
-0.000090
0.000090
-0.000090
0.000090
-0.000090
0.000090
-0.000090
0.000090
-0.000090
0.000090
-0.000090
0.000090
-0.000090
0.000090
-0.000090
0.000090
-0.000090
0.000090
-0.000090
0.000090
-0.000090
0.000090
-0.000090
0.000090
-0.000090
0.000090
-0.000090
0.000090
-0.000090
0.000090
-0.000090
0.000090
-0.000090
0.000090
-0.000090
0.000090
-0.000090
0.000090
-0.000090
0.000090
-0.000090
0.000090
-0.000090
0.000090
-0.000090
0.000090
-0.000090
0.000090
-0.000090
0.000090
-0.000090
0.000090
-0.000090
0.000090
-0.000090
0.000090
-0.000090
0.000090
-0.000090
0.000090
-0.000090
0.000090
-0.000090
0.000090
-0.000090
0.000090
-0.000090
0.000090
-0.000090
0.000090
-0.000090
0.000090
-0.000090
0.000090
-0.000090
0.000090
-0.000090
0.000090
-0.000090
0.000090
-0.000090
0.000090
-0.000090
0.000090
-0.000090
0.000090
-0.000090
0.000090
-0.000090
0.000090
-0.000090
0.000090
-0.000090
0.000090
-0.000090
0.000090
-0.000090
0.000090
-0.000090
0.000090
-0.000090
0.000090
-0.000090
0.000090
-0.000090
0.000090
-0.000090
0.000090
-0.000090
0.000090
-0.000090
0.000090
-0.000090
0.000090
-0.000090
0.000090
-0.000090
0.000090
-0.000090
0.000090
-0.000090
0.000090
-0.000090
0.000090
-0.000090
0.000090
-0.000090
0.000090
-0.000090
0.000090
-0.000090
0.000090
-0.000090
0.000090
-0.000090
0.000090
-0.000090
0.000090
-0.000090
0.000090
-0.000090
0.000090
-0.000090
0.000090
-0.000090
0.000090
-0.000090
0.000090
-0.000090
0.000090
-0.000090
0.000090
-0.000090
0.000090
-0.000090
0.000090
-0.000090
0.000090
-0.000090
0.000090
-0.000090
0.000090
-0.000090
0.000090
-0.000090
0.000090
-0.000090
0.000090
-0.000090
0.000090
-0.000090
0.000090
-0.000090
0.000090
-0.000090
0.000090
-0.000090
0.000090
-0.000090
0.000090
-0.000090
0.000090
-0.000090
0.000090
-0.000090
0.000090
-0.000090
0.000090
-0.000090
0.000090
-0.000090
0.000090
-0.000090
0.000090
-0.000090
0.000090
-0.000090
0.000090
-0.000090
0.000090
-0.000090
0.000090
-0.000090
0.000090
-0.000090
0.000090
-0.000090
0.000090
-0.000090
0.000090
-0.000090
0.000090
-0.000090
0.000090
-0.000090
0.000090
-0.000090
0.000090
-0.000090
0.000090
-0.000090
0.000090
-0.000090
0.000090
-0.000090
0.000090
-0.000090
0.000090
-0.000090
0.000090
-0.000090
0.000090
-0.000090
0.000090
-0.000090
0.000090
-0.000090
0.000090
-0.000090
0.000090
-0.000090
0.000090
-0.000090
0.000090
-0.000090
0.000090
-0.000090
0.000090
-0.000090
0.000090
-0.000090
0.000090
-0.000090
0.000090
-0.000090
0.000090
-0.000090
0.000090
-0.000090
0.000090
-0.000090
0.000090
-0.000090
0.000090
-0.000090
0.000090
-0.000090
0.000090
-0.000090
0.000090
-0.000090
0.000090
-0.000090
0.000090
-0.000090
0.000090
-0.000090
0.000090
-0.000090
0.000090
-0.000090
0.000090
-0.000090
0.000090
-0.000090
0.000090
-0.000090
0.000090
-0.000090
0.000090
-0.000090
0.000090
-0.000090
0.000090
-0.000090
0.000090
-0.000090
0.000090
-0.000090
0.000090
-0.000090
0.000090
-0.000090
0.000090
-0.000090
0.000090
-0.000090
0.000090
-0.000090
0.000090
-0.000090
0.000090
-0.000090
0.000090
-0.000090
0.000090
-0.000090
0.000090
-0.000090
0.000090
-0.000090
0.000090
-0.000090
0.000090
-0.000090
0.000090
-0.000090
0.000090
-0.000090
0.000090
-0.000090
0.000090
-0.000090
0.000090
-0.000090
0.000090
-0.000090
0.000090
-0.000090
0.000090
-0.000090
0.000090
-0.000090
0.000090
-0.000090
0.000090
-0.000090
0.000090
-0.000090
0.000090
-0.000090
0.000090
-0.000090
0.000090
-0.000090
0.000090
-0.000090
0.000090
-0.000090
0.000090
-0.000090
0.000090
-0.000090
0.000090
-0.000090
0.000090
-0.000090
0.000090
-0.000090
0.000090
-0.000090
0.000090
-0.000090
0.000090
-0.000090
0.000090
-0.000090
0.000090
-0.000090
0.000090
-0.000090
0.000090
-0.000090
0.000090
-0.000090
0.000090
-0.000090
0.000090
-0.000090
0.000090
-0.000090
0.000090
-0.000090
0.000090
-0.000090
0.000090
-0.000090
0.000090
-0.000090
0.000090
-0.000090
0.000090
-0.000090
0.000090
-0.000090
0.000090
-0.000090
0.000090
-0.000090
0.000090
-0.000090
0.000090
-0.000090
0.000090
-0.000090
0.000090
-0.000090
0.000090
-0.000090
0.000090
-0.000090
0.000090
-0.000090
0.000090
-0.000090
0.000090
-0.000090
0.000090
-0.000090
0.000090
-0.000090
0.000090
-0.000090
0.000090
-0.000090
0.000090
-0.000090
0.000090
-0.000090
0.000090
-0.000090
0.000090
-0.000090
0.000090
-0.000090
0.000090
-0.000090
0.000090
-0.000090
0.000090
-0.000090
0.000090
-0.000090
0.000090
-0.000090
0.000090
-0.000090
0.000090
-0.000090
0.000090
-0.000090
0.000090
-0.000090
0.000090
-0.000090
0.000090
-0.000090
0.000090
-0.000090
0.000090
-0.000090
0.000090
-0.000090
0.000090
-0.000090
0.000090
-0.000090
0.000090
-0.000090
0.000090
-0.000090
0.000090
-0.000090
0.000090
-0.000090
0.000090
-0.000090
0.000090
-0.000090
0.000090
-0.000090
0.000090
-0.000090
0.000090
-0.000090
0.000090
-0.000090
0.000090
-0.000090
0.000090
-0.000090
0.000090
-0.000090
0.000090
-0.000090
0.000090
-0.000090
0.000090
-0.000090
0.000090
-0.000090
0.000090
-0.000090
0.000090
-0.000090
0.000090
-0.000090
0.000090
-0.000090
0.000090
-0.000090
0.000090
-0.000090
0.000090
-0.000090
0.000090
-0.000090
0.000090
-0.000090
0.000090
-0.000090
0.000090
-0.000090
0.000090
-0.000090
0.000090
-0.000090
0.000090
-0.000090
0.000090
-0.000090
0.000090
-0.000090
0.000090
-0.000090
0.000090
-0.000090
0.000090
-0.000090
0.000090
-0.000090
0.000090
-0.000090
0.000090
-0.000090
0.000090
-0.000090
0.000090
-0.000090
0.000090
-0.000090
0.000090
-0.000090
0.000090
-0.000090
0.000090
-0.000090
0.000090
-0.000090
0.000090
-0.000090
0.000090
-0.000090
0.000090
-0.000090
0.000090
-0.000090
0.000090
-0.000090
0.000090
-0.000090
0.000090
-0.000090
0.000090
-0.000090
0.000090
-0.000090
0.000090
-0.000090
0.000090
-0.000090
0.000090
-0.000090
0.000090
-0.000090
0.000090
-0.000090
0.000090
-0.000090
0.000090
-0.000090
0.000090
-0.000090
0.000090
-0.000090
0.000090
-0.000090
0.000090
-0.000090
0.000090
-0.000090
0.000090
-0.000090
0.000090
-0.000090
0.000090
-0.000090
0.000090
-0.000090
0.000090
-0.000090
0.000090
-0.000090
0.000090
-0.000090
0.000090
-0.000090
0.000090
-0.000090
0.000090
-0.000090
0.000090
-0.000090
0.000090
-0.000090
0.000090
-0.000090
0.000090
-0.000090
0.000090
-0.000090
0.000090
-0.000090
0.000090
-0.000090
0.000090
-0.000090
0.000090
-0.000090
0.000090
-0.000090
0.000090
-0.000090
0.000090
-0.000090
0.000090
-0.000090
0.000090
-0.000090
0.000090
-0.000090
0.000090
-0.000090
0.000090
-0.000090
0.000090
-0.000090
0.000090
-0.000090
0.000090
-0.000090
0.000090
-0.000090
0.000090
-0.000090
0.000090
-0.000090
0.000090
-0.000090
0.000090
-0.000090
0.000090
-0.000090
0.000090
-0.000090
0.000090
-0.000090
0.000090
-0.000090
0.000090
-0.000090
0.000090
-0.000090
0.000090
-0.000090
0.000090
-0.000090
0.000090
-0.000090
0.000090
-0.000090
0.000090
-0.000090
0.000090
-0.000090
0.000090
-0.000090
0.000090
-0.000090
0.000090
-0.000090
0.000090
-0.000090
0.000090
-0.000090
0.000090
-0.000090
0.000090
-0.000090
0.000090
-0.000090
0.000090
-0.000090
0.000090
-0.000090
0.000090
-0.000090
0.000090
-0.000090
0.000090
-0.000090
0.000090
-0.000090
0.000090
-0.000090
0.000090
-0.000090
0.000090
-0.000090
0.000090
-0.000090
0.000090
-0.000090
0.000090
-0.000090
0.000090
-0.000090
0.000090
-0.000090
0.000090
-0.000090
0.000090
-0.000090
0.000090
-0.000090
0.000090
-0.000090
0.000090
-0.000090
0.000090
-0.000090
0.000090
-0.000090
0.000090
-0.000090
0.000090
-0.000090
0.000090
-0.000090
0.000090
-0.000090
0.000090
-0.000090
0.000090
-0.000090
0.000090
-0.000090
0.000090
-0.000090
0.000090
-0.000090
0.000090
-0.000090
0.000090
-0.000090
0.000090
-0.000090
0.000090
-0.000090
0.000090
-0.000090
0.000090
-0.000090
0.000090
-0.000090
0.000090
-0.000090
0.000090
-0.000090
0.000090
-0.000090
0.000090
-0.000090
0.000090
-0.000090
0.000090
-0.000090
0.000090
-0.000090
0.000090
-0.000090
0.000090
-0.000090
0.000090
-0.000090
0.000090
-0.000090
0.000090
-0.000090
0.000090
-0.000090
0.000090
-0.000090
0.000090
-0.000090
0.000090
-0.000090
0.000090
-0.000090
0.000090
-0.000090
0.000090
-0.000090
0.000090
-0.000090
0.000090
-0.000090
0.000090
-0.000090
0.000090
-0.000090
0.000090
-0.000090
0.000090
-0.000090
0.000090
-0.000090
0.000090
-0.000090
0.000090
-0.000090
0.000090
-0.000090
0.000090
-0.000090
0.000090
-0.000090
0.000090
-0.000090
0.000090
-0.000090
0.000090
-0.000090
0.000090
-0.000090
0.000090
-0.000090
0.000090
-0.000090
0.000090
-0.000090
0.000090
-0.000090
0.000090
-0.000090
0.000090
-0.000090
0.000090
-0.000090
0.000090
-0.000090
0.000090
-0.000090
0.000090
-0.000090
0.000090
-0.000090
0.000090
-0.000090
0.000090
-0.000090
0.000090
-0.000090
0.000090
-0.000090
0.000090
-0.000090
0.000090
-0.000090
0.000090
-0.000090
0.000090
-0.000090
0.000090
-0.000090
0.000090
-0.000090
0.000090
-0.000090
0.000090
-0.000090
0.000090
-0.000090
0.000090
-0.000090
0.000090
-0.000090
0.000090
-0.000090
0.000090
-0.000090
0.000090
-0.000090
0.000090
-0.000090
0.000090
-0.000090
0.000090
-0.000090
0.000090
-0.000090
0.000090
-0.000090
0.000090
-0.000090
0.000090
-0.000090
0.000090
-0.000090
0.000090
-0.000090
0.000090
-0.000090
0.000090
-0.000090
0.000090
-0.000090
0.000090
-0.000090
0.000090
-0.000090
0.000090
-0.000090
0.000090
-0.000090
0.000090
-0.000090
0.000090
-0.000090
0.000090
-0.000090
0.000090
-0.000090
0.000090
-0.000090
0.000090
-0.000090
0.000090
-0.000090
0.000090
-0.000090
0.000090
-0.000090
0.000090
-0.000090
0.000090
-0.000090
0.000090
-0.000090
0.000090
-0.000090
0.000090
-0.000090
0.000090
-0.000090
0.000090
-0.000090
0.000090
-0.000090
0.000090
-0.000090
0.000090
-0.000090
0.000090
-0.000090
0.000090
-0.000090
0.000090
-0.000090
0.000090
-0.000090
0.000090
-0.000090
0.000090
-0.000090
0.000090
-0.000090
0.000090
-0.000090
0.000090
-0.000090
0.000090
-0.000090
0.000090
-0.000090
0.000090
-0.000090
0.000090
-0.000090
0.000090
-0.000090
0.000090
-0.000090
0.000090
-0.000090
0.000090
-0.000090
0.000090
-0.000090
0.000090
-0.000090
0.000090
-0.000090
0.000090
-0.000090
0.000090
-0.000090
0.000090
-0.000090
0.000090
-0.000090
0.000090
-0.000090
0.000090
-0.000090
0.000090
-0.000090
0.000090
-0.000090
0.000090
-0.000090
0.000090
-0.000090
0.000090
-0.000090
0.000090
-0.000090
0.000090
-0.000090
0.000090
-0.000090
0.000090
-0.000090
0.000090
-0.000090
0.000090
-0.000090
0.000090
-0.000090
0.000090
-0.000090
0.000090
-0.000090
0.000090
-0.000090
0.000090
-0.000090
0.000090
-0.000090
0.000090
-0.000090
0.000090
-0.000090
0.000090
-0.000090
0.000090
-0.000090
0.000090
-0.000090
0.000090
-0.000090
0.000090
-0.000090
0.000090
-0.000090
0.000090
-0.000090
0.000090
-0.000090
0.000090
-0.000090
0.000090
-0.000090
0.000090
-0.000090
0.000090
-0.000090
0.000090
-0.000090
0.000090
-0.000090
0.000090
-0.000090
0.000090
-0.000090
0.000090
-0.000090
0.000090
-0.000090
0.000090
-0.000090
0.000090
-0.000090
0.000090
-0.000090
0.000090
-0.000090
0.000090
-0.000090
0.000090
-0.000090
0.000090
-0.000090
0.000090
-0.000090
0.000090
-0.000090
0.000090
-0.000090
0.000090
-0.000090
0.000090
-0.000090
0.000090
-0.000090
0.000090
-0.000090
0.000090
-0.000090
0.000090
-0.000090
0.000090
-0.000090
0.000090
-0.000090
0.000090
-0.000090
0.000090
-0.000090
0.000090
-0.000090
0.000090
-0.000090
0.000090
-0.000090
0.000090
-0.000090
0.000090
-0.000090
0.000090
-0.000090
0.000090
-0.000090
0.000090
-0.000090
0.000090
-0.000090
0.000090
-0.000090
0.000090
-0.000090
0.000090
-0.000090
0.000090
-0.000090
0.000090
-0.000090
0.000090
-0.000090
0.000090
-0.000090
0.000090
-0.000090
0.000090
-0.000090
0.000090
-0.000090
0.000090
-0.000090
0.000090
-0.000090
0.000090
-0.000090
0.000090
-0.000090
0.000090
-0.000090
0.000090
-0.000090
0.000090
-0.000090
0.000090
-0.000090
0.000090
-0.000090
0.000090
-0.000090
0.000090
-0.000090
0.000090
-0.000090
0.000090
-0.000090
0.000090
-0.000090
0.000090
-0.000090
0.000090
-0.000090
0.000090
-0.000090
0.000090
-0.000090
0.000090
-0.000090
0.000090
-0.000090
0.000090
-0.000090
0.000090
-0.000090
0.000090
-0.000090
0.000090
-0.000090
0.000090
-0.000090
0.000090
-0.000090
0.000090
-0.000090
0.000090
-0.000090
0.000090
-0.000090
0.000090
-0.000090
0.000090
-0.000090
0.000090
-0.000090
0.000090
-0.000090
0.000090
-0.000090
0.000090
-0.000090
0.000090
-0.000090
0.000090
-0.000090
0.000090
-0.000090
0.000090
-0.000090
0.000090
-0.000090
0.000090
-0.000090
0.000090
-0.000090
0.000090
-0.000090
0.000090
-0.000090
0.000090
-0.000090
0.000090
-0.000090
0.000090
-0.000090
0.000090
-0.000090
0.000090
-0.000090
0.000090
-0.000090
0.000090
-0.000090
0.000090
-0.000090
0.000090
-0.000090
0.000090
-0.000090
0.000090
-0.000090
0.000090
-0.000090
0.000090
-0.000090
0.000090
-0.000090
0.000090
-0.000090
0.000090
-0.000090
0.000090
-0.000090
0.000090
-0.000090
0.000090
-0.000090
0.000090
-0.000090
0.000090
-0.000090
0.000090
-0.000090
0.000090
-0.000090
0.000090
-0.000090
0.000090
-0.000090
0.000090
-0.000090
0.000090
-0.000090
0.000090
-0.000090
0.000090
-0.000090
0.000090
-0.000090
0.000090
-0.000090
0.000090
-0.000090
0.000090
-0.000090
0.000090
-0.000090
0.000090
-0.000090
0.000090
-0.000090
0.000090
-0.000090
0.000090
-0.000090
0.000090
-0.000090
0.000090
-0.000090
0.000090
-0.000090
0.000090
-0.000090
0.000090
-0.000090
0.000090
-0.000090
0.000090
-0.000090
0.000090
-0.000090
0.000090
-0.000090
0.000090
-0.000090
0.000090
-0.000090
0.000090
-0.000090
0.000090
-0.000090
0.000090
-0.000090
0.000090
-0.000090
0.000090
-0.000090
0.000090
-0.000090
0.000090
-0.000090
0.000090
-0.000090
0.000090
-0.000090
0.000090
-0.000090
0.000090
-0.000090
0.000090
-0.000090
0.000090
-0.000090
0.000090
-0.000090
0.000090
-0.000090
0.000090
-0.000090
0.000090
-0.000090
0.000090
-0.000090
0.000090
-0.000090
0.000090
-0.000090
0.000090
-0.000090
0.000090
-0.000090
0.000090
-0.000090
0.000090
-0.000090
0.000090
-0.000090
0.000090
-0.000090
0.000090
-0.000090
0.000090
-0.000090
0.000090
-0.000090
0.000090
-0.000090
0.000090
-0.000090
0.000090
-0.000090
0.000090
-0.000090
0.000090
-0.000090
0.000090
-0.000090
0.000090
-0.000090
0.000090
-0.000090
0.000090
-0.000090
0.000090
-0.000090
0.000090
-0.000090
0.000090
-0.000090
0.000090
-0.000090
0.000090
-0.000090
0.000090
-0.000090
0.000090
-0.000090
0.000090
-0.000090
0.000090
-0.000090
0.000090
-0.000090
0.000090
-0.000090
0.000090
-0.000090
0.000090
-0.000090
0.000090
-0.000090
0.000090
-0.000090
0.000090
-0.000090
0.000090
-0.000090
0.000090
-0.000090
0.000090
-0.000090
0.000090
-0.000090
0.000090
-0.000090
0.000090
-0.000090
0.000090
-0.000090
0.000090
-0.000090
0.000090
-0.000090
0.000090
-0.000090
0.000090
-0.000090
0.000090
-0.000090
0.000090
-0.000090
0.000090
-0.000090
0.000090
-0.000090
0.000090
-0.000090
0.000090
-0.000090
0.000090
-0.000090
0.000090
-0.000090
0.000090
-0.000090
0.000090
-0.000090
0.000090
-0.000090
0.000090
-0.000090
0.000090
-0.000090
0.000090
-0.000090
0.000090
-0.000090
0.000090
-0.000090
0.000090
-0.000090
0.000090
-0.000090
0.000090
-0.000090
0.000090
-0.000090
0.000090
-0.000090
0.000090
-0.000090
0.000090
-0.000090
0.000090
-0.000090
0.000090
-0.000090
0.000090
-0.000090
0.000090
-0.000090
0.000090
-0.000090
0.000090
-0.000090
0.000090
-0.000090
0.000090
-0.000090
0.000090
-0.000090
0.000090
-0.000090
0.000090
-0.000090
0.000090
-0.000090
0.000090
-0.000090
0.000090
-0.000090
0.000090
-0.000090
0.000090
-0.000090
0.000090
-0.000090
0.000090
-0.000090
0.000090
-0.000090
0.000090
-0.000090
0.000090
-0.000090
0.000090
-0.000090
0.000090
-0.000090
0.000090
-0.000090
0.000090
-0.000090
0.000090
-0.000090
0.000090
-0.000090
0.000090
-0.000090
0.000090
-0.000090
0.000090
-0.000090
0.000090
-0.000090
0.000090
-0.000090
0.000090
-0.000090
0.000090
-0.000090
0.000090
-0.000090
0.000090
-0.000090
0.000090
-0.000090
0.000090
-0.000090
0.000090
-0.000090
0.000090
-0.000090
0.000090
-0.000090
0.000090
-0.000090
0.000090
-0.000090
0.000090
-0.000090
0.000090
-0.000090
0.000090
-0.000090
0.000090
-0.000090
0.000090
-0.000090
0.000090
-0.000090
0.000090
-0.000090
0.000090
-0.000090
0.000090
-0.000090
0.000090
-0.000090
0.000090
-0.000090
0.000090
-0.000090
0.000090
-0.000090
0.000090
-0.000090
0.000090
-0.000090
0.000090
-0.000090
0.000090
-0.000090
0.000090
-0.000090
0.000090
-0.000090
0.000090
-0.000090
0.000090
-0.000090
0.000090
-0.000090
0.000090
-0.000090
0.000090
-0.000090
0.000090
-0.000090
0.000090
-0.000090
0.000090
-0.000090
0.000090
-0.000090
0.000090
-0.000090
0.000090
-0.000090
0.000090
-0.000090
0.000090
-0.000090
0.000090
-0.000090
0.000090
-0.000090
0.000090
-0.000090
0.000090
-0.000090
0.000090
-0.000090
0.000090
-0.000090
0.000090
-0.000090
0.000090
-0.000090
0.000090
-0.000090
0.000090
-0.000090
0.000090
-0.000090
0.000090
-0.000090
0.000090
-0.000090
0.000090
-0.000090
0.000090
-0.000090
0.000090
-0.000090
0.000090
-0.000090
0.000090
-0.000090
0.000090
-0.000090
0.000090
-0.000090
0.000090
-0.000090
0.000090
-0.000090
0.000090
-0.000090
0.000090
-0.000090
0.000090
-0.000090
0.000090
-0.000090
0.000090
-0.000090
0.000090
-0.000090
0.000090
-0.000090
0.000090
-0.000090
0.000090
-0.000090
0.000090
-0.000090
0.000090
-0.000090
0.000090
-0.000090
0.000090
-0.000090
0.000090
-0.000090
0.000090
-0.000090
0.000090
-0.000090
0.000090
-0.000090
0.000090
-0.000090
0.000090
-0.000090
0.000090
-0.000090
0.000090
-0.000090
0.000090
-0.000090
0.000090
-0.000090
0.000090
-0.000090
0.000090
-0.000090
0.000090
-0.000090
0.000090
-0.000090
0.000090
-0.000090
0.000090
-0.000090
0.000090
-0.000090
0.000090
-0.000090
0.000090
-0.000090
0.000090
-0.000090
0.000090
-0.000090
0.000090
-0.000090
0.000090
-0.000090
0.000090
-0.000090
0.000090
-0.000090
0.000090
-0.000090
0.000090
-0.000090
0.000090
-0.000090
0.000090
-0.000090
0.000090
-0.000090
0.000090
-0.000090
0.000090
-0.000090
0.000090
-0.000090
0.000090
-0.000090
0.000090
-0.000090
0.000090
-0.000090
0.000090
-0.000090
0.000090
-0.000090
0.000090
-0.000090
0.000090
-0.000090
0.000090
-0.000090
0.000090
-0.000090
0.000090
-0.000090
0.000090
-0.000090
0.000090
-0.000090
0.000090
-0.000090
0.000090
-0.000090
0.000090
-0.000090
0.000090
-0.000090
0.000090
-0.000090
0.000090
-0.000090
0.000090
-0.000090
0.000090
-0.000090
0.000090
-0.000090
0.000090
-0.000090
0.000090
-0.000090
0.000090
-0.000090
0.000090
-0.000090
0.000090
-0.000090
0.000090
-0.000090
0.000090
-0.000090
0.000090
-0.000090
0.000090
-0.000090
0.000090
-0.000090
0.000090
-0.000090
0.000090
-0.000090
0.000090
-0.000090
0.000090
-0.000090
0.000090
-0.000090
0.000090
-0.000090
0.000090
-0.000090
0.000090
-0.000090
0.000090
-0.000090
0.000090
-0.000090
0.000090
-0.000090
0.000090
-0.000090
0.000090
-0.000090
0.000090
-0.000090
0.000090
-0.000090
0.000090
-0.000090
0.000090
-0.000090
0.000090
-0.000090
0.000090
-0.000090
0.000090
-0.000090
0.000090
-0.000090
0.000090
-0.000090
0.000090
-0.000090
0.000090
-0.000090
0.000090
-0.000090
0.000090
-0.000090
0.000090
-0.000090
0.000090
-0.000090
0.000090
-0.000090
0.000090
-0.000090
0.000090
-0.000090
0.000090
-0.000090
0.000090
-0.000090
0.000090
-0.000090
0.000090
-0.000090
0.000090
-0.000090
0.000090
-0.000090
0.000090
-0.000090
0.000090
-0.000090
0.000090
-0.000090
0.000090
-0.000090
0.000090
-0.000090
0.000090
-0.000090
0.000090
-0.000090
0.000090
-0.000090
0.000090
-0.000090
0.000090
-0.000090
0.000090
-0.000090
0.000090
-0.000090
0.000090
-0.000090
0.000090
-0.000090
0.000090
-0.000090
0.000090
-0.000090
0.000090
-0.000090
0.000090
-0.000090
0.000090
-0.000090
0.000090
-0.000090
0.000090
-0.000090
0.000090
-0.000090
0.000090
-0.000090
0.000090
-0.000090
0.000090
-0.000090
0.000090
-0.000090
0.000090
-0.000090
0.000090
-0.000090
0.000090
-0.000090
0.000090
-0.000090
0.000090
-0.000090
0.000090
-0.000090
0.000090
-0.000090
0.000090
-0.000090
0.000090
-0.000090
0.000090
-0.000090
0.000090
-0.000090
0.000090
-0.000090
0.000090
-0.000090
0.000090
-0.000090
0.000090
-0.000090
0.000090
-0.000090
0.000090
-0.000090
0.000090
-0.000090
0.000090
-0.000090
0.000090
-0.000090
0.000090
-0.000090
0.000090
-0.000090
0.000090
-0.000090
0.000090
-0.000090
0.000090
-0.000090
0.000090
-0.000090
0.000090
-0.000090
0.000090
-0.000090
0.000090
-0.000090
0.000090
-0.000090
0.000090
-0.000090
0.000090
-0.000090
0.000090
-0.000090
0.000090
-0.000090
0.000090
-0.000090
0.000090
-0.000090
0.000090
-0.000090
0.000090
-0.000090
0.000090
-0.000090
0.000090
-0.000090
0.000090
-0.000090
0.000090
-0.000090
0.000090
-0.000090
0.000090
-0.000090
0.000090
-0.000090
0.000090
-0.000090
0.000090
-0.000090
0.000090
-0.000090
0.000090
-0.000090
0.000090
-0.000090
0.000090
-0.000090
0.000090
-0.000090
0.000090
-0.000090
0.000090
-0.000090
0.000090
-0.000090
0.000090
-0.000090
0.000090
-0.000090
0.000090
-0.000090
0.000090
-0.000090
0.000090
-0.000090
0.000090
-0.000090
0.000090
-0.000090
0.000090
-0.000090
0.000090
-0.000090
0.000090
-0.000090
0.000090
-0.000090
0.000090
-0.000090
0.000090
-0.000090
0.000090
-0.000090
0.000090
-0.000090
0.000090
-0.000090
0.000090
-0.000090
0.000090
-0.000090
0.000090
-0.000090
0.000090
-0.000090
0.000090
-0.000090
0.000090
-0.000090
0.000090
-0.000090
0.000090
-0.000090
0.000090
-0.000090
0.000090
-0.000090
0.000090
-0.000090
0.000090
-0.000090
0.000090
-0.000090
0.000090
-0.000090
0.000090
-0.000090
0.000090
-0.000090
0.000090
-0.000090
0.000090
-0.000090
0.000090
-0.000090
0.000090
-0.000090
0.000090
-0.000090
0.000090
-0.000090
0.000090
-0.000090
0.000090
-0.000090
0.000090
-0.000090
0.000090
-0.000090
0.000090
-0.000090
0.000090
-0.000090
0.000090
-0.000090
0.000090
-0.000090
0.000090
-0.000090
0.000090
-0.000090
0.000090
-0.000090
0.000090
-0.000090
0.000090
-0.000090
0.000090
-0.000090
0.000090
-0.000090
0.000090
-0.000090
0.000090
-0.000090
0.000090
-0.000090
0.000090
-0.000090
0.000090
-0.000090
0.000090
-0.000090
0.000090
-0.000090
0.000090
-0.000090
0.000090
-0.000090
0.000090
-0.000090
0.000090
-0.000090
0.000090
-0.000090
0.000090
-0.000090
0.000090
-0.000090
0.000090
-0.000090
0.000090
-0.000090
0.000090
-0.000090
0.000090
-0.000090
0.000090
-0.000090
0.000090
-0.000090
0.000090
-0.000090
0.000090
-0.000090
0.000090
-0.000090
0.000090
-0.000090
0.000090
-0.000090
0.000090
-0.000090
0.000090
-0.000090
0.000090
-0.000090
0.000090
-0.000090
0.000090
-0.000090
0.000090
-0.000090
0.000090
-0.000090
0.000090
-0.000090
0.000090
-0.000090
0.000090
-0.000090
0.000090
-0.000090
0.000090
-0.000090
0.000090
-0.000090
0.000090
-0.000090
0.000090
-0.000090
0.000090
-0.000090
0.000090
-0.000090
0.000090
-0.000090
0.000090
-0.000090
0.000090
-0.000090
0.000090
-0.000090
0.000090
-0.000090
0.000090
-0.000090
0.000090
-0.000090
0.000090
-0.000090
0.000090
-0.000090
0.000090
-0.000090
0.000090
-0.000090
0.000090
-0.000090
0.000090
-0.000090
0.000090
-0.000090
0.000090
-0.000090
0.000090
-0.000090
0.000090
-0.000090
0.000090
-0.000090
0.000090
-0.000090
0.000090
-0.000090
0.000090
-0.000090
0.000090
-0.000090
0.000090
-0.000090
0.000090
-0.000090
0.000090
-0.000090
0.000090
-0.000090
0.000090
-0.000090
0.000090
-0.000090
0.000090
-0.000090
0.000090
-0.000090
0.000090
-0.000090
0.000090
-0.000090
0.000090
-0.000090
0.000090
-0.000090
0.000090
-0.000090
0.000090
-0.000090
0.000090
-0.000090
0.000090
-0.000090
0.000090
-0.000090
0.000090
-0.000090
0.000090
-0.000090
0.000090
-0.000090
0.000090
-0.000090
0.000090
-0.000090
0.000090
-0.000090
0.000090
-0.000090
0.000090
-0.000090
0.000090
-0.000090
0.000090
-0.000090
0.000090
-0.000090
0.000090
-0.000090
0.000090
-0.000090
0.000090
-0.000090
0.000090
-0.000090
0.000090
-0.000090
0.000090
-0.000090
0.000090
-0.000090
0.000090
-0.000090
0.000090
-0.000090
0.000090
-0.000090
0.000090
-0.000090
0.000090
-0.000090
0.000090
-0.000090
0.000090
-0.000090
0.000090
-0.000090
0.000090
-0.000090
0.000090
-0.000090
0.000090
-0.000090
0.000090
-0.000090
0.000090
-0.000090
0.000090
-0.000090
0.000090
-0.000090
0.000090
-0.000090
0.000090
-0.000090
0.000090
-0.000090
0.000090
-0.000090
0.000090
-0.000090
0.000090
-0.000090
0.000090
-0.000090
0.000090
-0.000090
0.000090
-0.000090
0.000090
-0.000090
0.000090
-0.000090
0.000090
-0.000090
0.000090
-0.000090
0.000090
-0.000090
0.000090
-0.000090
0.000090
-0.000090
0.000090
-0.000090
0.000090
-0.000090
0.000090
-0.000090
0.000090
-0.000090
0.000090
-0.000090
0.000090
-0.000090
0.000090
-0.000090
0.000090
-0.000090
0.000090
-0.000090
0.000090
-0.000090
0.000090
-0.000090
0.000090
-0.000090
0.000090
-0.000090
0.000090
-0.000090
0.000090
-0.000090
0.000090
-0.000090
0.000090
-0.000090
0.000090
-0.000090
0.000090
-0.000090
0.000090
-0.000090
0.000090
-0.000090
0.000090
-0.000090
0.000090
-0.000090
0.000090
-0.000090
0.000090
-0.000090
0.000090
-0.000090
0.000090
-0.000090
0.000090
-0.000090
0.000090
-0.000090
0.000090
-0.000090
0.000090
-0.000090
0.000090
-0.000090
0.000090
-0.000090
0.000090
-0.000090
0.000090
-0.000090
0.000090
-0.000090
0.000090
-0.000090
0.000090
-0.000090
0.000090
-0.000090
0.000090
-0.000090
0.000090
-0.000090
0.000090
-0.000090
0.000090
-0.000090
0.000090
-0.000090
0.000090
-0.000090
0.000090
-0.000090
0.000090
-0.000090
0.000090
-0.000090
0.000090
-0.000090
0.000090
-0.000090
0.000090
-0.000090
0.000090
-0.000090
0.000090
-0.000090
0.000090
-0.000090
0.000090
-0.000090
0.000090
-0.000090
0.000090
-0.000090
0.000090
-0.000090
0.000090
-0.000090
0.000090
-0.000090
0.000090
-0.000090
0.000090
-0.000090
0.000090
-0.000090
0.000090
-0.000090
0.000090
-0.000090
0.000090
-0.000090
0.000090
-0.000090
0.000090
-0.000090
0.000090
-0.000090
0.000090
-0.000090
0.000090
-0.000090
0.000090
-0.000090
0.000090
-0.000090
0.000090
-0.000090
0.000090
-0.000090
0.000090
-0.000090
0.000090
-0.000090
0.000090
-0.000090
0.000090
-0.000090
0.000090
-0.000090
0.000090
-0.000090
0.000090
-0.000090
0.000090
-0.000090
0.000090
-0.000090
0.000090
-0.000090
0.000090
-0.000090
0.000090
-0.000090
0.000090
-0.000090
0.000090
-0.000090
0.000090
-0.000090
0.000090
-0.000090
0.000090
-0.000090
0.000090
-0.000090
0.000090
-0.000090
0.000090
-0.000090
0.000090
-0.000090
0.000090
-0.000090
0.000090
-0.000090
0.000090
-0.000090
0.000090
-0.000090
0.000090
-0.000090
0.000090
-0.000090
0.000090
-0.000090
0.000090
-0.000090
0.000090
-0.000090
0.000090
-0.000090
0.000090
-0.000090
0.000090
-0.000090
0.000090
-0.000090
0.000090
-0.000090
0.000090
-0.000090
0.000090
-0.000090
0.000090
-0.000090
0.000090
-0.000090
0.000090
-0.000090
0.000090
-0.000090
0.000090
-0.000090
0.000090
-0.000090
0.000090
-0.000090
0.000090
-0.000090
0.000090
-0.000090
0.000090
-0.000090
0.000090
-0.000090
0.000090
-0.000090
0.000090
-0.000090
0.000090
-0.000090
0.000090
-0.000090
0.000090
-0.000090
0.000090
-0.000090
0.000090
-0.000090
0.000090
-0.000090
0.000090
-0.000090
0.000090
-0.000090
0.000090
-0.000090
0.000090
-0.000090
0.000090
-0.000090
0.000090
-0.000090
0.000090
-0.000090
0.000090
-0.000090
0.000090
-0.000090
0.000090
-0.000090
0.000090
-0.000090
0.000090
-0.000090
0.000090
-0.000090
0.000090
-0.000090
0.000090
-0.000090
0.000090
-0.000090
0.000090
-0.000090
0.000090
-0.000090
0.000090
-0.000090
0.000090
-0.000090
0.000090
-0.000090
0.000090
-0.000090
0.000090
-0.000090
0.000090
-0.000090
0.000090
-0.000090
0.000090
-0.000090
0.000090
-0.000090
0.000090
-0.000090
0.000090
-0.000090
0.000090
-0.000090
0.000090
-0.000090
0.000090
-0.000090
0.000090
-0.000090
0.000090
-0.000090
0.000090
-0.000090
0.000090
-0.000090
0.000090
-0.000090
0.000090
-0.000090
0.000090
-0.000090
0.000090
-0.000090
0.000090
-0.000090
0.000090
-0.000090
0.000090
-0.000090
0.000090
-0.000090
0.000090
-0.000090
0.000090
-0.000090
0.000090
-0.000090
0.000090
-0.000090
0.000090
-0.000090
0.000090
-0.000090
0.000090
-0.000090
0.000090
-0.000090
0.000090
-0.000090
0.000090
-0.000090
0.000090
-0.000090
0.000090
-0.000090
0.000090
-0.000090
0.000090
-0.000090
0.000090
-0.000090
0.000090
-0.000090
0.000090
-0.000090
0.000090
-0.000090
0.000090
-0.000090
0.000090
-0.000090
0.000090
-0.000090
0.000090
-0.000090
0.000090
-0.000090
0.000090
-0.000090
0.000090
-0.000090
0.000090
-0.000090
0.000090
-0.000090
0.000090
-0.000090
0.000090
-0.000090
0.000090
-0.000090
0.000090
-0.000090
0.000090
-0.000090
0.000090
-0.000090
0.000090
-0.000090
0.000090
-0.000090
0.000090
-0.000090
0.000090
-0.000090
0.000090
-0.000090
0.000090
-0.000090
0.000090
-0.000090
0.000090
-0.000090
0.000090
-0.000090
0.000090
-0.000090
0.000090
-0.000090
0.000090
-0.000090
0.000090
-0.000090
0.000090
-0.000090
0.000090
-0.000090
0.000090
-0.000090
0.000090
-0.000090
0.000090
-0.000090
0.000090
-0.000090
0.000090
-0.000090
0.000090
-0.000090
0.000090
-0.000090
0.000090
-0.000090
0.000090
-0.000090
0.000090
-0.000090
0.000090
-0.000090
0.000090
-0.000090
0.000090
-0.000090
0.000090
-0.000090
0.000090
-0.000090
0.000090
-0.000090
0.000090
-0.000090
0.000090
-0.000090
0.000090
-0.000090
0.000090
-0.000090
0.000090
-0.000090
0.000090
-0.000090
0.000090
-0.000090
0.000090
-0.000090
0.000090
-0.000090
0.000090
-0.000090
0.000090
-0.000090
0.000090
-0.000090
0.000090
-0.000090
0.000090
-0.000090
0.000090
-0.000090
0.000090
-0.000090
0.000090
-0.000090
0.000090
-0.000090
0.000090
-0.000090
0.000090
-0.000090
0.000090
-0.000090
0.000090
-0.000090
0.000090
-0.000090
0.000090
-0.000090
0.000090
-0.000090
0.000090
-0.000090
0.000090
-0.000090
0.000090
-0.000090
0.000090
-0.000090
0.000090
-0.000090
0.000090
-0.000090
0.000090
-0.000090
0.000090
-0.000090
0.000090
-0.000090
0.000090
-0.000090
0.000090
-0.000090
0.000090
-0.000090
0.000090
-0.000090
0.000090
-0.000090
0.000090
-0.000090
0.000090
-0.000090
0.000090
-0.000090
0.000090
-0.000090
0.000090
-0.000090
0.000090
-0.000090
0.000090
-0.000090
0.000090
-0.000090
0.000090
-0.000090
0.000090
-0.000090
0.000090
-0.000090
0.000090
-0.000090
0.000090
-0.000090
0.000090
-0.000090
0.000090
-0.000090
0.000090
-0.000090
0.000090
-0.000090
0.000090
-0.000090
0.000090
-0.000090
0.000090
-0.000090
0.000090
-0.000090
0.000090
-0.000090
0.000090
-0.000090
0.000090
-0.000090
0.000090
-0.000090
0.000090
-0.000090
0.000090
-0.000090
0.000090
-0.000090
0.000090
-0.000090
0.000090
-0.000090
0.000090
-0.000090
0.000090
-0.000090
0.000090
-0.000090
0.000090
-0.000090
0.000090
-0.000090
0.000090
-0.000090
0.000090
-0.000090
0.000090
-0.000090
0.000090
-0.000090
0.000090
-0.000090
0.000090
-0.000090
0.000090
-0.000090
0.000090
-0.000090
0.000090
-0.000090
0.000090
-0.000090
0.000090
-0.000090
0.000090
-0.000090
0.000090
-0.000090
0.000090
-0.000090
0.000090
-0.000090
0.000090
-0.000090
0.000090
-0.000090
0.000090
-0.000090
0.000090
-0.000090
0.000090
-0.000090
0.000090
-0.000090
0.000090
-0.000090
0.000090
-0.000090
0.000090
-0.000090
0.000090
-0.000090
0.000090
-0.000090
0.000090
-0.000090
0.000090
-0.000090
0.000090
-0.000090
0.000090
-0.000090
0.000090
-0.000090
0.000090
-0.000090
0.000090
-0.000090
0.000090
-0.000090
0.000090
-0.000090
0.000090
-0.000090
0.000090
-0.000090
0.000090
-0.000090
0.000090
-0.000090
0.000090
-0.000090
0.000090
-0.000090
0.000090
-0.000090
0.000090
-0.000090
0.000090
-0.000090
0.000090
-0.000090
0.000090
-0.000090
0.000090
-0.000090
0.000090
-0.000090
0.000090
-0.000090
0.000090
-0.000090
0.000090
-0.000090
0.000090
-0.000090
0.000090
-0.000090
0.000090
-0.000090
0.000090
-0.000090
0.000090
-0.000090
0.000090
-0.000090
0.000090
-0.000090
0.000090
-0.000090
0.000090
-0.000090
0.000090
-0.000090
0.000090
-0.000090
0.000090
-0.000090
0.000090
-0.000090
0.000090
-0.000090
0.000090
-0.000090
0.000090
-0.000090
0.000090
-0.000090
0.000090
-0.000090
0.000090
-0.000090
0.000090
-0.000090
0.000090
-0.000090
0.000090
-0.000090
0.000090
-0.000090
0.000090
-0.000090
0.000090
-0.000090
0.000090
-0.000090
0.000090
-0.000090
0.000090
-0.000090
0.000090
-0.000090
0.000090
-0.000090
0.000090
-0.000090
0.000090
-0.000090
0.000090
-0.000090
0.000090
-0.000090
0.000090
-0.000090
0.000090
-0.000090
0.000090
-0.000090
0.000090
-0.000090
0.000090
-0.000090
0.000090
-0.000090
0.000090
-0.000090
0.000090
-0.000090
0.000090
-0.000090
0.000090
-0.000090
0.000090
-0.000090
0.000090
-0.000090
0.000090
-0.000090
0.000090
-0.000090
0.000090
-0.000090
0.000090
-0.000090
0.000090
-0.000090
0.000090
-0.000090
0.000090
-0.000090
0.000090
-0.000090
0.000090
-0.000090
0.000090
-0.000090
0.000090
-0.000090
0.000090
-0.000090
0.000090
-0.000090
0.000090
-0.000090
0.000090
-0.000090
0.000090
-0.000090
0.000090
-0.000090
0.000090
-0.000090
0.000090
-0.000090
0.000090
-0.000090
0.000090
-0.000090
0.000090
-0.000090
0.000090
-0.000090
0.000090
-0.000090
0.000090
-0.000090
0.000090
-0.000090
0.000090
-0.000090
0.000090
-0.000090
0.000090
-0.000090
0.000090
-0.000090
0.000090
-0.000090
0.000090
-0.000090
0.000090
-0.000090
0.000090
-0.000090
0.000090
-0.000090
0.000090
-0.000090
0.000090
-0.000090
0.000090
-0.000090
0.000090
-0.000090
0.000090
-0.000090
0.000090
-0.000090
0.000090
-0.000090
0.000090
-0.000090
0.000090
-0.000090
0.000090
-0.000090
0.000090
-0.000090
0.000090
-0.000090
0.000090
-0.000090
0.000090
-0.000090
0.000090
-0.000090
0.000090
-0.000090
0.000090
-0.000090
0.000090
-0.000090
0.000090
-0.000090
0.000090
-0.000090
0.000090
-0.000090
0.000090
-0.000090
0.000090
-0.000090
0.000090
-0.000090
0.000090
-0.000090
0.000090
-0.000090
0.000090
-0.000090
0.000090
-0.000090
0.000090
-0.000090
0.000090
-0.000090
0.000090
-0.000090
0.000090
-0.000090
0.000090
-0.000090
0.000090
-0.000090
0.000090
-0.000090
0.000090
-0.000090
0.000090
-0.000090
0.000090
-0.000090
0.000090
-0.000090
0.000090
-0.000090
0.000090
-0.000090
0.000090
-0.000090
0.000090
-0.000090
0.000090
-0.000090
0.000090
-0.000090
0.000090
-0.000090
0.000090
-0.000090
0.000090
-0.000090
0.000090
-0.000090
0.000090
-0.000090
0.000090
-0.000090
0.000090
-0.000090
0.000090
-0.000090
0.000090
-0.000090
0.000090
-0.000090
0.000090
-0.000090
0.000090
-0.000090
0.000090
-0.000090
0.000090
-0.000090
0.000090
-0.000090
0.000090
-0.000090
0.000090
-0.000090
0.000090
-0.000090
0.000090
-0.000090
0.000090
-0.000090
0.000090
-0.000090
0.000090
-0.000090
0.000090
-0.000090
0.000090
-0.000090
0.000090
-0.000090
0.000090
-0.000090
0.000090
-0.000090
0.000090
-0.000090
0.000090
-0.000090
0.000090
-0.000090
0.000090
-0.000090
0.000090
-0.000090
0.000090
-0.000090
0.000090
-0.000090
0.000090
-0.000090
0.000090
-0.000090
0.000090
-0.000090
0.000090
-0.000090
0.000090
-0.000090
0.000090
-0.000090
0.000090
-0.000090
0.000090
-0.000090
0.000090
-0.000090
0.000090
-0.000090
0.000090
-0.000090
0.000090
-0.000090
0.000090
-0.000090
0.000090
-0.000090
0.000090
-0.000090
0.000090
-0.000090
0.000090
-0.000090
0.000090
-0.000090
0.000090
-0.000090
0.000090
-0.000090
0.000090
-0.000090
0.000090
-0.000090
0.000090
-0.000090
0.000090
-0.000090
0.000090
-0.000090
0.000090
-0.000090
0.000090
-0.000090
0.000090
-0.000090
0.000090
-0.000090
0.000090
-0.000090
0.000090
-0.000090
0.000090
-0.000090
0.000090
-0.000090
0.000090
-0.000090
0.000090
-0.000090
0.000090
-0.000090
0.000090
-0.000090
0.000090
-0.000090
0.000090
-0.000090
0.000090
-0.000090
0.000090
-0.000090
0.000090
-0.000090
0.000090
-0.000090
0.000090
-0.000090
0.000090
-0.000090
0.000090
-0.000090
0.000090
-0.000090
0.000090
-0.000090
0.000090
-0.000090
0.000090
-0.000090
0.000090
-0.000090
0.000090
-0.000090
0.000090
-0.000090
0.000090
-0.000090
0.000090
-0.000090
0.000090
-0.000090
0.000090
-0.000090
0.000090
-0.000090
0.000090
-0.000090
0.000090
-0.000090
0.000090
-0.000090
0.000090
-0.000090
0.000090
-0.000090
0.000090
-0.000090
0.000090
-0.000090
0.000090
-0.000090
0.000090
-0.000090
0.000090
-0.000090
0.000090
-0.000090
0.000090
-0.000090
0.000090
-0.000090
0.000090
-0.000090
0.000090
-0.000090
0.000090
-0.000090
0.000090
-0.000090
0.000090
-0.000090
0.000090
-0.000090
0.000090
-0.000090
0.000090
-0.000090
0.000090
-0.000090
0.000090
-0.000090
0.000090
-0.000090
0.000090
-0.000090
0.000090
-0.000090
0.000090
-0.000090
0.000090
-0.000090
0.000090
-0.000090
0.000090
-0.000090
0.000090
-0.000090
0.000090
-0.000090
0.000090
-0.000090
0.000090
-0.000090
0.000090
-0.000090
0.000090
-0.000090
0.000090
-0.000090
0.000090
-0.000090
0.000090
-0.000090
0.000090
-0.000090
0.000090
-0.000090
0.000090
-0.000090
0.000090
-0.000090
0.000090
-0.000090
0.000090
-0.000090
0.000090
-0.000090
0.000090
-0.000090
0.000090
-0.000090
0.000090
-0.000090
0.000090
-0.000090
0.000090
-0.000090
0.000090
-0.000090
0.000090
-0.000090
0.000090
-0.000090
0.000090
-0.000090
0.000090
-0.000090
0.000090
-0.000090
0.000090
-0.000090
0.000090
-0.000090
0.000090
-0.000090
0.000090
-0.000090
0.000090
-0.000090
0.000090
-0.000090
0.000090
-0.000090
0.000090
-0.000090
0.000090
-0.000090
0.000090
-0.000090
0.000090
-0.000090
0.000090
-0.000090
0.000090
-0.000090
0.000090
-0.000090
0.000090
-0.000090
0.000090
-0.000090
0.000090
-0.000090
0.000090
-0.000090
0.000090
-0.000090
0.000090
-0.000090
0.000090
-0.000090
0.000090
-0.000090
0.000090
-0.000090
0.000090
-0.000090
0.000090
-0.000090
0.000090
-0.000090
0.000090
-0.000090
0.000090
-0.000090
0.000090
-0.000090
0.000090
-0.000090
0.000090
-0.000090
0.000090
-0.000090
0.000090
-0.000090
0.000090
-0.000090
0.000090
-0.000090
0.000090
-0.000090
0.000090
-0.000090
0.000090
-0.000090
0.000090
-0.000090
0.000090
-0.000090
0.000090
-0.000090
0.000090
-0.000090
0.000090
-0.000090
0.000090
-0.000090
0.000090
-0.000090
0.000090
-0.000090
0.000090
-0.000090
0.000090
-0.000090
0.000090
-0.000090
0.000090
-0.000090
0.000090
-0.000090
0.000090
-0.000090
0.000090
-0.000090
0.000090
-0.000090
0.000090
-0.000090
0.000090
-0.000090
0.000090
-0.000090
0.000090
-0.000090
0.000090
-0.000090
0.000090
-0.000090
0.000090
-0.000090
0.000090
-0.000090
0.000090
-0.000090
0.000090
-0.000090
0.000090
-0.000090
0.000090
-0.000090
0.000090
-0.000090
0.000090
-0.000090
0.000090
-0.000090
0.000090
-0.000090
0.000090
-0.000090
0.000090
-0.000090
0.000090
-0.000090
0.000090
-0.000090
0.000090
-0.000090
0.000090
-0.000090
0.000090
-0.000090
0.000090
-0.000090
0.000090
-0.000090
0.000090
-0.000090
0.000090
-0.000090
0.000090
-0.000090
0.000090
-0.000090
0.000090
-0.000090
0.000090
-0.000090
0.000090
-0.000090
0.000090
-0.000090
0.000090
-0.000090
0.000090
-0.000090
0.000090
-0.000090
0.000090
-0.000090
0.000090
-0.000090
0.000090
-0.000090
0.000090
-0.000090
0.000090
-0.000090
0.000090
-0.000090
0.000090
-0.000090
0.000090
-0.000090
0.000090
-0.000090
0.000090
-0.000090
0.000090
-0.000090
0.000090
-0.000090
0.000090
-0.000090
0.000090
-0.000090
0.000090
-0.000090
0.000090
-0.000090
0.000090
-0.000090
0.000090
-0.000090
0.000090
-0.000090
0.000090
-0.000090
0.000090
-0.000090
0.000090
-0.000090
0.000090
-0.000090
0.000090
-0.000090
0.000090
-0.000090
0.000090
-0.000090
0.000090
-0.000090
0.000090
-0.000090
0.000090
-0.000090
0.000090
-0.000090
0.000090
-0.000090
0.000090
-0.000090
0.000090
-0.000090
0.000090
-0.000090
0.000090
-0.000090
0.000090
-0.000090
0.000090
-0.000090
0.000090
-0.000090
0.000090
-0.000090
0.000090
-0.000090
0.000090
-0.000090
0.000090
-0.000090
0.000090
-0.000090
0.000090
-0.000090
0.000090
-0.000090
0.000090
-0.000090
0.000090
-0.000090
0.000090
-0.000090
0.000090
-0.000090
0.000090
-0.000090
0.000090
-0.000090
0.000090
-0.000090
0.000090
-0.000090
0.000090
-0.000090
0.000090
-0.000090
0.000090
-0.000090
0.000090
-0.000090
0.000090
-0.000090
0.000090
-0.000090
0.000090
-0.000090
0.000090
-0.000090
0.000090
-0.000090
0.000090
-0.000090
0.000090
-0.000090
0.000090
-0.000090
0.000090
-0.000090
0.000090
-0.000090
0.000090
-0.000090
0.000090
-0.000090
0.000090
-0.000090
0.000090
-0.000090
0.000090
-0.000090
0.000090
-0.000090
0.000090
-0.000090
0.000090
-0.000090
0.000090
-0.000090
0.000090
-0.000090
0.000090
-0.000090
0.000090
-0.000090
0.000090
-0.000090
0.000090
-0.000090
0.000090
-0.000090
0.000090
-0.000090
0.000090
-0.000090
0.000090
-0.000090
0.000090
-0.000090
0.000090
-0.000090
0.000090
-0.000090
0.000090
-0.000090
0.000090
-0.000090
0.000090
-0.000090
0.000090
-0.000090
0.000090
-0.000090
0.000090
-0.000090
0.000090
-0.000090
0.000090
-0.000090
0.000090
-0.000090
0.000090
-0.000090
0.000090
-0.000090
0.000090
-0.000090
0.000090
-0.000090
0.000090
-0.000090
0.000090
-0.000090
0.000090
-0.000090
0.000090
-0.000090
0.000090
-0.000090
0.000090
-0.000090
0.000090
-0.000090
0.000090
-0.000090
0.000090
-0.000090
0.000090
-0.000090
0.000090
-0.000090
0.000090
-0.000090
0.000090
-0.000090
0.000090
-0.000090
0.000090
-0.000090
0.000090
-0.000090
0.000090
-0.000090
0.000090
-0.000090
0.000090
-0.000090
0.000090
-0.000090
0.000090
-0.000090
0.000090
-0.000090
0.000090
-0.000090
0.000090
-0.000090
0.000090
-0.000090
0.000090
-0.000090
0.000090
-0.000090
0.000090
-0.000090
0.000090
-0.000090
0.000090
-0.000090
0.000090
-0.000090
0.000090
-0.000090
0.000090
-0.000090
0.000090
-0.000090
0.000090
-0.000090
0.000090
-0.000090
0.000090
-0.000090
0.000090
-0.000090
0.000090
-0.000090
0.000090
-0.000090
0.000090
-0.000090
0.000090
-0.000090
0.000090
-0.000090
0.000090
-0.000090
0.000090
-0.000090
0.000090
-0.000090
0.000090
-0.000090
0.000090
-0.000090
0.000090
-0.000090
0.000090
-0.000090
0.000090
-0.000090
0.000090
-0.000090
0.000090
-0.000090
0.000090
-0.000090
0.000090
-0.000090
0.000090
-0.000090
0.000090
-0.000090
0.000090
-0.000090
0.000090
-0.000090
0.000090
-0.000090
0.000090
-0.000090
0.000090
-0.000090
0.000090
-0.000090
0.000090
-0.000090
0.000090
-0.000090
0.000090
-0.000090
0.000090
-0.000090
0.000090
-0.000090
0.000090
-0.000090
0.000090
-0.000090
0.000090
-0.000090
0.000090
-0.000090
0.000090
-0.000090
0.000090
-0.000090
0.000090
-0.000090
0.000090
-0.000090
0.000090
-0.000090
0.000090
-0.000090
0.000090
-0.000090
0.000090
-0.000090
0.000090
-0.000090
0.000090
-0.000090
0.000090
-0.000090
0.000090
-0.000090
0.000090
-0.000090
0.000090
-0.000090
0.000090
-0.000090
0.000090
-0.000090
0.000090
-0.000090
0.000090
-0.000090
0.000090
-0.000090
0.000090
-0.000090
0.000090
-0.000090
0.000090
-0.000090
0.000090
-0.000090
0.000090
-0.000090
0.000090
-0.000090
0.000090
-0.000090
0.000090
-0.000090
0.000090
-0.000090
0.000090
-0.000090
0.000090
-0.000090
0.000090
-0.000090
0.000090
-0.000090
0.000090
-0.000090
0.000090
-0.000090
0.000090
-0.000090
0.000090
-0.000090
0.000090
-0.000090
0.000090
-0.000090
0.000090
-0.000090
0.000090
-0.000090
0.000090
-0.000090
0.000090
-0.000090
0.000090
-0.000090
0.000090
-0.000090
0.000090
-0.000090
0.000090
-0.000090
0.000090
-0.000090
0.000090
-0.000090
0.000090
-0.000090
0.000090
-0.000090
0.000090
-0.000090
0.000090
-0.000090
0.000090
-0.000090
0.000090
-0.000090
0.000090
-0.000090
0.000090
-0.000090
0.000090
-0.000090
0.000090
-0.000090
0.000090
-0.000090
0.000090
-0.000090
0.000090
-0.000090
0.000090
-0.000090
0.000090
-0.000090
0.000090
-0.000090
0.000090
-0.000090
0.000090
-0.000090
0.000090
-0.000090
0.000090
-0.000090
0.000090
-0.000090
0.000090
-0.000090
0.000090
-0.000090
0.000090
-0.000090
0.000090
-0.000090
0.000090
-0.000090
0.000090
-0.000090
0.000090
-0.000090
0.000090
-0.000090
0.000090
-0.000090
0.000090
-0.000090
0.000090
-0.000090
0.000090
-0.000090
0.000090
-0.000090
0.000090
-0.000090
0.000090
-0.000090
0.000090
-0.000090
0.000090
-0.000090
0.000090
-0.000090
0.000090
-0.000090
0.000090
-0.000090
0.000090
-0.000090
0.000090
-0.000090
0.000090
-0.000090
0.000090
-0.000090
0.000090
-0.000090
0.000090
-0.000090
0.000090
-0.000090
0.000090
-0.000090
0.000090
-0.000090
0.000090
-0.000090
0.000090
-0.000090
0.000090
-0.000090
0.000090
-0.000090
0.000090
-0.000090
0.000090
-0.000090
0.000090
-0.000090
0.000090
-0.000090
0.000090
-0.000090
0.000090
-0.000090
0.000090
-0.000090
0.000090
-0.000090
0.000090
-0.000090
0.000090
-0.000090
0.000090
-0.000090
0.000090
-0.000090
0.000090
-0.000090
0.000090
-0.000090
0.000090
-0.000090
0.000090
-0.000090
0.000090
-0.000090
0.000090
-0.000090
0.000090
-0.000090
0.000090
-0.000090
0.000090
-0.000090
0.000090
-0.000090
0.000090
-0.000090
0.000090
-0.000090
0.000090
-0.000090
0.000090
-0.000090
0.000090
-0.000090
0.000090
-0.000090
0.000090
-0.000090
0.000090
-0.000090
0.000090
-0.000090
0.000090
-0.000090
0.000090
-0.000090
0.000090
-0.000090
0.000090
-0.000090
0.000090
-0.000090
0.000090
-0.000090
0.000090
-0.000090
0.000090
-0.000090
0.000090
-0.000090
0.000090
-0.000090
0.000090
-0.000090
0.000090
-0.000090
0.000090
-0.000090
0.000090
-0.000090
0.000090
-0.000090
0.000090
-0.000090
0.000090
-0.000090
0.000090
-0.000090
0.000090
-0.000090
0.000090
-0.000090
0.000090
-0.000090
0.000090
-0.000090
0.000090
-0.000090
0.000090
-0.000090
0.000090
-0.000090
0.000090
-0.000090
0.000090
-0.000090
0.000090
-0.000090
0.000090
-0.000090
0.000090
-0.000090
0.000090
-0.000090
0.000090
-0.000090
0.000090
-0.000090
0.000090
-0.000090
0.000090
-0.000090
0.000090
-0.000090
0.000090
-0.000090
0.000090
-0.000090
0.000090
-0.000090
0.000090
-0.000090
0.000090
-0.000090
0.000090
-0.000090
0.000090
-0.000090
0.000090
-0.000090
0.000090
-0.000090
0.000090
-0.000090
0.000090
-0.000090
0.000090
-0.000090
0.000090
-0.000090
0.000090
-0.000090
0.000090
-0.000090
0.000090
-0.000090
0.000090
-0.000090
0.000090
-0.000090
0.000090
-0.000090
0.000090
-0.000090
0.000090
-0.000090
0.000090
-0.000090
0.000090
-0.000090
0.000090
-0.000090
0.000090
-0.000090
0.000090
-0.000090
0.000090
-0.000090
0.000090
-0.000090
0.000090
-0.000090
0.000090
-0.000090
0.000090
-0.000090
0.000090
-0.000090
0.000090
-0.000090
0.000090
-0.000090
0.000090
-0.000090
0.000090
-0.000090
0.000090
-0.000090
0.000090
-0.000090
0.000090
-0.000090
0.000090
-0.000090
0.000090
-0.000090
0.000090
-0.000090
0.000090
-0.000090
0.000090
-0.000090
0.000090
-0.000090
0.000090
-0.000090
0.000090
-0.000090
0.000090
-0.000090
0.000090
-0.000090
0.000090
-0.000090
0.000090
-0.000090
0.000090
-0.000090
0.000090
-0.000090
0.000090
-0.000090
0.000090
-0.000090
0.000090
-0.000090
0.000090
-0.000090
0.000090
-0.000090
0.000090
-0.000090
0.000090
-0.000090
0.000090
-0.000090
0.000090
-0.000090
0.000090
-0.000090
0.000090
-0.000090
0.000090
-0.000090
0.000090
-0.000090
0.000090
-0.000090
0.000090
-0.000090
0.000090
-0.000090
0.000090
-0.000090
0.000090
-0.000090
0.000090
-0.000090
0.000090
-0.000090
0.000090
-0.000090
0.000090
-0.000090
0.000090
-0.000090
0.000090
-0.000090
0.000090
-0.000090
0.000090
-0.000090
0.000090
-0.000090
0.000090
-0.000090
0.000090
-0.000090
0.000090
-0.000090
0.000090
-0.000090
0.000090
-0.000090
0.000090
-0.000090
0.000090
-0.000090
0.000090
-0.000090
0.000090
-0.000090
0.000090
-0.000090
0.000090
-0.000090
0.000090
-0.000090
0.000090
-0.000090
0.000090
-0.000090
0.000090
-0.000090
0.000090
-0.000090
0.000090
-0.000090
0.000090
-0.000090
0.000090
-0.000090
0.000090
-0.000090
0.000090
-0.000090
0.000090
-0.000090
0.000090
-0.000090
0.000090
-0.000090
0.000090
-0.000090
0.000090
-0.000090
0.000090
