0.000000
0.164731
0.287934
0.348186
0.359993
0.352392
0.351156
0.369304
0.406887
0.455269
0.504489
0.547683
0.582123
0.608536
0.629214
0.646281
0.660753
0.672470
0.680565
0.684069
0.682342
0.675230
0.662993
0.646120
0.625159
0.600613
0.572925
0.542512
0.509813
0.475320
0.439588
0.403219
0.366829
0.330911
0.296296
0.263490
0.232931
0.205027
0.180166
0.158704
0.140952
0.127156
0.117485
0.112028
0.110791
0.113710
0.120649
0.131409
0.145730
0.163299
0.183749
0.206669
0.231611
0.258097
0.285627
0.313691
0.341777
0.369377
0.396120
0.421287
0.444482
0.465365
0.483628
0.498986
0.511179
0.519996
0.525283
0.526957
0.525004
0.519479
0.510500
0.498239
0.482922
0.464819
0.444246
0.421554
0.397130
0.371385
0.344746
0.317655
0.290552
0.263753
0.237934
0.213455
0.190633
0.169764
0.151137
0.135020
0.121651
0.111217
0.103846
0.099606
0.098504
0.100489
0.105465
0.113284
0.123757
0.136652
0.151698
0.168592
0.187002
0.206573
0.226935
0.247709
0.268514
0.288974
0.308843
0.327521
0.344724
0.360214
0.373775
0.385196
0.394283
0.400871
0.404841
0.406125
0.404711
0.400638
0.393993
0.384904
0.373536
0.360089
0.344796
0.327918
0.309738
0.290563
0.270710
0.250506
0.230280
0.210131
0.190899
0.172655
0.155611
0.139982
0.125990
0.113852
0.103754
0.095843
0.090215
0.086918
0.085955
0.087290
0.090849
0.096527
0.104184
0.113650
0.124726
0.137187
0.150785
0.165258
0.180329
0.195717
0.211139
0.226315
0.241090
0.254955
0.267709
0.279188
0.289244
0.297723
0.304479
0.309384
0.312344
0.313303
0.312250
0.309216
0.304264
0.297491
0.289019
0.278996
0.267595
0.255007
0.241446
0.227138
0.212320
0.197235
0.182129
0.167125
0.152707
0.139057
0.126326
0.114659
0.104205
0.095118
0.087539
0.081579
0.077319
0.074797
0.074018
0.074953
0.077549
0.081722
0.087370
0.094366
0.102561
0.111788
0.121863
0.132591
0.143764
0.155174
0.166607
0.177855
0.188832
0.199099
0.208514
0.216969
0.224365
0.230594
0.235546
0.239124
0.241252
0.241887
0.241020
0.238674
0.234899
0.229768
0.223375
0.215832
0.207266
0.197822
0.187659
0.176945
0.165859
0.154583
0.143299
0.132074
0.121324
0.111177
0.101733
0.093087
0.085345
0.078620
0.073019
0.068628
0.065509
0.063690
0.063175
0.063938
0.065935
0.069104
0.073364
0.078619
0.084758
0.091655
0.099172
0.107161
0.115467
0.123933
0.132400
0.140712
0.148830
0.156375
0.163249
0.169383
0.174716
0.179175
0.182683
0.185165
0.186563
0.186843
0.186002
0.184057
0.181051
0.177042
0.172104
0.166324
0.159798
0.152638
0.144962
0.136898
0.128579
0.120144
0.111729
0.103358
0.095392
0.087920
0.081005
0.074705
0.069091
0.064243
0.060238
0.057144
0.055006
0.053843
0.053655
0.054417
0.056093
0.058628
0.061961
0.066015
0.070705
0.075934
0.081597
0.087582
0.093773
0.100051
0.106296
0.112499
0.118328
0.123706
0.128586
0.132924
0.136664
0.139742
0.142090
0.143652
0.144390
0.144287
0.143347
0.141594
0.139064
0.135806
0.131878
0.127347
0.122289
0.116790
0.110941
0.104840
0.098588
0.092289
0.086047
0.079855
0.074026
0.068621
0.063675
0.059220
0.055297
0.051960
0.049262
0.047250
0.045958
0.045398
0.045562
0.046429
0.047961
0.050114
0.052833
0.056058
0.059720
0.063744
0.068050
0.072552
0.077161
0.081788
0.086344
0.090844
0.095000
0.098761
0.102102
0.105002
0.107432
0.109353
0.110720
0.111494
0.111649
0.111176
0.110085
0.108398
0.106150
0.103387
0.100157
0.096516
0.092527
0.088255
0.083772
0.079152
0.074472
0.069810
0.065144
0.060745
0.056660
0.052910
0.049515
0.046499
0.043900
0.041761
0.040123
0.039014
0.038451
0.038431
0.038940
0.039953
0.041433
0.043343
0.045635
0.048261
0.051165
0.054288
0.057568
0.060937
0.064330
0.067679
0.071012
0.074080
0.076845
0.079292
0.081413
0.083192
0.084603
0.085613
0.086191
0.086313
0.085969
0.085163
0.083912
0.082243
0.080189
0.077791
0.075090
0.072132
0.068968
0.065649
0.062232
0.058772
0.055328
0.051868
0.048624
0.045632
0.042903
0.040444
0.038267
0.036396
0.034858
0.033686
0.032903
0.032523
0.032546
0.032961
0.033746
0.034875
0.036314
0.038027
0.039976
0.042120
0.044414
0.046811
0.049263
0.051719
0.054131
0.056535
0.058716
0.060647
0.062323
0.063743
0.064905
0.065795
0.066393
0.066677
0.066628
0.066240
0.065513
0.064461
0.063108
0.061481
0.059612
0.057537
0.055292
0.052914
0.050443
0.047921
0.045387
0.042805
0.040375
0.038125
0.036062
0.034186
0.032504
0.031030
0.029785
0.028796
0.028084
0.027664
0.027542
0.027712
0.028162
0.028872
0.029817
0.030971
0.032306
0.033793
0.035398
0.037090
0.038832
0.040589
0.042324
0.044001
0.045661
0.047123
0.048367
0.049395
0.050216
0.050836
0.051253
0.051459
0.051441
0.051188
0.050693
0.049961
0.049002
0.047836
0.046488
0.044986
0.043360
0.041637
0.039849
0.038025
0.036194
0.034314
0.032556
0.030941
0.029470
0.028140
0.026949
0.025904
0.025018
0.024309
0.023795
0.023490
0.023399
0.023520
0.023844
0.024354
0.025034
0.025860
0.026811
0.027866
0.028999
0.030188
0.031407
0.032631
0.033834
0.034989
0.036141
0.037133
0.037950
0.038598
0.039088
0.039431
0.039632
0.039688
0.039593
0.039336
0.038913
0.038325
0.037579
0.036689
0.035674
0.034556
0.033359
0.032104
0.030815
0.029514
0.028156
0.026888
0.025725
0.024665
0.023701
0.022827
0.022045
0.021363
0.020795
0.020358
0.020063
0.019919
0.019927
0.020083
0.020375
0.020791
0.021315
0.021930
0.022620
0.023370
0.024161
0.024978
0.025803
0.026618
0.027405
0.028066
0.028831
0.029461
0.029939
0.030270
0.030470
0.030557
0.030546
0.030442
0.030245
0.029951
0.029554
0.029053
0.028451
0.027757
0.026985
0.026151
0.025275
0.024375
0.023332
0.022594
0.021715
0.020905
0.020169
0.019507
0.018916
0.018395
0.017945
0.017571
0.017280
0.017081
0.016979
0.016975
0.017069
0.017255
0.017524
0.017866
0.018268
0.018719
0.019206
0.019718
0.020242
0.020766
0.021280
0.021771
0.022150
0.022639
0.022891
0.023232
0.023458
0.023568
0.023570
0.023482
0.023320
0.023098
0.022824
0.022499
0.022124
0.021698
0.021221
0.020697
0.020135
0.019417
0.018961
0.018351
0.017782
0.017260
0.016784
0.016349
0.015951
0.015588
0.015262
0.014979
0.014746
0.014570
0.014457
0.014408
0.014424
0.014501
0.014633
0.014812
0.015031
0.015282
0.015556
0.015848
0.016150
0.016453
0.016753
0.017040
0.017309
0.017552
0.017685
0.017925
0.017953
0.018074
0.017983
0.017994
0.017804
0.017727
0.017582
0.017245
0.017034
0.016774
0.016340
0.016051
0.015608
0.015395
0.015013
0.014641
0.014292
0.013969
0.013673
0.013403
0.013155
0.012929
0.012726
0.012547
0.012398
0.012280
0.012198
0.012152
0.012143
0.012169
0.012227
0.012312
0.012420
0.012545
0.012684
0.012831
0.012983
0.013134
0.013282
0.013421
0.013549
0.013660
0.013752
0.013746
0.013734
0.013833
0.013741
0.013629
0.013507
0.013495
0.013299
0.013091
0.012883
0.012871
0.012667
0.012443
0.012214
0.011989
0.011776
0.011577
0.011390
0.011214
0.011045
0.010882
0.010725
0.010577
0.010440
0.010318
0.010215
0.010132
0.010071
0.010031
0.010011
0.010009
0.010024
0.010051
0.010089
0.010135
0.010187
0.010244
0.010303
0.010362
0.010419
0.010471
0.010517
0.010554
0.010579
0.010592
0.010592
0.010576
0.010544
0.010497
0.010434
0.010356
0.010263
0.010157
0.010039
0.009911
0.009774
0.009630
0.009481
0.009329
0.009177
0.009026
0.008879
0.008737
0.008603
0.008478
0.008363
0.008260
0.008170
0.008092
0.008029
0.007979
0.007943
0.007919
0.007908
0.007908
0.007919
0.007937
0.007963
0.007995
0.008029
0.008066
0.008103
0.008137
0.008168
0.008194
0.008213
0.008225
0.008227
0.008219
0.008200
0.008171
0.008130
0.008078
0.008015
0.007941
0.007858
0.007767
0.007668
0.007563
0.007453
0.007340
0.007225
0.007110
0.006996
0.006885
0.006778
0.006677
0.006582
0.006495
0.006417
0.006348
0.006288
0.006238
0.006198
0.006168
0.006147
0.006134
0.006130
0.006132
0.006141
0.006154
0.006170
0.006189
0.006209
0.006229
0.006247
0.006262
0.006273
0.006279
0.006279
0.006272
0.006258
0.006236
0.006207
0.006169
0.006123
0.006070
0.006010
0.005943
0.005870
0.005792
0.005710
0.005626
0.005539
0.005451
0.005364
0.005277
0.005194
0.005113
0.005037
0.004966
0.004901
0.004842
0.004789
0.004744
0.004705
0.004674
0.004649
0.004631
0.004618
0.004611
0.004609
0.004610
0.004615
0.004622
0.004630
0.004638
0.004645
0.004651
0.004655
0.004655
0.004652
0.004644
0.004631
0.004613
0.004589
0.004560
0.004525
0.004485
0.004439
0.004389
0.004334
0.004275
0.004213
0.004148
0.004082
0.004015
0.003947
0.003881
0.003815
0.003751
0.003691
0.003633
0.003579
0.003530
0.003485
0.003445
0.003410
0.003380
0.003354
0.003333
0.003317
0.003305
0.003296
0.003290
0.003287
0.003285
0.003285
0.003285
0.003285
0.003284
0.003282
0.003278
0.003271
0.003262
0.003249
0.003233
0.003213
0.003189
0.003161
0.003129
0.003093
0.003054
0.003012
0.002966
0.002919
0.002869
0.002818
0.002766
0.002713
0.002661
0.002609
0.002558
0.002510
0.002463
0.002419
0.002377
0.002339
0.002304
0.002272
0.002244
0.002219
0.002198
0.002180
0.002164
0.002152
0.002141
0.002133
0.002126
0.002120
0.002115
0.002109
0.002104
0.002098
0.002091
0.002082
0.002071
0.002059
0.002044
0.002026
0.002006
0.001983
0.001957
0.001928
0.001898
0.001864
0.001829
0.001792
0.001753
0.001713
0.001672
0.001630
0.001589
0.001548
0.001507
0.001467
0.001429
0.001392
0.001357
0.001324
0.001294
0.001265
0.001239
0.001216
0.001194
0.001175
0.001159
0.001144
0.007136
0.014035
0.021659
0.029605
0.037312
0.044199
0.049779
0.053737
0.055953
0.056479
0.055494
0.053237
0.049952
0.045846
0.041070
0.035723
0.029864
0.023540
0.016811
0.009764
0.002521
-0.004869
-0.011990
-0.018743
-0.024963
-0.030509
-0.035270
-0.039165
-0.042140
-0.044163
-0.045220
-0.045315
-0.044465
-0.042702
-0.040074
-0.036644
-0.032491
-0.027711
-0.022413
-0.016718
-0.010756
-0.004661
0.001433
0.007394
0.013135
0.018462
0.023271
0.027476
0.031014
0.033837
0.035908
0.037205
0.037714
0.037434
0.036379
0.034576
0.032070
0.028921
0.025205
0.021011
0.016438
0.011592
0.006582
0.001519
-0.003489
-0.008375
-0.012964
-0.017165
-0.020905
-0.024126
-0.026785
-0.028848
-0.030286
-0.031082
-0.031225
-0.030717
-0.029573
-0.027821
-0.025505
-0.022681
-0.019419
-0.015797
-0.011900
-0.007816
-0.003638
0.000547
0.004649
0.008624
0.012316
0.015651
0.018574
0.021046
0.023036
0.024522
0.025488
0.025923
0.025822
0.025191
0.024045
0.022410
0.020326
0.017843
0.015020
0.011924
0.008628
0.005207
0.001736
-0.001712
-0.005105
-0.008294
-0.011218
-0.013829
-0.016092
-0.017982
-0.019476
-0.020556
-0.021208
-0.021421
-0.021190
-0.020522
-0.019431
-0.017945
-0.016098
-0.013938
-0.011517
-0.008892
-0.006125
-0.003278
-0.000410
0.002417
0.005188
0.007767
0.010104
0.012164
0.013923
0.015363
0.016473
0.017240
0.017654
0.017709
0.017404
0.016743
0.015740
0.014419
0.012812
0.010958
0.008903
0.006694
0.004384
0.002024
-0.000337
-0.002650
-0.004910
-0.006990
-0.008852
-0.010469
-0.011827
-0.012916
-0.013731
-0.014265
-0.014512
-0.014467
-0.014130
-0.013506
-0.012606
-0.011450
-0.010067
-0.008489
-0.006756
-0.004909
-0.002991
-0.001043
0.000892
0.002818
0.004613
0.006244
0.007689
0.008937
0.009981
0.010814
0.011429
0.011817
0.011969
0.011880
0.011548
0.010978
0.010182
0.009181
0.007999
0.006668
0.005219
0.003688
0.002109
0.000516
-0.001060
-0.002628
-0.004076
-0.005375
-0.006512
-0.007480
-0.008277
-0.008903
-0.009351
-0.009617
-0.009694
-0.009576
-0.009262
-0.008756
-0.008069
-0.007218
-0.006224
-0.005113
-0.003912
-0.002651
-0.001357
-0.000059
0.001217
0.002491
0.003652
0.004680
0.005565
0.006307
0.006907
0.007369
0.007690
0.007866
0.007893
0.007764
0.007479
0.007039
0.006455
0.005739
0.004911
0.003991
0.003004
0.001973
0.000922
-0.000127
-0.001154
-0.002183
-0.003107
-0.003912
-0.004592
-0.005150
-0.005594
-0.005927
-0.006150
-0.006261
-0.006255
-0.006127
-0.005874
-0.005499
-0.005008
-0.004413
-0.003730
-0.002977
-0.002173
-0.001338
-0.000492
0.000349
0.001091
0.001935
0.002685
0.003324
0.003847
0.004263
0.004580
0.004809
0.004953
0.005015
0.004990
0.004873
0.004662
0.004355
0.003956
0.003475
0.002923
0.002315
0.001669
0.001001
0.000326
-0.000340
-0.001028
-0.001521
-0.002110
-0.002615
-0.003028
-0.003350
-0.003589
-0.003752
-0.003844
-0.003869
-0.003826
-0.003715
-0.003533
-0.003280
-0.002959
-0.002576
-0.002140
-0.001662
-0.001155
-0.000631
-0.000103
0.000416
0.000962
0.001315
0.001774
0.002157
0.002461
0.002689
0.002849
0.002950
0.003000
0.003002
0.002957
0.002863
0.002716
0.002517
0.002265
0.001966
0.001626
0.001254
0.000861
0.000458
0.000053
-0.000342
-0.000767
-0.001003
-0.001351
-0.001634
-0.001848
-0.001998
-0.002095
-0.002148
-0.002166
-0.002153
-0.002109
-0.002031
-0.001917
-0.001765
-0.001574
-0.001347
-0.001089
-0.000809
-0.000513
-0.000211
0.000089
0.000380
0.000703
0.000841
0.001098
0.001176
0.001381
0.001533
0.001628
0.001668
0.001661
0.001617
0.001546
0.001454
0.001346
0.001221
0.001080
0.000921
0.000745
0.000553
0.000349
0.000138
-0.000196
-0.000263
-0.000340
-0.000561
-0.000739
-0.000745
-0.000887
-0.000990
-0.001047
-0.001063
-0.001045
-0.001002
-0.000943
-0.000872
-0.000795
-0.000710
-0.000616
-0.000513
-0.000398
-0.000273
-0.000139
-0.000001
0.000260
0.000254
0.000260
0.000415
0.000411
0.000549
0.000524
0.000637
0.000585
0.000670
0.000712
0.000586
0.000604
0.000594
0.000431
0.000429
0.000408
0.000239
0.000232
0.000205
0.000029
0.000091
-0.000084
-0.000020
-0.000114
-0.000063
-0.000171
-0.000249
-0.000168
-0.000237
-0.000157
-0.000232
-0.000280
-0.000171
-0.000216
-0.000236
-0.000104
-0.000135
-0.000147
-0.000014
-0.000045
-0.000059
0.000073
-0.000035
0.000094
-0.000016
0.000111
-0.000000
0.000127
0.000016
0.000143
0.000030
0.000155
0.000039
0.000160
0.000041
0.000158
0.000036
0.000150
0.000025
0.000137
0.000010
0.000121
-0.000007
0.000103
-0.000026
0.000084
-0.000045
0.000065
-0.000062
0.000049
-0.000077
0.000036
-0.000012
0.000083
-0.000060
0.000040
-0.000090
0.000027
-0.000013
0.000093
-0.000040
0.000069
-0.000057
0.000061
-0.000057
0.000066
-0.000050
0.000073
-0.000045
0.000074
-0.000046
0.000072
-0.000049
0.000070
-0.000048
0.000073
-0.000044
0.000078
-0.000039
0.000084
-0.000033
0.000088
-0.000030
0.000091
-0.000027
0.000094
-0.000025
0.000096
-0.000023
0.000097
-0.000022
0.000097
-0.000023
0.000096
-0.000024
0.000094
-0.000027
0.000091
-0.000030
0.000088
-0.000034
0.000084
-0.000037
0.000080
-0.000041
0.000077
-0.000044
0.000074
-0.000046
0.000072
-0.000048
0.000071
-0.000049
0.000071
-0.000048
0.000072
-0.000047
0.000073
-0.000045
0.000075
-0.000043
0.000078
-0.000040
0.000081
-0.000037
0.000084
-0.000034
0.000087
-0.000032
0.000089
-0.000030
0.000090
-0.000029
0.000091
-0.000029
0.000091
-0.000029
0.000090
-0.000030
0.000088
-0.000032
0.000086
-0.000035
0.000084
-0.000037
0.000081
-0.000040
0.000079
-0.000042
0.000076
-0.000045
0.000074
-0.000046
0.000073
-0.000048
0.000072
-0.000048
0.000072
-0.000048
0.000072
-0.000047
0.000074
-0.000046
0.000075
-0.000044
0.000077
-0.000042
0.000079
-0.000040
0.000081
-0.000038
0.000083
-0.000036
0.000084
-0.000035
0.000085
-0.000034
0.000086
-0.000034
0.000086
-0.000034
0.000085
-0.000035
0.000084
-0.000037
0.000082
-0.000038
0.000081
-0.000040
0.000079
-0.000042
0.000077
-0.000044
0.000075
-0.000046
0.000074
-0.000047
0.000073
-0.000048
0.000072
-0.000048
0.000072
-0.000048
0.000072
-0.000047
0.000073
-0.000046
0.000074
-0.000045
0.000076
-0.000044
0.000077
-0.000042
0.000078
-0.000041
0.000080
-0.000040
0.000081
-0.000039
0.000081
-0.000038
0.000082
-0.000038
0.000082
-0.000039
0.000081
-0.000039
0.000080
-0.000040
0.000079
-0.000042
0.000078
-0.000043
0.000076
-0.000044
0.000075
-0.000046
0.000074
-0.000047
0.000073
-0.000048
0.000072
-0.000048
0.000072
-0.000049
0.000072
-0.000049
0.000072
-0.000048
0.000072
-0.000047
0.000073
-0.000047
0.000074
-0.000046
0.000075
-0.000045
0.000076
-0.000044
0.000077
-0.000043
0.000078
-0.000042
0.000078
-0.000042
0.000078
-0.000042
0.000078
-0.000042
0.000078
-0.000043
0.000077
-0.000043
0.000076
-0.000044
0.000075
-0.000045
0.000074
-0.000046
0.000073
-0.000047
0.000072
-0.000048
0.000072
-0.000049
0.000071
-0.000049
0.000071
-0.000050
0.000071
-0.000049
0.000071
-0.000049
0.000071
-0.000049
0.000072
-0.000048
0.000073
-0.000047
0.000073
-0.000047
0.000074
-0.000046
0.000075
-0.000046
0.000075
-0.000045
0.000075
-0.000045
0.000075
-0.000045
0.000075
-0.000045
0.000075
-0.000046
0.000075
-0.000046
0.000074
-0.000047
0.000073
-0.000047
0.000072
-0.000048
0.000072
-0.000049
0.000071
-0.000050
0.000071
-0.000050
0.000070
-0.000050
0.000070
-0.000051
0.000070
-0.000050
0.000070
-0.000050
0.000070
-0.000050
0.000071
-0.000050
0.000071
-0.000049
0.000072
-0.000049
0.000072
-0.000048
0.000072
-0.000048
0.000073
-0.000048
0.000073
-0.000047
0.000073
-0.000047
0.000073
-0.000048
0.000073
-0.000048
0.000072
-0.000048
0.000072
-0.000049
0.000071
-0.000049
0.000071
-0.000050
0.000070
-0.000050
0.000070
-0.000051
0.000069
-0.000051
0.000069
-0.000051
0.000069
-0.000052
0.000069
-0.000052
0.000069
-0.000051
0.000069
-0.000051
0.000069
-0.000051
0.000070
-0.000051
0.000070
-0.000050
0.000070
-0.000050
0.000071
-0.000050
0.000071
-0.000050
0.000071
-0.000049
0.000071
-0.000049
0.000071
-0.000050
0.000071
-0.000050
0.000070
-0.000050
0.000070
-0.000051
0.000070
-0.000051
0.000069
-0.000051
0.000069
-0.000052
0.000069
-0.000052
0.000068
-0.000052
0.000068
-0.000053
0.000068
-0.000053
0.000068
-0.000053
0.000068
-0.000053
0.000068
-0.000052
0.000068
-0.000052
0.000068
-0.000052
0.000069
-0.000052
0.000069
-0.000052
0.000069
-0.000051
0.000069
-0.000051
0.000069
-0.000051
0.000069
-0.000051
0.000069
-0.000051
0.000069
-0.000052
0.000069
-0.000052
0.000069
-0.000052
0.000068
-0.000052
0.000068
-0.000053
0.000068
-0.000053
0.000067
-0.000053
0.000067
-0.000053
0.000067
-0.000054
0.000067
-0.000054
0.000067
-0.000054
0.000067
-0.000054
0.000067
-0.000053
0.000067
-0.000053
0.000067
-0.000053
0.000067
-0.000053
0.000068
-0.000053
0.000068
-0.000053
0.000068
-0.000053
0.000068
-0.000053
0.000068
-0.000053
0.000068
-0.000053
0.000068
-0.000053
0.000068
-0.000053
0.000067
-0.000053
0.000067
-0.000054
0.000067
-0.000054
0.000067
-0.000054
0.000067
-0.000054
0.000066
-0.000054
0.000066
-0.000054
0.000066
-0.000054
0.000066
-0.000055
0.000066
-0.000054
0.000066
-0.000054
0.000066
-0.000054
0.000066
-0.000054
0.000066
-0.000054
0.000067
-0.000054
0.000067
-0.000054
0.000067
-0.000054
0.000067
-0.000054
0.000067
-0.000054
0.000067
-0.000054
0.000067
-0.000054
0.000066
-0.000054
0.000066
-0.000054
0.000066
-0.000055
0.000066
-0.000055
0.000066
-0.000055
0.000066
-0.000055
0.000066
-0.000055
0.000065
-0.000055
0.000065
-0.000055
0.000065
-0.000055
0.000065
-0.000055
0.000065
-0.000055
0.000065
-0.000055
0.000065
-0.000055
0.000066
-0.000055
0.000066
-0.000055
0.000066
-0.000055
0.000066
-0.000055
0.000066
-0.000055
0.000066
-0.000055
0.000066
-0.000055
0.000066
-0.000055
0.000065
-0.000055
0.000065
-0.000055
0.000065
-0.000055
0.000065
-0.000056
0.000065
-0.000056
0.000065
-0.000056
0.000065
-0.000056
0.000065
-0.000056
0.000065
-0.000056
0.000065
-0.000056
0.000065
-0.000056
0.000065
-0.000056
0.000065
-0.000056
0.000065
-0.000056
0.000065
-0.000056
0.000065
-0.000056
0.000065
-0.000056
0.000065
-0.000056
0.000065
-0.000056
0.000065
-0.000056
0.000065
-0.000056
0.000065
-0.000056
0.000065
-0.000056
0.000065
-0.000056
0.000064
-0.000056
0.000064
-0.000056
0.000064
-0.000056
0.000064
-0.000057
0.000064
-0.000057
0.000064
-0.000057
0.000064
-0.000057
0.000064
-0.000057
0.000064
-0.000057
0.000064
-0.000057
0.000064
-0.000057
0.000064
-0.000057
0.000064
-0.000057
0.000064
-0.000057
0.000064
-0.000057
0.000064
-0.000057
0.000064
-0.000057
0.000064
-0.000057
0.000064
-0.000057
0.000064
-0.000057
0.000064
-0.000057
0.000064
-0.000057
0.000064
-0.000057
0.000064
-0.000057
0.000064
-0.000057
0.000064
-0.000057
0.000064
-0.000057
0.000063
-0.000057
0.000063
-0.000057
0.000063
-0.000057
0.000063
-0.000057
0.000063
-0.000057
0.000063
-0.000057
0.000063
-0.000057
0.000063
-0.000057
0.000063
-0.000057
0.000063
-0.000057
0.000063
-0.000057
0.000063
-0.000057
0.000063
-0.000057
0.000063
-0.000057
0.000063
-0.000057
0.000063
-0.000057
0.000063
-0.000057
0.000063
-0.000057
0.000063
-0.000058
0.000063
-0.000058
0.000063
-0.000058
0.000063
-0.000058
0.000063
-0.000058
0.000063
-0.000058
0.000063
-0.000058
0.000063
-0.000058
0.000063
-0.000058
0.000063
-0.000058
0.000063
-0.000058
0.000063
-0.000058
0.000063
-0.000058
0.000063
-0.000058
0.000063
-0.000058
0.000063
-0.000058
0.000063
-0.000058
0.000063
-0.000058
0.000063
-0.000058
0.000063
-0.000058
0.000063
-0.000058
0.000063
-0.000058
0.000063
-0.000058
0.000063
-0.000058
0.000063
-0.000058
0.000063
-0.000058
0.000063
-0.000058
0.000063
-0.000058
0.000063
-0.000058
0.000063
-0.000058
0.000063
-0.000058
0.000063
-0.000058
0.000063
-0.000058
0.000063
-0.000058
0.000063
-0.000058
0.000063
-0.000058
0.000063
-0.000058
0.000063
-0.000058
0.000063
-0.000058
0.000063
-0.000058
0.000062
-0.000058
0.000062
-0.000058
0.000062
-0.000058
0.000062
-0.000058
0.000062
-0.000058
0.000062
-0.000058
0.000062
-0.000058
0.000062
-0.000058
0.000062
-0.000058
0.000062
-0.000058
0.000062
-0.000058
0.000062
-0.000059
0.000062
-0.000059
0.000062
-0.000059
0.000062
-0.000059
0.000062
-0.000059
0.000062
-0.000059
0.000062
-0.000059
0.000062
-0.000059
0.000062
-0.000059
0.000062
-0.000059
0.000062
-0.000059
0.000062
-0.000059
0.000062
-0.000059
0.000062
-0.000059
0.000062
-0.000059
0.000062
-0.000059
0.000062
-0.000059
0.000062
-0.000059
0.000062
-0.000059
0.000062
-0.000059
0.000062
-0.000059
0.000062
-0.000059
0.000062
-0.000059
0.000062
-0.000059
0.000062
-0.000059
0.000062
-0.000059
0.000062
-0.000059
0.000062
-0.000059
0.000062
-0.000059
0.000062
-0.000059
0.000062
-0.000059
0.000062
-0.000059
0.000062
-0.000059
0.000062
-0.000059
0.000062
-0.000059
0.000062
-0.000059
0.000062
-0.000059
0.000062
-0.000059
0.000062
-0.000059
0.000062
-0.000059
0.000062
-0.000059
0.000062
-0.000059
0.000062
-0.000059
0.000062
-0.000059
0.000062
-0.000059
0.000062
-0.000059
0.000062
-0.000059
0.000062
-0.000059
0.000062
-0.000059
0.000062
-0.000059
0.000062
-0.000059
0.000062
-0.000059
0.000062
-0.000059
0.000062
-0.000059
0.000062
-0.000059
0.000062
-0.000059
0.000062
-0.000059
0.000062
-0.000059
0.000062
-0.000059
0.000062
-0.000059
0.000062
-0.000059
0.000062
-0.000059
0.000061
-0.000059
0.000061
-0.000059
0.000061
-0.000059
0.000061
-0.000059
0.000061
-0.000059
0.000061
-0.000059
0.000061
-0.000059
0.000061
-0.000059
0.000061
-0.000059
0.000061
-0.000059
0.000061
-0.000059
0.000061
-0.000059
0.000061
-0.000059
0.000061
-0.000059
0.000061
-0.000059
0.000061
-0.000059
0.000061
-0.000059
0.000061
-0.000059
0.000061
-0.000059
0.000061
-0.000059
0.000061
-0.000059
0.000061
-0.000059
0.000061
-0.000059
0.000061
-0.000059
0.000061
-0.000059
0.000061
-0.000059
0.000061
-0.000059
0.000061
-0.000059
0.000061
-0.000059
0.000061
-0.000059
0.000061
-0.000059
0.000061
-0.000059
0.000061
-0.000059
0.000061
-0.000059
0.000061
-0.000059
0.000061
-0.000060
0.000061
-0.000060
0.000061
-0.000060
0.000061
-0.000060
0.000061
-0.000060
0.000061
-0.000060
0.000061
-0.000060
0.000061
-0.000060
0.000061
-0.000060
0.000061
-0.000060
0.000061
-0.000060
0.000061
-0.000060
0.000061
-0.000060
0.000061
-0.000060
0.000061
-0.000060
0.000061
-0.000060
0.000061
-0.000060
0.000061
-0.000060
0.000061
-0.000060
0.000061
-0.000060
0.000061
-0.000060
0.000061
-0.000060
0.000061
-0.000060
0.000061
-0.000060
0.000061
-0.000060
0.000061
-0.000060
0.000061
-0.000060
0.000061
-0.000060
0.000061
-0.000060
0.000061
-0.000060
0.000061
-0.000060
0.000061
-0.000060
0.000061
-0.000060
0.000061
-0.000060
0.000061
-0.000060
0.000061
-0.000060
0.000061
-0.000060
0.000061
-0.000060
0.000061
-0.000060
0.000061
-0.000060
0.000061
-0.000060
0.000061
-0.000060
0.000061
-0.000060
0.000061
-0.000060
0.000061
-0.000060
0.000061
-0.000060
0.000061
-0.000060
0.000061
-0.000060
0.000061
-0.000060
0.000061
-0.000060
0.000061
-0.000060
0.000061
-0.000060
0.000061
-0.000060
0.000061
-0.000060
0.000061
-0.000060
0.000061
-0.000060
0.000061
-0.000060
0.000061
-0.000060
0.000061
-0.000060
0.000061
-0.000060
0.000061
-0.000060
0.000061
-0.000060
0.000061
-0.000060
0.000061
-0.000060
0.000061
-0.000060
0.000061
-0.000060
0.000061
-0.000060
0.000061
-0.000060
0.000061
-0.000060
0.000061
-0.000060
0.000061
-0.000060
0.000061
-0.000060
0.000061
-0.000060
0.000061
-0.000060
0.000061
-0.000060
0.000061
-0.000060
0.000061
-0.000060
0.000061
-0.000060
0.000061
-0.000060
0.000061
-0.000060
0.000061
-0.000060
0.000061
-0.000060
0.000061
-0.000060
0.000061
-0.000060
0.000061
-0.000060
0.000061
-0.000060
0.000061
-0.000060
0.000061
-0.000060
0.000061
-0.000060
0.000061
-0.000060
0.000061
-0.000060
0.000061
-0.000060
0.000061
-0.000060
0.000061
-0.000060
0.000061
-0.000060
0.000061
-0.000060
0.000061
-0.000060
0.000061
-0.000060
0.000061
-0.000060
0.000061
-0.000060
0.000061
-0.000060
0.000061
-0.000060
0.000061
-0.000060
0.000061
-0.000060
0.000061
-0.000060
0.000061
-0.000060
0.000061
-0.000060
0.000061
-0.000060
0.000061
-0.000060
0.000061
-0.000060
0.000061
-0.000060
0.000061
-0.000060
0.000061
-0.000060
0.000061
-0.000060
0.000061
-0.000060
0.000061
-0.000060
0.000061
-0.000060
0.000061
-0.000060
0.000061
-0.000060
0.000061
-0.000060
0.000061
-0.000060
0.000061
-0.000060
0.000061
-0.000060
0.000061
-0.000060
0.000061
-0.000060
0.000061
-0.000060
0.000061
-0.000060
0.000061
-0.000060
0.000061
-0.000060
0.000061
-0.000060
0.000061
-0.000060
0.000061
-0.000060
0.000061
-0.000060
0.000061
-0.000060
0.000061
-0.000060
0.000061
-0.000060
0.000061
-0.000060
0.000061
-0.000060
0.000061
-0.000060
0.000061
-0.000060
0.000061
-0.000060
0.000061
-0.000060
0.000061
-0.000060
0.000061
-0.000060
0.000061
-0.000060
0.000061
-0.000060
0.000061
-0.000060
0.000061
-0.000060
0.000061
-0.000060
0.000061
-0.000060
0.000061
-0.000060
0.000061
-0.000060
0.000061
-0.000060
0.000061
-0.000060
0.000061
-0.000060
0.000061
-0.000060
0.000061
-0.000060
0.000061
-0.000060
0.000061
-0.000060
0.000061
-0.000060
0.000061
-0.000060
0.000061
-0.000060
0.000061
-0.000060
0.000061
-0.000060
0.000061
-0.000060
0.000061
-0.000060
0.000061
-0.000060
0.000061
-0.000060
0.000061
-0.000060
0.000061
-0.000060
0.000061
-0.000060
0.000061
-0.000060
0.000061
-0.000060
0.000061
-0.000060
0.000061
-0.000060
0.000061
-0.000060
0.000061
-0.000060
0.000061
-0.000060
0.000061
-0.000060
0.000061
-0.000060
0.000061
-0.000060
0.000061
-0.000060
0.000061
-0.000060
0.000061
-0.000060
0.000061
-0.000060
0.000061
-0.000060
0.000061
-0.000060
0.000061
-0.000060
0.000061
-0.000060
0.000061
-0.000060
0.000061
-0.000060
0.000061
-0.000060
0.000061
-0.000060
0.000061
-0.000060
0.000061
-0.000060
0.000061
-0.000060
0.000061
-0.000060
0.000061
-0.000060
0.000061
-0.000060
0.000061
-0.000060
0.000061
-0.000060
0.000061
-0.000060
0.000061
-0.000060
0.000061
-0.000060
0.000061
-0.000060
0.000061
-0.000060
0.000061
-0.000060
0.000061
-0.000060
0.000061
-0.000060
0.000061
-0.000060
0.000061
-0.000060
0.000061
-0.000060
0.000061
-0.000060
0.000061
-0.000060
0.000061
-0.000060
0.000061
-0.000060
0.000061
-0.000060
0.000061
-0.000060
0.000061
-0.000060
0.000061
-0.000060
0.000060
-0.000060
0.000060
-0.000060
0.000060
-0.000060
0.000060
-0.000060
0.000060
-0.000060
0.000060
-0.000060
0.000060
-0.000060
0.000060
-0.000060
0.000060
-0.000060
0.000060
-0.000060
0.000060
-0.000060
0.000060
-0.000060
0.000060
-0.000060
0.000060
-0.000060
0.000060
-0.000060
0.000060
-0.000060
0.000060
-0.000060
0.000060
-0.000060
0.000060
-0.000060
0.000060
-0.000060
0.000060
-0.000060
0.000060
-0.000060
0.000060
-0.000060
0.000060
-0.000060
0.000060
-0.000060
0.000060
-0.000060
0.000060
-0.000060
0.000060
-0.000060
0.000060
-0.000060
0.000060
-0.000060
0.000060
-0.000060
0.000060
-0.000060
0.000060
-0.000060
0.000060
-0.000060
0.000060
-0.000060
0.000060
-0.000060
0.000060
-0.000060
0.000060
-0.000060
0.000060
-0.000060
0.000060
-0.000060
0.000060
-0.000060
0.000060
-0.000060
0.000060
-0.000060
0.000060
-0.000060
0.000060
-0.000060
0.000060
-0.000060
0.000060
-0.000060
0.000060
-0.000060
0.000060
-0.000060
0.000060
-0.000060
0.000060
-0.000060
0.000060
-0.000060
0.000060
-0.000060
0.000060
-0.000060
0.000060
-0.000060
0.000060
-0.000060
0.000060
-0.000060
0.000060
-0.000060
0.000060
-0.000060
0.000060
-0.000060
0.000060
-0.000060
0.000060
-0.000060
0.000060
-0.000060
0.000060
-0.000060
0.000060
-0.000060
0.000060
-0.000060
0.000060
-0.000060
0.000060
-0.000060
0.000060
-0.000060
0.000060
-0.000060
0.000060
-0.000060
0.000060
-0.000060
0.000060
-0.000060
0.000060
-0.000060
0.000060
-0.000060
0.000060
-0.000060
0.000060
-0.000060
0.000060
-0.000060
0.000060
-0.000060
0.000060
-0.000060
0.000060
-0.000060
0.000060
-0.000060
0.000060
-0.000060
0.000060
-0.000060
0.000060
-0.000060
0.000060
-0.000060
0.000060
-0.000060
0.000060
-0.000060
0.000060
-0.000060
0.000060
-0.000060
0.000060
-0.000060
0.000060
-0.000060
0.000060
-0.000060
0.000060
-0.000060
0.000060
-0.000060
0.000060
-0.000060
0.000060
-0.000060
0.000060
-0.000060
0.000060
-0.000060
0.000060
-0.000060
0.000060
-0.000060
0.000060
-0.000060
0.000060
-0.000060
0.000060
-0.000060
0.000060
-0.000060
0.000060
-0.000060
0.000060
-0.000060
0.000060
-0.000060
0.000060
-0.000060
0.000060
-0.000060
0.000060
-0.000060
0.000060
-0.000060
0.000060
-0.000060
0.000060
-0.000060
0.000060
-0.000060
0.000060
-0.000060
0.000060
-0.000060
0.000060
-0.000060
0.000060
-0.000060
0.000060
-0.000060
0.000060
-0.000060
0.000060
-0.000060
0.000060
-0.000060
0.000060
-0.000060
0.000060
-0.000060
0.000060
-0.000060
0.000060
-0.000060
0.000060
-0.000060
0.000060
-0.000060
0.000060
-0.000060
0.000060
-0.000060
0.000060
-0.000060
0.000060
-0.000060
0.000060
-0.000060
0.000060
-0.000060
0.000060
-0.000060
0.000060
-0.000060
0.000060
-0.000060
0.000060
-0.000060
0.000060
-0.000060
0.000060
-0.000060
0.000060
-0.000060
0.000060
-0.000060
0.000060
-0.000060
0.000060
-0.000060
0.000060
-0.000060
0.000060
-0.000060
0.000060
-0.000060
0.000060
-0.000060
0.000060
-0.000060
0.000060
-0.000060
0.000060
-0.000060
0.000060
-0.000060
0.000060
-0.000060
0.000060
-0.000060
0.000060
-0.000060
0.000060
-0.000060
0.000060
-0.000060
0.000060
-0.000060
0.000060
-0.000060
0.000060
-0.000060
0.000060
-0.000060
0.000060
-0.000060
0.000060
-0.000060
0.000060
-0.000060
0.000060
-0.000060
0.000060
-0.000060
0.000060
-0.000060
0.000060
-0.000060
0.000060
-0.000060
0.000060
-0.000060
0.000060
-0.000060
0.000060
-0.000060
0.000060
-0.000060
0.000060
-0.000060
0.000060
-0.000060
0.000060
-0.000060
0.000060
-0.000060
0.000060
-0.000060
0.000060
-0.000060
0.000060
-0.000060
0.000060
-0.000060
0.000060
-0.000060
0.000060
-0.000060
0.000060
-0.000060
0.000060
-0.000060
0.000060
-0.000060
0.000060
-0.000060
0.000060
-0.000060
0.000060
-0.000060
0.000060
-0.000060
0.000060
-0.000060
0.000060
-0.000060
0.000060
-0.000060
0.000060
-0.000060
0.000060
-0.000060
0.000060
-0.000060
0.000060
-0.000060
0.000060
-0.000060
0.000060
-0.000060
0.000060
-0.000060
0.000060
-0.000060
0.000060
-0.000060
0.000060
-0.000060
0.000060
-0.000060
0.000060
-0.000060
0.000060
-0.000060
0.000060
-0.000060
0.000060
-0.000060
0.000060
-0.000060
0.000060
-0.000060
0.000060
-0.000060
0.000060
-0.000060
0.000060
-0.000060
0.000060
-0.000060
0.000060
-0.000060
0.000060
-0.000060
0.000060
-0.000060
0.000060
-0.000060
0.000060
-0.000060
0.000060
-0.000060
0.000060
-0.000060
0.000060
-0.000060
0.000060
-0.000060
0.000060
-0.000060
0.000060
-0.000060
0.000060
-0.000060
0.000060
-0.000060
0.000060
-0.000060
0.000060
-0.000060
0.000060
-0.000060
0.000060
-0.000060
0.000060
-0.000060
0.000060
-0.000060
0.000060
-0.000060
0.000060
-0.000060
0.000060
-0.000060
0.000060
-0.000060
0.000060
-0.000060
0.000060
-0.000060
0.000060
-0.000060
0.000060
-0.000060
0.000060
-0.000060
0.000060
-0.000060
0.000060
-0.000060
0.000060
-0.000060
0.000060
-0.000060
0.000060
-0.000060
0.000060
-0.000060
0.000060
-0.000060
0.000060
-0.000060
0.000060
-0.000060
0.000060
-0.000060
0.000060
-0.000060
0.000060
-0.000060
0.000060
-0.000060
0.000060
-0.000060
0.000060
-0.000060
0.000060
-0.000060
0.000060
-0.000060
0.000060
-0.000060
0.000060
-0.000060
0.000060
-0.000060
0.000060
-0.000060
0.000060
-0.000060
0.000060
-0.000060
0.000060
-0.000060
0.000060
-0.000060
0.000060
-0.000060
0.000060
-0.000060
0.000060
-0.000060
0.000060
-0.000060
0.000060
-0.000060
0.000060
-0.000060
0.000060
-0.000060
0.000060
-0.000060
0.000060
-0.000060
0.000060
-0.000060
0.000060
-0.000060
0.000060
-0.000060
0.000060
-0.000060
0.000060
-0.000060
0.000060
-0.000060
0.000060
-0.000060
0.000060
-0.000060
0.000060
-0.000060
0.000060
-0.000060
0.000060
-0.000060
0.000060
-0.000060
0.000060
-0.000060
0.000060
-0.000060
0.000060
-0.000060
0.000060
-0.000060
0.000060
-0.000060
0.000060
-0.000060
0.000060
-0.000060
0.000060
-0.000060
0.000060
-0.000060
0.000060
-0.000060
0.000060
-0.000060
0.000060
-0.000060
0.000060
-0.000060
0.000060
-0.000060
0.000060
-0.000060
0.000060
-0.000060
0.000060
-0.000060
0.000060
-0.000060
0.000060
-0.000060
0.000060
-0.000060
0.000060
-0.000060
0.000060
-0.000060
0.000060
-0.000060
0.000060
-0.000060
0.000060
-0.000060
0.000060
-0.000060
0.000060
-0.000060
0.000060
-0.000060
0.000060
-0.000060
0.000060
-0.000060
0.000060
-0.000060
0.000060
-0.000060
0.000060
-0.000060
0.000060
-0.000060
0.000060
-0.000060
0.000060
-0.000060
0.000060
-0.000060
0.000060
-0.000060
0.000060
-0.000060
0.000060
-0.000060
0.000060
-0.000060
0.000060
-0.000060
0.000060
-0.000060
0.000060
-0.000060
0.000060
-0.000060
0.000060
-0.000060
0.000060
-0.000060
0.000060
-0.000060
0.000060
-0.000060
0.000060
-0.000060
0.000060
-0.000060
0.000060
-0.000060
0.000060
-0.000060
0.000060
-0.000060
0.000060
-0.000060
0.000060
-0.000060
0.000060
-0.000060
0.000060
-0.000060
0.000060
-0.000060
0.000060
-0.000060
0.000060
-0.000060
0.000060
-0.000060
0.000060
-0.000060
0.000060
-0.000060
0.000060
-0.000060
0.000060
-0.000060
0.000060
-0.000060
0.000060
-0.000060
0.000060
-0.000060
0.000060
-0.000060
0.000060
-0.000060
0.000060
-0.000060
0.000060
-0.000060
0.000060
-0.000060
0.000060
-0.000060
0.000060
-0.000060
0.000060
-0.000060
0.000060
-0.000060
0.000060
-0.000060
0.000060
-0.000060
0.000060
-0.000060
0.000060
-0.000060
0.000060
-0.000060
0.000060
-0.000060
0.000060
-0.000060
0.000060
-0.000060
0.000060
-0.000060
0.000060
-0.000060
0.000060
-0.000060
0.000060
-0.000060
0.000060
-0.000060
0.000060
-0.000060
0.000060
-0.000060
0.000060
-0.000060
0.000060
-0.000060
0.000060
-0.000060
0.000060
-0.000060
0.000060
-0.000060
0.000060
-0.000060
0.000060
-0.000060
0.000060
-0.000060
0.000060
-0.000060
0.000060
-0.000060
0.000060
-0.000060
0.000060
-0.000060
0.000060
-0.000060
0.000060
-0.000060
0.000060
-0.000060
0.000060
-0.000060
0.000060
-0.000060
0.000060
-0.000060
0.000060
-0.000060
0.000060
-0.000060
0.000060
-0.000060
0.000060
-0.000060
0.000060
-0.000060
0.000060
-0.000060
0.000060
-0.000060
0.000060
-0.000060
0.000060
-0.000060
0.000060
-0.000060
0.000060
-0.000060
0.000060
-0.000060
0.000060
-0.000060
0.000060
-0.000060
0.000060
-0.000060
0.000060
-0.000060
0.000060
-0.000060
0.000060
-0.000060
0.000060
-0.000060
0.000060
-0.000060
0.000060
-0.000060
0.000060
-0.000060
0.000060
-0.000060
0.000060
-0.000060
0.000060
-0.000060
0.000060
-0.000060
0.000060
-0.000060
0.000060
-0.000060
0.000060
-0.000060
0.000060
-0.000060
0.000060
-0.000060
0.000060
-0.000060
0.000060
-0.000060
0.000060
-0.000060
0.000060
-0.000060
0.000060
-0.000060
0.000060
-0.000060
0.000060
-0.000060
0.000060
-0.000060
0.000060
-0.000060
0.000060
-0.000060
0.000060
-0.000060
0.000060
-0.000060
0.000060
-0.000060
0.000060
-0.000060
0.000060
-0.000060
0.000060
-0.000060
0.000060
-0.000060
0.000060
-0.000060
0.000060
-0.000060
0.000060
-0.000060
0.000060
-0.000060
0.000060
-0.000060
0.000060
-0.000060
0.000060
-0.000060
0.000060
-0.000060
0.000060
-0.000060
0.000060
-0.000060
0.000060
-0.000060
0.000060
-0.000060
0.000060
-0.000060
0.000060
-0.000060
0.000060
-0.000060
0.000060
-0.000060
0.000060
-0.000060
0.000060
-0.000060
0.000060
-0.000060
0.000060
-0.000060
0.000060
-0.000060
0.000060
-0.000060
0.000060
-0.000060
0.000060
-0.000060
0.000060
-0.000060
0.000060
-0.000060
0.000060
-0.000060
0.000060
-0.000060
0.000060
-0.000060
0.000060
-0.000060
0.000060
-0.000060
0.000060
-0.000060
0.000060
-0.000060
0.000060
-0.000060
0.000060
-0.000060
0.000060
-0.000060
0.000060
-0.000060
0.000060
-0.000060
0.000060
-0.000060
0.000060
-0.000060
0.000060
-0.000060
0.000060
-0.000060
0.000060
-0.000060
0.000060
-0.000060
0.000060
-0.000060
0.000060
-0.000060
0.000060
-0.000060
0.000060
-0.000060
0.000060
-0.000060
0.000060
-0.000060
0.000060
-0.000060
0.000060
-0.000060
0.000060
-0.000060
0.000060
-0.000060
0.000060
-0.000060
0.000060
-0.000060
0.000060
-0.000060
0.000060
-0.000060
0.000060
-0.000060
0.000060
-0.000060
0.000060
-0.000060
0.000060
-0.000060
0.000060
-0.000060
0.000060
-0.000060
0.000060
-0.000060
0.000060
-0.000060
0.000060
-0.000060
0.000060
-0.000060
0.000060
-0.000060
0.000060
-0.000060
0.000060
-0.000060
0.000060
-0.000060
0.000060
-0.000060
0.000060
-0.000060
0.000060
-0.000060
0.000060
-0.000060
0.000060
-0.000060
0.000060
-0.000060
0.000060
-0.000060
0.000060
-0.000060
0.000060
-0.000060
0.000060
-0.000060
0.000060
-0.000060
0.000060
-0.000060
0.000060
-0.000060
0.000060
-0.000060
0.000060
-0.000060
0.000060
-0.000060
0.000060
-0.000060
0.000060
-0.000060
0.000060
-0.000060
0.000060
-0.000060
0.000060
-0.000060
0.000060
-0.000060
0.000060
-0.000060
0.000060
-0.000060
0.000060
-0.000060
0.000060
-0.000060
0.000060
-0.000060
0.000060
-0.000060
0.000060
-0.000060
0.000060
-0.000060
0.000060
-0.000060
0.000060
-0.000060
0.000060
-0.000060
0.000060
-0.000060
0.000060
-0.000060
0.000060
-0.000060
0.000060
-0.000060
0.000060
-0.000060
0.000060
-0.000060
0.000060
-0.000060
0.000060
-0.000060
0.000060
-0.000060
0.000060
-0.000060
0.000060
-0.000060
0.000060
-0.000060
0.000060
-0.000060
0.000060
-0.000060
0.000060
-0.000060
0.000060
-0.000060
0.000060
-0.000060
0.000060
-0.000060
0.000060
-0.000060
0.000060
-0.000060
0.000060
-0.000060
0.000060
-0.000060
0.000060
-0.000060
0.000060
-0.000060
0.000060
-0.000060
0.000060
-0.000060
0.000060
-0.000060
0.000060
-0.000060
0.000060
-0.000060
0.000060
-0.000060
0.000060
-0.000060
0.000060
-0.000060
0.000060
-0.000060
0.000060
-0.000060
0.000060
-0.000060
0.000060
-0.000060
0.000060
-0.000060
0.000060
-0.000060
0.000060
-0.000060
0.000060
-0.000060
0.000060
-0.000060
0.000060
-0.000060
0.000060
-0.000060
0.000060
-0.000060
0.000060
-0.000060
0.000060
-0.000060
0.000060
-0.000060
0.000060
-0.000060
0.000060
-0.000060
0.000060
-0.000060
0.000060
-0.000060
0.000060
-0.000060
0.000060
-0.000060
0.000060
-0.000060
0.000060
-0.000060
0.000060
-0.000060
0.000060
-0.000060
0.000060
-0.000060
0.000060
-0.000060
0.000060
-0.000060
0.000060
-0.000060
0.000060
-0.000060
0.000060
-0.000060
0.000060
-0.000060
0.000060
-0.000060
0.000060
-0.000060
0.000060
-0.000060
0.000060
-0.000060
0.000060
-0.000060
0.000060
-0.000060
0.000060
-0.000060
0.000060
-0.000060
0.000060
-0.000060
0.000060
-0.000060
0.000060
-0.000060
0.000060
-0.000060
0.000060
-0.000060
0.000060
-0.000060
0.000060
-0.000060
0.000060
-0.000060
0.000060
-0.000060
0.000060
-0.000060
0.000060
-0.000060
0.000060
-0.000060
0.000060
-0.000060
0.000060
-0.000060
0.000060
-0.000060
0.000060
-0.000060
0.000060
-0.000060
0.000060
-0.000060
0.000060
-0.000060
0.000060
-0.000060
0.000060
-0.000060
0.000060
-0.000060
0.000060
-0.000060
0.000060
-0.000060
0.000060
-0.000060
0.000060
-0.000060
0.000060
-0.000060
0.000060
-0.000060
0.000060
-0.000060
0.000060
-0.000060
0.000060
-0.000060
0.000060
-0.000060
0.000060
-0.000060
0.000060
-0.000060
0.000060
-0.000060
0.000060
-0.000060
0.000060
-0.000060
0.000060
-0.000060
0.000060
-0.000060
0.000060
-0.000060
0.000060
-0.000060
0.000060
-0.000060
0.000060
-0.000060
0.000060
-0.000060
0.000060
-0.000060
0.000060
-0.000060
0.000060
-0.000060
0.000060
-0.000060
0.000060
-0.000060
0.000060
-0.000060
0.000060
-0.000060
0.000060
-0.000060
0.000060
-0.000060
0.000060
-0.000060
0.000060
-0.000060
0.000060
-0.000060
0.000060
-0.000060
0.000060
-0.000060
0.000060
-0.000060
0.000060
-0.000060
0.000060
-0.000060
0.000060
-0.000060
0.000060
-0.000060
0.000060
-0.000060
0.000060
-0.000060
0.000060
-0.000060
0.000060
-0.000060
0.000060
-0.000060
0.000060
-0.000060
0.000060
-0.000060
0.000060
-0.000060
0.000060
-0.000060
0.000060
-0.000060
0.000060
-0.000060
0.000060
-0.000060
0.000060
-0.000060
0.000060
-0.000060
0.000060
-0.000060
0.000060
-0.000060
0.000060
-0.000060
0.000060
-0.000060
0.000060
-0.000060
0.000060
-0.000060
0.000060
-0.000060
0.000060
-0.000060
0.000060
-0.000060
0.000060
-0.000060
0.000060
-0.000060
0.000060
-0.000060
0.000060
-0.000060
0.000060
-0.000060
0.000060
-0.000060
0.000060
-0.000060
0.000060
-0.000060
0.000060
-0.000060
0.000060
-0.000060
0.000060
-0.000060
0.000060
-0.000060
0.000060
-0.000060
0.000060
-0.000060
0.000060
-0.000060
0.000060
-0.000060
0.000060
-0.000060
0.000060
-0.000060
0.000060
-0.000060
0.000060
-0.000060
0.000060
-0.000060
0.000060
-0.000060
0.000060
-0.000060
0.000060
-0.000060
0.000060
-0.000060
0.000060
-0.000060
0.000060
-0.000060
0.000060
-0.000060
0.000060
-0.000060
0.000060
-0.000060
0.000060
-0.000060
0.000060
-0.000060
0.000060
-0.000060
0.000060
-0.000060
0.000060
-0.000060
0.000060
-0.000060
0.000060
-0.000060
0.000060
-0.000060
0.000060
-0.000060
0.000060
-0.000060
0.000060
-0.000060
0.000060
-0.000060
0.000060
-0.000060
0.000060
-0.000060
0.000060
-0.000060
0.000060
-0.000060
0.000060
-0.000060
0.000060
-0.000060
0.000060
-0.000060
0.000060
-0.000060
0.000060
-0.000060
0.000060
-0.000060
0.000060
-0.000060
0.000060
-0.000060
0.000060
-0.000060
0.000060
-0.000060
0.000060
-0.000060
0.000060
-0.000060
0.000060
-0.000060
0.000060
-0.000060
0.000060
-0.000060
0.000060
-0.000060
0.000060
-0.000060
0.000060
-0.000060
0.000060
-0.000060
0.000060
-0.000060
0.000060
-0.000060
0.000060
-0.000060
0.000060
-0.000060
0.000060
-0.000060
0.000060
-0.000060
0.000060
-0.000060
0.000060
-0.000060
0.000060
-0.000060
0.000060
-0.000060
0.000060
-0.000060
0.000060
-0.000060
0.000060
-0.000060
0.000060
-0.000060
0.000060
-0.000060
0.000060
-0.000060
0.000060
-0.000060
0.000060
-0.000060
0.000060
-0.000060
0.000060
-0.000060
0.000060
-0.000060
0.000060
-0.000060
0.000060
-0.000060
0.000060
-0.000060
0.000060
-0.000060
0.000060
-0.000060
0.000060
-0.000060
0.000060
-0.000060
0.000060
-0.000060
0.000060
-0.000060
0.000060
-0.000060
0.000060
-0.000060
0.000060
-0.000060
0.000060
-0.000060
0.000060
-0.000060
0.000060
-0.000060
0.000060
-0.000060
0.000060
-0.000060
0.000060
-0.000060
0.000060
-0.000060
0.000060
-0.000060
0.000060
-0.000060
0.000060
-0.000060
0.000060
-0.000060
0.000060
-0.000060
0.000060
-0.000060
0.000060
-0.000060
0.000060
-0.000060
0.000060
-0.000060
0.000060
-0.000060
0.000060
-0.000060
0.000060
-0.000060
0.000060
-0.000060
0.000060
-0.000060
0.000060
-0.000060
0.000060
-0.000060
0.000060
-0.000060
0.000060
-0.000060
0.000060
-0.000060
0.000060
-0.000060
0.000060
-0.000060
0.000060
-0.000060
0.000060
-0.000060
0.000060
-0.000060
0.000060
-0.000060
0.000060
-0.000060
0.000060
-0.000060
0.000060
-0.000060
0.000060
-0.000060
0.000060
-0.000060
0.000060
-0.000060
0.000060
-0.000060
0.000060
-0.000060
0.000060
-0.000060
0.000060
-0.000060
0.000060
-0.000060
0.000060
-0.000060
0.000060
-0.000060
0.000060
-0.000060
0.000060
-0.000060
0.000060
-0.000060
0.000060
-0.000060
0.000060
-0.000060
0.000060
-0.000060
0.000060
-0.000060
0.000060
-0.000060
0.000060
-0.000060
0.000060
-0.000060
0.000060
-0.000060
0.000060
-0.000060
0.000060
-0.000060
0.000060
-0.000060
0.000060
-0.000060
0.000060
-0.000060
0.000060
-0.000060
0.000060
-0.000060
0.000060
-0.000060
0.000060
-0.000060
0.000060
-0.000060
0.000060
-0.000060
0.000060
-0.000060
0.000060
-0.000060
0.000060
-0.000060
0.000060
-0.000060
0.000060
-0.000060
0.000060
-0.000060
0.000060
-0.000060
0.000060
-0.000060
0.000060
-0.000060
0.000060
-0.000060
0.000060
-0.000060
0.000060
-0.000060
0.000060
-0.000060
0.000060
-0.000060
0.000060
-0.000060
0.000060
-0.000060
0.000060
-0.000060
0.000060
-0.000060
0.000060
-0.000060
0.000060
-0.000060
0.000060
-0.000060
0.000060
-0.000060
0.000060
-0.000060
0.000060
-0.000060
0.000060
-0.000060
0.000060
-0.000060
0.000060
-0.000060
0.000060
-0.000060
0.000060
-0.000060
0.000060
-0.000060
0.000060
-0.000060
0.000060
-0.000060
0.000060
-0.000060
0.000060
-0.000060
0.000060
-0.000060
0.000060
-0.000060
0.000060
-0.000060
0.000060
-0.000060
0.000060
-0.000060
0.000060
-0.000060
0.000060
-0.000060
0.000060
-0.000060
0.000060
-0.000060
0.000060
-0.000060
0.000060
-0.000060
0.000060
-0.000060
0.000060
-0.000060
0.000060
-0.000060
0.000060
-0.000060
0.000060
-0.000060
0.000060
-0.000060
0.000060
-0.000060
0.000060
-0.000060
0.000060
-0.000060
0.000060
-0.000060
0.000060
-0.000060
0.000060
-0.000060
0.000060
-0.000060
0.000060
-0.000060
0.000060
-0.000060
0.000060
-0.000060
0.000060
-0.000060
0.000060
-0.000060
0.000060
-0.000060
0.000060
-0.000060
0.000060
-0.000060
0.000060
-0.000060
0.000060
-0.000060
0.000060
-0.000060
0.000060
-0.000060
0.000060
-0.000060
0.000060
-0.000060
0.000060
-0.000060
0.000060
-0.000060
0.000060
-0.000060
0.000060
-0.000060
0.000060
-0.000060
0.000060
-0.000060
0.000060
-0.000060
0.000060
-0.000060
0.000060
-0.000060
0.000060
-0.000060
0.000060
-0.000060
0.000060
-0.000060
0.000060
-0.000060
0.000060
-0.000060
0.000060
-0.000060
0.000060
-0.000060
0.000060
-0.000060
0.000060
-0.000060
0.000060
-0.000060
0.000060
-0.000060
0.000060
-0.000060
0.000060
-0.000060
0.000060
-0.000060
0.000060
-0.000060
0.000060
-0.000060
0.000060
-0.000060
0.000060
-0.000060
0.000060
-0.000060
0.000060
-0.000060
0.000060
-0.000060
0.000060
-0.000060
0.000060
-0.000060
0.000060
-0.000060
0.000060
-0.000060
0.000060
-0.000060
0.000060
-0.000060
0.000060
-0.000060
0.000060
-0.000060
0.000060
-0.000060
0.000060
-0.000060
0.000060
-0.000060
0.000060
-0.000060
0.000060
-0.000060
0.000060
-0.000060
0.000060
-0.000060
0.000060
-0.000060
0.000060
-0.000060
0.000060
-0.000060
0.000060
-0.000060
0.000060
-0.000060
0.000060
-0.000060
0.000060
-0.000060
0.000060
-0.000060
0.000060
-0.000060
0.000060
-0.000060
0.000060
-0.000060
0.000060
-0.000060
0.000060
-0.000060
0.000060
-0.000060
0.000060
-0.000060
0.000060
-0.000060
0.000060
-0.000060
0.000060
-0.000060
0.000060
-0.000060
0.000060
-0.000060
0.000060
-0.000060
0.000060
-0.000060
0.000060
-0.000060
0.000060
-0.000060
0.000060
-0.000060
0.000060
-0.000060
0.000060
-0.000060
0.000060
-0.000060
0.000060
-0.000060
0.000060
-0.000060
0.000060
-0.000060
0.000060
-0.000060
0.000060
-0.000060
0.000060
-0.000060
0.000060
-0.000060
0.000060
-0.000060
0.000060
-0.000060
0.000060
-0.000060
0.000060
-0.000060
0.000060
-0.000060
0.000060
-0.000060
0.000060
-0.000060
0.000060
-0.000060
0.000060
-0.000060
0.000060
-0.000060
0.000060
-0.000060
0.000060
-0.000060
0.000060
-0.000060
0.000060
-0.000060
0.000060
-0.000060
0.000060
-0.000060
0.000060
-0.000060
0.000060
-0.000060
0.000060
-0.000060
0.000060
-0.000060
0.000060
-0.000060
0.000060
-0.000060
0.000060
-0.000060
0.000060
-0.000060
0.000060
-0.000060
0.000060
-0.000060
0.000060
-0.000060
0.000060
-0.000060
0.000060
-0.000060
0.000060
-0.000060
0.000060
-0.000060
0.000060
-0.000060
0.000060
-0.000060
0.000060
-0.000060
0.000060
-0.000060
0.000060
-0.000060
0.000060
-0.000060
0.000060
-0.000060
0.000060
-0.000060
0.000060
-0.000060
0.000060
-0.000060
0.000060
-0.000060
0.000060
-0.000060
0.000060
-0.000060
0.000060
-0.000060
0.000060
-0.000060
0.000060
-0.000060
0.000060
-0.000060
0.000060
-0.000060
0.000060
-0.000060
0.000060
-0.000060
0.000060
-0.000060
0.000060
-0.000060
0.000060
-0.000060
0.000060
-0.000060
0.000060
-0.000060
0.000060
-0.000060
0.000060
-0.000060
0.000060
-0.000060
0.000060
-0.000060
0.000060
-0.000060
0.000060
-0.000060
0.000060
-0.000060
0.000060
-0.000060
0.000060
-0.000060
0.000060
-0.000060
0.000060
-0.000060
0.000060
-0.000060
0.000060
-0.000060
0.000060
-0.000060
0.000060
-0.000060
0.000060
-0.000060
0.000060
-0.000060
0.000060
-0.000060
0.000060
-0.000060
0.000060
-0.000060
0.000060
-0.000060
0.000060
-0.000060
0.000060
-0.000060
0.000060
-0.000060
0.000060
-0.000060
0.000060
-0.000060
0.000060
-0.000060
0.000060
-0.000060
0.000060
-0.000060
0.000060
-0.000060
0.000060
-0.000060
0.000060
-0.000060
0.000060
-0.000060
0.000060
-0.000060
0.000060
-0.000060
0.000060
-0.000060
0.000060
-0.000060
0.000060
-0.000060
0.000060
-0.000060
0.000060
-0.000060
0.000060
-0.000060
0.000060
-0.000060
0.000060
-0.000060
0.000060
-0.000060
0.000060
-0.000060
0.000060
-0.000060
0.000060
-0.000060
0.000060
-0.000060
0.000060
-0.000060
0.000060
-0.000060
0.000060
-0.000060
0.000060
-0.000060
0.000060
-0.000060
0.000060
-0.000060
0.000060
-0.000060
0.000060
-0.000060
0.000060
-0.000060
0.000060
-0.000060
0.000060
-0.000060
0.000060
-0.000060
0.000060
-0.000060
0.000060
-0.000060
0.000060
-0.000060
0.000060
-0.000060
0.000060
-0.000060
0.000060
-0.000060
0.000060
-0.000060
0.000060
-0.000060
0.000060
-0.000060
0.000060
-0.000060
0.000060
-0.000060
0.000060
-0.000060
0.000060
-0.000060
0.000060
-0.000060
0.000060
-0.000060
0.000060
-0.000060
0.000060
-0.000060
0.000060
-0.000060
0.000060
-0.000060
0.000060
-0.000060
0.000060
-0.000060
0.000060
-0.000060
0.000060
-0.000060
0.000060
-0.000060
0.000060
-0.000060
0.000060
-0.000060
0.000060
-0.000060
0.000060
-0.000060
0.000060
-0.000060
0.000060
-0.000060
0.000060
-0.000060
0.000060
-0.000060
0.000060
-0.000060
0.000060
-0.000060
0.000060
-0.000060
0.000060
-0.000060
0.000060
-0.000060
0.000060
-0.000060
0.000060
-0.000060
0.000060
-0.000060
0.000060
-0.000060
0.000060
-0.000060
0.000060
-0.000060
0.000060
-0.000060
0.000060
-0.000060
0.000060
-0.000060
0.000060
-0.000060
0.000060
-0.000060
0.000060
-0.000060
0.000060
-0.000060
0.000060
-0.000060
0.000060
-0.000060
0.000060
-0.000060
0.000060
-0.000060
0.000060
-0.000060
0.000060
-0.000060
0.000060
-0.000060
0.000060
-0.000060
0.000060
-0.000060
0.000060
-0.000060
0.000060
-0.000060
0.000060
-0.000060
0.000060
-0.000060
0.000060
-0.000060
0.000060
-0.000060
0.000060
-0.000060
0.000060
-0.000060
0.000060
-0.000060
0.000060
-0.000060
0.000060
-0.000060
0.000060
-0.000060
0.000060
-0.000060
0.000060
-0.000060
0.000060
-0.000060
0.000060
-0.000060
0.000060
-0.000060
0.000060
-0.000060
0.000060
-0.000060
0.000060
-0.000060
0.000060
-0.000060
0.000060
-0.000060
0.000060
-0.000060
0.000060
-0.000060
0.000060
-0.000060
0.000060
-0.000060
0.000060
-0.000060
0.000060
-0.000060
0.000060
-0.000060
0.000060
-0.000060
0.000060
-0.000060
0.000060
-0.000060
0.000060
-0.000060
0.000060
-0.000060
0.000060
-0.000060
0.000060
-0.000060
0.000060
-0.000060
0.000060
-0.000060
0.000060
-0.000060
0.000060
-0.000060
0.000060
-0.000060
0.000060
-0.000060
0.000060
-0.000060
0.000060
-0.000060
0.000060
-0.000060
0.000060
-0.000060
0.000060
-0.000060
0.000060
-0.000060
0.000060
-0.000060
0.000060
-0.000060
0.000060
-0.000060
0.000060
-0.000060
0.000060
-0.000060
0.000060
-0.000060
0.000060
-0.000060
0.000060
-0.000060
0.000060
-0.000060
0.000060
-0.000060
0.000060
-0.000060
0.000060
-0.000060
0.000060
-0.000060
0.000060
-0.000060
0.000060
-0.000060
0.000060
-0.000060
0.000060
-0.000060
0.000060
-0.000060
0.000060
-0.000060
0.000060
-0.000060
0.000060
-0.000060
0.000060
-0.000060
0.000060
-0.000060
0.000060
-0.000060
0.000060
-0.000060
0.000060
-0.000060
0.000060
-0.000060
0.000060
-0.000060
0.000060
-0.000060
0.000060
-0.000060
0.000060
-0.000060
0.000060
-0.000060
0.000060
-0.000060
0.000060
-0.000060
0.000060
-0.000060
0.000060
-0.000060
0.000060
-0.000060
0.000060
-0.000060
0.000060
-0.000060
0.000060
-0.000060
0.000060
-0.000060
0.000060
-0.000060
0.000060
-0.000060
0.000060
-0.000060
0.000060
-0.000060
0.000060
-0.000060
0.000060
-0.000060
0.000060
-0.000060
0.000060
-0.000060
0.000060
-0.000060
0.000060
-0.000060
0.000060
-0.000060
0.000060
-0.000060
0.000060
-0.000060
0.000060
-0.000060
0.000060
-0.000060
0.000060
-0.000060
0.000060
-0.000060
0.000060
-0.000060
0.000060
-0.000060
0.000060
-0.000060
0.000060
-0.000060
0.000060
-0.000060
0.000060
-0.000060
0.000060
-0.000060
0.000060
-0.000060
0.000060
-0.000060
0.000060
-0.000060
0.000060
-0.000060
0.000060
-0.000060
0.000060
-0.000060
0.000060
-0.000060
0.000060
-0.000060
0.000060
-0.000060
0.000060
-0.000060
0.000060
-0.000060
0.000060
-0.000060
0.000060
-0.000060
0.000060
-0.000060
0.000060
-0.000060
0.000060
-0.000060
0.000060
-0.000060
0.000060
-0.000060
0.000060
-0.000060
0.000060
-0.000060
0.000060
-0.000060
0.000060
-0.000060
0.000060
-0.000060
0.000060
-0.000060
0.000060
-0.000060
0.000060
-0.000060
0.000060
-0.000060
0.000060
-0.000060
0.000060
-0.000060
0.000060
-0.000060
0.000060
-0.000060
0.000060
-0.000060
0.000060
-0.000060
0.000060
-0.000060
0.000060
-0.000060
0.000060
-0.000060
0.000060
-0.000060
0.000060
-0.000060
0.000060
-0.000060
0.000060
-0.000060
0.000060
-0.000060
0.000060
-0.000060
0.000060
-0.000060
0.000060
-0.000060
0.000060
-0.000060
0.000060
-0.000060
0.000060
-0.000060
0.000060
-0.000060
0.000060
-0.000060
0.000060
-0.000060
0.000060
-0.000060
0.000060
-0.000060
0.000060
-0.000060
0.000060
-0.000060
0.000060
-0.000060
0.000060
-0.000060
0.000060
-0.000060
0.000060
-0.000060
0.000060
-0.000060
0.000060
-0.000060
0.000060
-0.000060
0.000060
-0.000060
0.000060
-0.000060
0.000060
-0.000060
0.000060
-0.000060
0.000060
-0.000060
0.000060
-0.000060
0.000060
-0.000060
0.000060
-0.000060
0.000060
-0.000060
0.000060
-0.000060
0.000060
-0.000060
0.000060
-0.000060
0.000060
-0.000060
0.000060
-0.000060
0.000060
-0.000060
0.000060
-0.000060
0.000060
-0.000060
0.000060
-0.000060
0.000060
-0.000060
0.000060
-0.000060
0.000060
-0.000060
0.000060
-0.000060
0.000060
-0.000060
0.000060
-0.000060
0.000060
-0.000060
0.000060
-0.000060
0.000060
-0.000060
0.000060
-0.000060
0.000060
-0.000060
0.000060
-0.000060
0.000060
-0.000060
0.000060
-0.000060
0.000060
-0.000060
0.000060
-0.000060
0.000060
-0.000060
0.000060
-0.000060
0.000060
-0.000060
0.000060
-0.000060
0.000060
-0.000060
0.000060
-0.000060
0.000060
-0.000060
0.000060
-0.000060
0.000060
-0.000060
0.000060
-0.000060
0.000060
-0.000060
0.000060
-0.000060
0.000060
-0.000060
0.000060
-0.000060
0.000060
-0.000060
0.000060
-0.000060
0.000060
-0.000060
0.000060
-0.000060
0.000060
-0.000060
0.000060
-0.000060
0.000060
-0.000060
0.000060
-0.000060
0.000060
-0.000060
0.000060
-0.000060
0.000060
-0.000060
0.000060
-0.000060
0.000060
-0.000060
0.000060
-0.000060
0.000060
-0.000060
0.000060
-0.000060
0.000060
-0.000060
0.000060
-0.000060
0.000060
-0.000060
0.000060
-0.000060
0.000060
-0.000060
0.000060
-0.000060
0.000060
-0.000060
0.000060
-0.000060
0.000060
-0.000060
0.000060
-0.000060
0.000060
-0.000060
0.000060
-0.000060
0.000060
-0.000060
0.000060
-0.000060
0.000060
-0.000060
0.000060
-0.000060
0.000060
-0.000060
0.000060
-0.000060
0.000060
-0.000060
0.000060
-0.000060
0.000060
-0.000060
0.000060
-0.000060
0.000060
-0.000060
0.000060
-0.000060
0.000060
-0.000060
0.000060
-0.000060
0.000060
-0.000060
0.000060
-0.000060
0.000060
-0.000060
0.000060
-0.000060
0.000060
-0.000060
0.000060
-0.000060
0.000060
-0.000060
0.000060
-0.000060
0.000060
-0.000060
0.000060
-0.000060
0.000060
-0.000060
0.000060
-0.000060
0.000060
-0.000060
0.000060
-0.000060
0.000060
-0.000060
0.000060
-0.000060
0.000060
-0.000060
0.000060
-0.000060
0.000060
-0.000060
0.000060
-0.000060
0.000060
-0.000060
0.000060
-0.000060
0.000060
-0.000060
0.000060
-0.000060
0.000060
-0.000060
0.000060
-0.000060
0.000060
-0.000060
0.000060
-0.000060
0.000060
-0.000060
0.000060
-0.000060
0.000060
-0.000060
0.000060
-0.000060
0.000060
-0.000060
0.000060
-0.000060
0.000060
-0.000060
0.000060
-0.000060
0.000060
-0.000060
0.000060
-0.000060
0.000060
-0.000060
0.000060
-0.000060
0.000060
-0.000060
0.000060
-0.000060
0.000060
-0.000060
0.000060
-0.000060
0.000060
-0.000060
0.000060
-0.000060
0.000060
-0.000060
0.000060
-0.000060
0.000060
-0.000060
0.000060
-0.000060
0.000060
-0.000060
0.000060
-0.000060
0.000060
-0.000060
0.000060
-0.000060
0.000060
-0.000060
0.000060
-0.000060
0.000060
-0.000060
0.000060
-0.000060
0.000060
-0.000060
0.000060
-0.000060
0.000060
-0.000060
0.000060
-0.000060
0.000060
-0.000060
0.000060
-0.000060
0.000060
-0.000060
0.000060
-0.000060
0.000060
-0.000060
0.000060
-0.000060
0.000060
-0.000060
0.000060
-0.000060
0.000060
-0.000060
0.000060
-0.000060
0.000060
-0.000060
0.000060
-0.000060
0.000060
-0.000060
0.000060
-0.000060
0.000060
-0.000060
0.000060
-0.000060
0.000060
-0.000060
0.000060
-0.000060
0.000060
-0.000060
0.000060
-0.000060
0.000060
-0.000060
0.000060
-0.000060
0.000060
-0.000060
0.000060
-0.000060
0.000060
-0.000060
0.000060
-0.000060
0.000060
-0.000060
0.000060
-0.000060
0.000060
-0.000060
0.000060
-0.000060
0.000060
-0.000060
0.000060
-0.000060
0.000060
-0.000060
0.000060
-0.000060
0.000060
-0.000060
0.000060
-0.000060
0.000060
-0.000060
0.000060
-0.000060
0.000060
-0.000060
0.000060
-0.000060
0.000060
-0.000060
0.000060
-0.000060
0.000060
-0.000060
0.000060
-0.000060
0.000060
-0.000060
0.000060
-0.000060
0.000060
-0.000060
0.000060
-0.000060
0.000060
-0.000060
0.000060
-0.000060
0.000060
-0.000060
0.000060
-0.000060
0.000060
-0.000060
0.000060
-0.000060
0.000060
-0.000060
0.000060
-0.000060
0.000060
-0.000060
0.000060
-0.000060
0.000060
-0.000060
0.000060
-0.000060
0.000060
-0.000060
0.000060
-0.000060
0.000060
-0.000060
0.000060
-0.000060
0.000060
-0.000060
0.000060
-0.000060
0.000060
-0.000060
0.000060
-0.000060
0.000060
-0.000060
0.000060
-0.000060
0.000060
-0.000060
0.000060
-0.000060
0.000060
-0.000060
0.000060
-0.000060
0.000060
-0.000060
0.000060
-0.000060
0.000060
-0.000060
0.000060
-0.000060
0.000060
-0.000060
0.000060
-0.000060
0.000060
-0.000060
0.000060
-0.000060
0.000060
-0.000060
0.000060
-0.000060
0.000060
-0.000060
0.000060
-0.000060
0.000060
-0.000060
0.000060
-0.000060
0.000060
-0.000060
0.000060
-0.000060
0.000060
-0.000060
0.000060
-0.000060
0.000060
-0.000060
0.000060
-0.000060
0.000060
-0.000060
0.000060
-0.000060
0.000060
-0.000060
0.000060
-0.000060
0.000060
-0.000060
0.000060
-0.000060
0.000060
-0.000060
0.000060
-0.000060
0.000060
-0.000060
0.000060
-0.000060
0.000060
-0.000060
0.000060
-0.000060
0.000060
-0.000060
0.000060
-0.000060
0.000060
-0.000060
0.000060
-0.000060
0.000060
-0.000060
0.000060
-0.000060
0.000060
-0.000060
0.000060
-0.000060
0.000060
-0.000060
0.000060
-0.000060
0.000060
-0.000060
0.000060
-0.000060
0.000060
-0.000060
0.000060
-0.000060
0.000060
-0.000060
0.000060
-0.000060
0.000060
-0.000060
0.000060
-0.000060
0.000060
-0.000060
0.000060
-0.000060
0.000060
-0.000060
0.000060
-0.000060
0.000060
-0.000060
0.000060
-0.000060
0.000060
-0.000060
0.000060
-0.000060
0.000060
-0.000060
0.000060
-0.000060
0.000060
-0.000060
0.000060
-0.000060
0.000060
-0.000060
0.000060
-0.000060
0.000060
-0.000060
0.000060
-0.000060
0.000060
-0.000060
0.000060
-0.000060
0.000060
-0.000060
0.000060
-0.000060
0.000060
-0.000060
0.000060
-0.000060
0.000060
-0.000060
0.000060
-0.000060
0.000060
-0.000060
0.000060
-0.000060
0.000060
-0.000060
0.000060
-0.000060
0.000060
-0.000060
0.000060
-0.000060
0.000060
-0.000060
0.000060
-0.000060
0.000060
-0.000060
0.000060
-0.000060
0.000060
-0.000060
0.000060
-0.000060
0.000060
-0.000060
0.000060
-0.000060
0.000060
-0.000060
0.000060
-0.000060
0.000060
-0.000060
0.000060
-0.000060
0.000060
-0.000060
0.000060
-0.000060
0.000060
-0.000060
0.000060
-0.000060
0.000060
-0.000060
0.000060
-0.000060
0.000060
-0.000060
0.000060
-0.000060
0.000060
-0.000060
0.000060
-0.000060
0.000060
-0.000060
0.000060
-0.000060
0.000060
-0.000060
0.000060
-0.000060
0.000060
-0.000060
0.000060
-0.000060
0.000060
-0.000060
0.000060
-0.000060
0.000060
-0.000060
0.000060
-0.000060
0.000060
-0.000060
0.000060
-0.000060
0.000060
-0.000060
0.000060
-0.000060
0.000060
-0.000060
0.000060
-0.000060
0.000060
-0.000060
0.000060
-0.000060
0.000060
-0.000060
0.000060
-0.000060
0.000060
-0.000060
0.000060
-0.000060
0.000060
-0.000060
0.000060
-0.000060
0.000060
-0.000060
0.000060
-0.000060
0.000060
-0.000060
0.000060
-0.000060
0.000060
-0.000060
0.000060
-0.000060
0.000060
-0.000060
0.000060
-0.000060
0.000060
-0.000060
0.000060
-0.000060
0.000060
-0.000060
0.000060
-0.000060
0.000060
-0.000060
0.000060
-0.000060
0.000060
-0.000060
0.000060
-0.000060
0.000060
-0.000060
0.000060
-0.000060
0.000060
-0.000060
0.000060
-0.000060
0.000060
-0.000060
0.000060
-0.000060
0.000060
-0.000060
0.000060
-0.000060
0.000060
-0.000060
0.000060
-0.000060
0.000060
-0.000060
0.000060
-0.000060
0.000060
-0.000060
0.000060
-0.000060
0.000060
-0.000060
0.000060
-0.000060
0.000060
-0.000060
0.000060
-0.000060
0.000060
-0.000060
0.000060
-0.000060
0.000060
-0.000060
0.000060
-0.000060
0.000060
-0.000060
0.000060
-0.000060
0.000060
-0.000060
0.000060
-0.000060
0.000060
-0.000060
0.000060
-0.000060
0.000060
-0.000060
0.000060
-0.000060
0.000060
-0.000060
0.000060
-0.000060
0.000060
-0.000060
0.000060
-0.000060
0.000060
-0.000060
0.000060
-0.000060
0.000060
-0.000060
0.000060
-0.000060
0.000060
-0.000060
0.000060
-0.000060
0.000060
-0.000060
0.000060
-0.000060
0.000060
-0.000060
0.000060
-0.000060
0.000060
-0.000060
0.000060
-0.000060
0.000060
-0.000060
0.000060
-0.000060
0.000060
-0.000060
0.000060
-0.000060
0.000060
-0.000060
0.000060
-0.000060
0.000060
-0.000060
0.000060
-0.000060
0.000060
-0.000060
0.000060
-0.000060
0.000060
-0.000060
0.000060
-0.000060
0.000060
-0.000060
0.000060
-0.000060
0.000060
-0.000060
0.000060
-0.000060
0.000060
-0.000060
0.000060
-0.000060
0.000060
-0.000060
0.000060
-0.000060
0.000060
-0.000060
0.000060
-0.000060
0.000060
-0.000060
0.000060
-0.000060
0.000060
-0.000060
0.000060
-0.000060
0.000060
-0.000060
0.000060
-0.000060
0.000060
-0.000060
0.000060
-0.000060
0.000060
-0.000060
0.000060
-0.000060
0.000060
-0.000060
0.000060
-0.000060
0.000060
-0.000060
0.000060
-0.000060
0.000060
-0.000060
0.000060
-0.000060
0.000060
-0.000060
0.000060
-0.000060
0.000060
-0.000060
0.000060
-0.000060
0.000060
-0.000060
0.000060
-0.000060
0.000060
-0.000060
0.000060
-0.000060
0.000060
-0.000060
0.000060
-0.000060
0.000060
-0.000060
0.000060
-0.000060
0.000060
-0.000060
0.000060
-0.000060
0.000060
-0.000060
0.000060
-0.000060
0.000060
-0.000060
0.000060
-0.000060
0.000060
-0.000060
0.000060
-0.000060
0.000060
-0.000060
0.000060
-0.000060
0.000060
-0.000060
0.000060
-0.000060
0.000060
-0.000060
0.000060
-0.000060
0.000060
-0.000060
0.000060
-0.000060
0.000060
-0.000060
0.000060
-0.000060
0.000060
-0.000060
0.000060
-0.000060
0.000060
-0.000060
0.000060
-0.000060
0.000060
-0.000060
0.000060
-0.000060
0.000060
-0.000060
0.000060
-0.000060
0.000060
-0.000060
0.000060
-0.000060
0.000060
-0.000060
0.000060
-0.000060
0.000060
-0.000060
0.000060
-0.000060
0.000060
-0.000060
0.000060
-0.000060
0.000060
-0.000060
0.000060
-0.000060
0.000060
-0.000060
0.000060
-0.000060
0.000060
-0.000060
0.000060
-0.000060
0.000060
-0.000060
0.000060
-0.000060
0.000060
-0.000060
0.000060
-0.000060
0.000060
-0.000060
0.000060
-0.000060
0.000060
-0.000060
0.000060
-0.000060
0.000060
-0.000060
0.000060
-0.000060
0.000060
-0.000060
0.000060
-0.000060
0.000060
-0.000060
0.000060
-0.000060
0.000060
-0.000060
0.000060
-0.000060
0.000060
-0.000060
0.000060
-0.000060
0.000060
-0.000060
0.000060
-0.000060
0.000060
-0.000060
0.000060
-0.000060
0.000060
-0.000060
0.000060
-0.000060
0.000060
-0.000060
0.000060
-0.000060
0.000060
-0.000060
0.000060
-0.000060
0.000060
-0.000060
0.000060
-0.000060
0.000060
-0.000060
0.000060
-0.000060
0.000060
-0.000060
0.000060
-0.000060
0.000060
-0.000060
0.000060
-0.000060
0.000060
-0.000060
0.000060
-0.000060
0.000060
-0.000060
0.000060
-0.000060
0.000060
-0.000060
0.000060
-0.000060
0.000060
-0.000060
0.000060
-0.000060
0.000060
-0.000060
0.000060
-0.000060
0.000060
-0.000060
0.000060
-0.000060
0.000060
-0.000060
0.000060
-0.000060
0.000060
-0.000060
0.000060
-0.000060
0.000060
-0.000060
0.000060
-0.000060
0.000060
-0.000060
0.000060
-0.000060
0.000060
-0.000060
0.000060
-0.000060
0.000060
-0.000060
0.000060
-0.000060
0.000060
-0.000060
0.000060
-0.000060
0.000060
-0.000060
0.000060
-0.000060
0.000060
-0.000060
0.000060
-0.000060
0.000060
-0.000060
0.000060
-0.000060
0.000060
-0.000060
0.000060
-0.000060
0.000060
-0.000060
0.000060
-0.000060
0.000060
-0.000060
0.000060
-0.000060
0.000060
-0.000060
0.000060
-0.000060
0.000060
-0.000060
0.000060
-0.000060
0.000060
-0.000060
0.000060
-0.000060
0.000060
-0.000060
0.000060
-0.000060
0.000060
-0.000060
0.000060
-0.000060
0.000060
-0.000060
0.000060
-0.000060
0.000060
-0.000060
0.000060
-0.000060
0.000060
-0.000060
0.000060
-0.000060
0.000060
-0.000060
0.000060
-0.000060
0.000060
-0.000060
0.000060
-0.000060
0.000060
-0.000060
0.000060
-0.000060
0.000060
-0.000060
0.000060
-0.000060
0.000060
-0.000060
0.000060
-0.000060
0.000060
-0.000060
0.000060
-0.000060
0.000060
-0.000060
0.000060
-0.000060
0.000060
-0.000060
0.000060
-0.000060
0.000060
-0.000060
0.000060
-0.000060
0.000060
-0.000060
0.000060
-0.000060
0.000060
-0.000060
0.000060
-0.000060
0.000060
-0.000060
0.000060
-0.000060
0.000060
-0.000060
0.000060
-0.000060
0.000060
-0.000060
0.000060
-0.000060
0.000060
-0.000060
0.000060
-0.000060
0.000060
-0.000060
0.000060
-0.000060
0.000060
-0.000060
0.000060
-0.000060
0.000060
-0.000060
0.000060
-0.000060
0.000060
-0.000060
0.000060
-0.000060
0.000060
-0.000060
0.000060
-0.000060
0.000060
-0.000060
0.000060
-0.000060
0.000060
-0.000060
0.000060
-0.000060
0.000060
-0.000060
0.000060
-0.000060
0.000060
-0.000060
0.000060
-0.000060
0.000060
-0.000060
0.000060
-0.000060
0.000060
-0.000060
0.000060
-0.000060
0.000060
-0.000060
0.000060
-0.000060
0.000060
-0.000060
0.000060
-0.000060
0.000060
-0.000060
0.000060
-0.000060
0.000060
-0.000060
0.000060
-0.000060
0.000060
-0.000060
0.000060
-0.000060
0.000060
-0.000060
0.000060
-0.000060
0.000060
-0.000060
0.000060
-0.000060
0.000060
-0.000060
0.000060
-0.000060
0.000060
-0.000060
0.000060
-0.000060
0.000060
-0.000060
0.000060
-0.000060
0.000060
-0.000060
0.000060
-0.000060
0.000060
-0.000060
0.000060
-0.000060
0.000060
-0.000060
0.000060
-0.000060
0.000060
-0.000060
0.000060
-0.000060
0.000060
-0.000060
0.000060
-0.000060
0.000060
-0.000060
0.000060
-0.000060
0.000060
-0.000060
0.000060
-0.000060
0.000060
-0.000060
0.000060
-0.000060
0.000060
-0.000060
0.000060
-0.000060
0.000060
-0.000060
0.000060
-0.000060
0.000060
-0.000060
0.000060
-0.000060
0.000060
-0.000060
0.000060
-0.000060
0.000060
-0.000060
0.000060
-0.000060
0.000060
-0.000060
0.000060
-0.000060
0.000060
-0.000060
0.000060
-0.000060
0.000060
-0.000060
0.000060
-0.000060
0.000060
-0.000060
0.000060
-0.000060
0.000060
-0.000060
0.000060
-0.000060
0.000060
-0.000060
0.000060
-0.000060
0.000060
-0.000060
0.000060
-0.000060
0.000060
-0.000060
0.000060
-0.000060
0.000060
-0.000060
0.000060
-0.000060
0.000060
-0.000060
0.000060
-0.000060
0.000060
-0.000060
0.000060
-0.000060
0.000060
-0.000060
0.000060
-0.000060
0.000060
-0.000060
0.000060
-0.000060
0.000060
-0.000060
0.000060
-0.000060
0.000060
-0.000060
0.000060
-0.000060
0.000060
-0.000060
0.000060
-0.000060
0.000060
-0.000060
0.000060
-0.000060
0.000060
-0.000060
0.000060
-0.000060
0.000060
-0.000060
0.000060
-0.000060
0.000060
-0.000060
0.000060
-0.000060
0.000060
-0.000060
0.000060
-0.000060
0.000060
-0.000060
0.000060
-0.000060
0.000060
-0.000060
0.000060
-0.000060
0.000060
-0.000060
0.000060
-0.000060
0.000060
-0.000060
0.000060
-0.000060
0.000060
-0.000060
0.000060
-0.000060
0.000060
-0.000060
0.000060
-0.000060
0.000060
-0.000060
0.000060
-0.000060
0.000060
-0.000060
0.000060
-0.000060
0.000060
-0.000060
0.000060
-0.000060
0.000060
-0.000060
0.000060
-0.000060
0.000060
-0.000060
0.000060
-0.000060
0.000060
-0.000060
0.000060
-0.000060
0.000060
-0.000060
0.000060
-0.000060
0.000060
-0.000060
0.000060
-0.000060
0.000060
-0.000060
0.000060
-0.000060
0.000060
-0.000060
0.000060
-0.000060
0.000060
-0.000060
0.000060
-0.000060
0.000060
-0.000060
0.000060
-0.000060
0.000060
-0.000060
0.000060
-0.000060
0.000060
-0.000060
0.000060
-0.000060
0.000060
-0.000060
0.000060
-0.000060
0.000060
-0.000060
0.000060
-0.000060
0.000060
-0.000060
0.000060
-0.000060
0.000060
-0.000060
0.000060
-0.000060
0.000060
-0.000060
0.000060
-0.000060
0.000060
-0.000060
0.000060
-0.000060
0.000060
-0.000060
0.000060
-0.000060
0.000060
-0.000060
0.000060
-0.000060
0.000060
-0.000060
0.000060
-0.000060
0.000060
-0.000060
0.000060
-0.000060
0.000060
-0.000060
0.000060
-0.000060
0.000060
-0.000060
0.000060
-0.000060
0.000060
-0.000060
0.000060
-0.000060
0.000060
-0.000060
0.000060
-0.000060
0.000060
-0.000060
0.000060
-0.000060
0.000060
-0.000060
0.000060
-0.000060
0.000060
-0.000060
0.000060
-0.000060
0.000060
-0.000060
0.000060
-0.000060
0.000060
-0.000060
0.000060
-0.000060
0.000060
-0.000060
0.000060
-0.000060
0.000060
-0.000060
0.000060
-0.000060
0.000060
-0.000060
0.000060
-0.000060
0.000060
-0.000060
0.000060
-0.000060
0.000060
-0.000060
0.000060
-0.000060
0.000060
-0.000060
0.000060
-0.000060
0.000060
-0.000060
0.000060
-0.000060
0.000060
-0.000060
0.000060
-0.000060
0.000060
-0.000060
0.000060
-0.000060
0.000060
-0.000060
0.000060
-0.000060
0.000060
-0.000060
0.000060
-0.000060
0.000060
-0.000060
0.000060
-0.000060
0.000060
-0.000060
0.000060
-0.000060
0.000060
-0.000060
0.000060
-0.000060
0.000060
-0.000060
0.000060
-0.000060
0.000060
-0.000060
0.000060
-0.000060
0.000060
-0.000060
0.000060
-0.000060
0.000060
-0.000060
0.000060
-0.000060
0.000060
-0.000060
0.000060
-0.000060
0.000060
-0.000060
0.000060
-0.000060
0.000060
-0.000060
0.000060
-0.000060
0.000060
-0.000060
0.000060
-0.000060
0.000060
-0.000060
0.000060
-0.000060
0.000060
-0.000060
0.000060
-0.000060
0.000060
-0.000060
0.000060
-0.000060
0.000060
-0.000060
0.000060
-0.000060
0.000060
-0.000060
0.000060
-0.000060
0.000060
-0.000060
0.000060
-0.000060
0.000060
-0.000060
0.000060
-0.000060
0.000060
-0.000060
0.000060
-0.000060
0.000060
-0.000060
0.000060
-0.000060
0.000060
-0.000060
0.000060
-0.000060
0.000060
-0.000060
0.000060
-0.000060
0.000060
-0.000060
0.000060
-0.000060
0.000060
-0.000060
0.000060
-0.000060
0.000060
-0.000060
0.000060
-0.000060
0.000060
-0.000060
0.000060
-0.000060
0.000060
-0.000060
0.000060
-0.000060
0.000060
-0.000060
0.000060
-0.000060
0.000060
-0.000060
0.000060
-0.000060
0.000060
-0.000060
0.000060
-0.000060
0.000060
-0.000060
0.000060
-0.000060
0.000060
-0.000060
0.000060
-0.000060
0.000060
-0.000060
0.000060
-0.000060
0.000060
-0.000060
0.000060
-0.000060
0.000060
-0.000060
0.000060
-0.000060
0.000060
-0.000060
0.000060
-0.000060
0.000060
-0.000060
0.000060
-0.000060
0.000060
-0.000060
0.000060
-0.000060
0.000060
-0.000060
0.000060
-0.000060
0.000060
-0.000060
0.000060
-0.000060
0.000060
-0.000060
0.000060
-0.000060
0.000060
-0.000060
0.000060
-0.000060
0.000060
-0.000060
0.000060
-0.000060
0.000060
-0.000060
0.000060
-0.000060
0.000060
-0.000060
0.000060
-0.000060
0.000060
-0.000060
0.000060
-0.000060
0.000060
-0.000060
0.000060
-0.000060
0.000060
-0.000060
0.000060
-0.000060
0.000060
-0.000060
0.000060
-0.000060
0.000060
-0.000060
0.000060
-0.000060
0.000060
-0.000060
0.000060
-0.000060
0.000060
-0.000060
0.000060
-0.000060
0.000060
-0.000060
0.000060
-0.000060
0.000060
-0.000060
0.000060
-0.000060
0.000060
-0.000060
0.000060
-0.000060
0.000060
-0.000060
0.000060
-0.000060
0.000060
-0.000060
0.000060
-0.000060
0.000060
-0.000060
0.000060
-0.000060
0.000060
-0.000060
0.000060
-0.000060
0.000060
-0.000060
0.000060
-0.000060
0.000060
-0.000060
0.000060
-0.000060
0.000060
-0.000060
0.000060
-0.000060
0.000060
-0.000060
0.000060
-0.000060
0.000060
-0.000060
0.000060
-0.000060
0.000060
-0.000060
0.000060
-0.000060
0.000060
-0.000060
0.000060
-0.000060
0.000060
-0.000060
0.000060
-0.000060
0.000060
-0.000060
0.000060
-0.000060
0.000060
-0.000060
0.000060
-0.000060
0.000060
-0.000060
0.000060
-0.000060
0.000060
-0.000060
0.000060
-0.000060
0.000060
-0.000060
0.000060
-0.000060
0.000060
-0.000060
0.000060
-0.000060
0.000060
-0.000060
0.000060
-0.000060
0.000060
-0.000060
0.000060
-0.000060
0.000060
-0.000060
0.000060
-0.000060
0.000060
-0.000060
0.000060
-0.000060
0.000060
-0.000060
0.000060
-0.000060
0.000060
-0.000060
0.000060
-0.000060
0.000060
-0.000060
0.000060
-0.000060
0.000060
-0.000060
0.000060
-0.000060
0.000060
-0.000060
0.000060
-0.000060
0.000060
-0.000060
0.000060
-0.000060
0.000060
-0.000060
0.000060
-0.000060
0.000060
-0.000060
0.000060
-0.000060
0.000060
-0.000060
0.000060
-0.000060
0.000060
-0.000060
0.000060
-0.000060
0.000060
-0.000060
0.000060
-0.000060
0.000060
-0.000060
0.000060
-0.000060
0.000060
-0.000060
0.000060
-0.000060
0.000060
-0.000060
0.000060
-0.000060
0.000060
-0.000060
0.000060
-0.000060
0.000060
-0.000060
0.000060
-0.000060
0.000060
-0.000060
0.000060
-0.000060
0.000060
-0.000060
0.000060
-0.000060
0.000060
-0.000060
0.000060
-0.000060
0.000060
-0.000060
0.000060
-0.000060
0.000060
-0.000060
0.000060
-0.000060
0.000060
-0.000060
0.000060
-0.000060
0.000060
-0.000060
0.000060
-0.000060
0.000060
-0.000060
0.000060
-0.000060
0.000060
-0.000060
0.000060
-0.000060
0.000060
-0.000060
0.000060
-0.000060
0.000060
-0.000060
0.000060
-0.000060
0.000060
-0.000060
0.000060
-0.000060
0.000060
-0.000060
0.000060
-0.000060
0.000060
-0.000060
0.000060
-0.000060
0.000060
-0.000060
0.000060
-0.000060
0.000060
-0.000060
0.000060
-0.000060
0.000060
-0.000060
0.000060
-0.000060
0.000060
-0.000060
0.000060
-0.000060
0.000060
-0.000060
0.000060
-0.000060
0.000060
-0.000060
0.000060
-0.000060
0.000060
-0.000060
0.000060
-0.000060
0.000060
-0.000060
0.000060
-0.000060
0.000060
-0.000060
0.000060
-0.000060
0.000060
-0.000060
0.000060
-0.000060
0.000060
-0.000060
0.000060
-0.000060
0.000060
-0.000060
0.000060
-0.000060
0.000060
-0.000060
0.000060
-0.000060
0.000060
-0.000060
0.000060
-0.000060
0.000060
-0.000060
0.000060
-0.000060
0.000060
-0.000060
0.000060
-0.000060
0.000060
-0.000060
0.000060
-0.000060
0.000060
-0.000060
0.000060
-0.000060
0.000060
-0.000060
0.000060
-0.000060
0.000060
-0.000060
0.000060
-0.000060
0.000060
-0.000060
0.000060
-0.000060
0.000060
-0.000060
0.000060
-0.000060
0.000060
-0.000060
0.000060
-0.000060
0.000060
-0.000060
0.000060
-0.000060
0.000060
-0.000060
0.000060
-0.000060
0.000060
-0.000060
0.000060
-0.000060
0.000060
-0.000060
0.000060
-0.000060
0.000060
-0.000060
0.000060
-0.000060
0.000060
-0.000060
0.000060
-0.000060
0.000060
-0.000060
0.000060
-0.000060
0.000060
-0.000060
0.000060
-0.000060
0.000060
-0.000060
0.000060
-0.000060
0.000060
-0.000060
0.000060
-0.000060
0.000060
-0.000060
0.000060
-0.000060
0.000060
-0.000060
0.000060
-0.000060
0.000060
-0.000060
0.000060
-0.000060
0.000060
-0.000060
0.000060
-0.000060
0.000060
-0.000060
0.000060
-0.000060
0.000060
-0.000060
0.000060
-0.000060
0.000060
-0.000060
0.000060
-0.000060
0.000060
-0.000060
0.000060
-0.000060
0.000060
-0.000060
0.000060
-0.000060
0.000060
-0.000060
0.000060
-0.000060
0.000060
-0.000060
0.000060
-0.000060
0.000060
-0.000060
0.000060
-0.000060
0.000060
-0.000060
0.000060
-0.000060
0.000060
-0.000060
0.000060
-0.000060
0.000060
-0.000060
0.000060
-0.000060
0.000060
-0.000060
0.000060
-0.000060
0.000060
-0.000060
0.000060
-0.000060
0.000060
-0.000060
0.000060
-0.000060
0.000060
-0.000060
0.000060
-0.000060
0.000060
-0.000060
0.000060
-0.000060
0.000060
-0.000060
0.000060
-0.000060
0.000060
-0.000060
0.000060
-0.000060
0.000060
-0.000060
0.000060
-0.000060
0.000060
-0.000060
0.000060
-0.000060
0.000060
-0.000060
0.000060
-0.000060
0.000060
-0.000060
0.000060
-0.000060
0.000060
-0.000060
0.000060
-0.000060
0.000060
-0.000060
0.000060
-0.000060
0.000060
-0.000060
0.000060
-0.000060
0.000060
-0.000060
0.000060
-0.000060
0.000060
-0.000060
0.000060
-0.000060
0.000060
-0.000060
0.000060
-0.000060
0.000060
-0.000060
0.000060
-0.000060
0.000060
-0.000060
0.000060
-0.000060
0.000060
-0.000060
0.000060
-0.000060
0.000060
-0.000060
0.000060
-0.000060
0.000060
-0.000060
0.000060
-0.000060
0.000060
-0.000060
0.000060
-0.000060
0.000060
-0.000060
0.000060
-0.000060
0.000060
-0.000060
0.000060
-0.000060
0.000060
-0.000060
0.000060
-0.000060
0.000060
-0.000060
0.000060
-0.000060
0.000060
-0.000060
0.000060
-0.000060
0.000060
-0.000060
0.000060
-0.000060
0.000060
-0.000060
0.000060
-0.000060
0.000060
-0.000060
0.000060
-0.000060
0.000060
-0.000060
0.000060
-0.000060
0.000060
-0.000060
0.000060
-0.000060
0.000060
-0.000060
0.000060
-0.000060
0.000060
-0.000060
0.000060
-0.000060
0.000060
-0.000060
0.000060
-0.000060
0.000060
-0.000060
0.000060
-0.000060
0.000060
-0.000060
0.000060
-0.000060
0.000060
-0.000060
0.000060
-0.000060
0.000060
-0.000060
0.000060
-0.000060
0.000060
-0.000060
0.000060
-0.000060
0.000060
-0.000060
0.000060
-0.000060
0.000060
-0.000060
0.000060
-0.000060
0.000060
-0.000060
0.000060
-0.000060
0.000060
-0.000060
0.000060
-0.000060
0.000060
-0.000060
0.000060
-0.000060
0.000060
-0.000060
0.000060
-0.000060
0.000060
-0.000060
0.000060
-0.000060
0.000060
-0.000060
0.000060
-0.000060
0.000060
-0.000060
0.000060
-0.000060
0.000060
-0.000060
0.000060
-0.000060
0.000060
-0.000060
0.000060
-0.000060
0.000060
-0.000060
0.000060
-0.000060
0.000060
-0.000060
0.000060
-0.000060
0.000060
-0.000060
0.000060
-0.000060
0.000060
-0.000060
0.000060
-0.000060
0.000060
-0.000060
0.000060
-0.000060
0.000060
-0.000060
0.000060
-0.000060
0.000060
-0.000060
0.000060
-0.000060
0.000060
-0.000060
0.000060
-0.000060
0.000060
-0.000060
0.000060
-0.000060
0.000060
-0.000060
0.000060
-0.000060
0.000060
-0.000060
0.000060
-0.000060
0.000060
-0.000060
0.000060
-0.000060
0.000060
-0.000060
0.000060
-0.000060
0.000060
-0.000060
0.000060
-0.000060
0.000060
-0.000060
0.000060
-0.000060
0.000060
-0.000060
0.000060
-0.000060
0.000060
-0.000060
0.000060
-0.000060
0.000060
-0.000060
0.000060
-0.000060
0.000060
-0.000060
0.000060
-0.000060
0.000060
-0.000060
0.000060
-0.000060
0.000060
-0.000060
0.000060
-0.000060
0.000060
-0.000060
0.000060
-0.000060
0.000060
-0.000060
0.000060
-0.000060
0.000060
-0.000060
0.000060
-0.000060
0.000060
-0.000060
0.000060
-0.000060
0.000060
-0.000060
0.000060
-0.000060
0.000060
-0.000060
0.000060
-0.000060
0.000060
-0.000060
0.000060
-0.000060
0.000060
-0.000060
0.000060
-0.000060
0.000060
-0.000060
0.000060
-0.000060
0.000060
-0.000060
0.000060
-0.000060
0.000060
-0.000060
0.000060
-0.000060
0.000060
-0.000060
0.000060
-0.000060
0.000060
-0.000060
0.000060
-0.000060
0.000060
-0.000060
0.000060
-0.000060
0.000060
-0.000060
0.000060
-0.000060
0.000060
-0.000060
0.000060
-0.000060
0.000060
-0.000060
0.000060
-0.000060
0.000060
-0.000060
0.000060
-0.000060
0.000060
-0.000060
0.000060
-0.000060
0.000060
-0.000060
0.000060
-0.000060
0.000060
-0.000060
0.000060
-0.000060
0.000060
-0.000060
0.000060
-0.000060
0.000060
-0.000060
0.000060
-0.000060
0.000060
-0.000060
0.000060
-0.000060
0.000060
-0.000060
0.000060
-0.000060
0.000060
-0.000060
0.000060
-0.000060
0.000060
-0.000060
0.000060
-0.000060
0.000060
-0.000060
0.000060
-0.000060
0.000060
-0.000060
0.000060
-0.000060
0.000060
-0.000060
0.000060
-0.000060
0.000060
-0.000060
0.000060
-0.000060
0.000060
-0.000060
0.000060
-0.000060
0.000060
-0.000060
0.000060
-0.000060
0.000060
-0.000060
0.000060
-0.000060
0.000060
-0.000060
0.000060
-0.000060
0.000060
-0.000060
0.000060
-0.000060
0.000060
-0.000060
0.000060
-0.000060
0.000060
-0.000060
0.000060
-0.000060
0.000060
-0.000060
0.000060
-0.000060
0.000060
-0.000060
0.000060
-0.000060
0.000060
-0.000060
0.000060
-0.000060
0.000060
-0.000060
0.000060
-0.000060
0.000060
-0.000060
0.000060
-0.000060
0.000060
-0.000060
0.000060
-0.000060
0.000060
-0.000060
0.000060
-0.000060
0.000060
-0.000060
0.000060
-0.000060
0.000060
-0.000060
0.000060
-0.000060
0.000060
-0.000060
0.000060
-0.000060
0.000060
-0.000060
0.000060
-0.000060
0.000060
-0.000060
0.000060
-0.000060
0.000060
-0.000060
0.000060
-0.000060
0.000060
-0.000060
0.000060
-0.000060
0.000060
-0.000060
0.000060
-0.000060
0.000060
-0.000060
0.000060
-0.000060
0.000060
-0.000060
0.000060
-0.000060
0.000060
-0.000060
0.000060
-0.000060
0.000060
-0.000060
0.000060
-0.000060
0.000060
-0.000060
0.000060
-0.000060
0.000060
-0.000060
0.000060
-0.000060
0.000060
-0.000060
0.000060
-0.000060
0.000060
-0.000060
0.000060
-0.000060
0.000060
-0.000060
0.000060
-0.000060
0.000060
-0.000060
0.000060
-0.000060
0.000060
-0.000060
0.000060
-0.000060
0.000060
-0.000060
0.000060
-0.000060
0.000060
-0.000060
0.000060
-0.000060
0.000060
-0.000060
0.000060
-0.000060
0.000060
-0.000060
0.000060
-0.000060
0.000060
-0.000060
0.000060
-0.000060
0.000060
-0.000060
0.000060
-0.000060
0.000060
-0.000060
0.000060
-0.000060
0.000060
-0.000060
0.000060
-0.000060
0.000060
-0.000060
0.000060
-0.000060
0.000060
-0.000060
0.000060
-0.000060
0.000060
-0.000060
0.000060
-0.000060
0.000060
-0.000060
0.000060
-0.000060
0.000060
-0.000060
0.000060
-0.000060
0.000060
-0.000060
0.000060
-0.000060
0.000060
-0.000060
0.000060
-0.000060
0.000060
-0.000060
0.000060
-0.000060
0.000060
-0.000060
0.000060
-0.000060
0.000060
-0.000060
0.000060
-0.000060
0.000060
-0.000060
0.000060
-0.000060
0.000060
-0.000060
0.000060
-0.000060
0.000060
-0.000060
0.000060
-0.000060
0.000060
-0.000060
0.000060
-0.000060
0.000060
-0.000060
0.000060
-0.000060
0.000060
-0.000060
0.000060
-0.000060
0.000060
-0.000060
0.000060
-0.000060
0.000060
-0.000060
0.000060
-0.000060
0.000060
-0.000060
0.000060
-0.000060
0.000060
-0.000060
0.000060
-0.000060
0.000060
-0.000060
0.000060
-0.000060
0.000060
-0.000060
0.000060
-0.000060
0.000060
-0.000060
0.000060
-0.000060
0.000060
-0.000060
0.000060
-0.000060
0.000060
-0.000060
0.000060
-0.000060
0.000060
-0.000060
0.000060
-0.000060
0.000060
-0.000060
0.000060
-0.000060
0.000060
-0.000060
0.000060
-0.000060
0.000060
-0.000060
0.000060
-0.000060
0.000060
-0.000060
0.000060
-0.000060
0.000060
-0.000060
0.000060
-0.000060
0.000060
-0.000060
0.000060
-0.000060
0.000060
-0.000060
0.000060
-0.000060
0.000060
-0.000060
0.000060
-0.000060
0.000060
-0.000060
0.000060
-0.000060
0.000060
-0.000060
0.000060
-0.000060
0.000060
-0.000060
0.000060
-0.000060
0.000060
-0.000060
0.000060
-0.000060
0.000060
-0.000060
0.000060
-0.000060
0.000060
-0.000060
0.000060
-0.000060
0.000060
-0.000060
0.000060
-0.000060
0.000060
-0.000060
0.000060
-0.000060
0.000060
-0.000060
0.000060
-0.000060
0.000060
-0.000060
0.000060
-0.000060
0.000060
-0.000060
0.000060
-0.000060
0.000060
-0.000060
0.000060
-0.000060
0.000060
-0.000060
0.000060
-0.000060
0.000060
-0.000060
0.000060
-0.000060
0.000060
-0.000060
0.000060
-0.000060
0.000060
-0.000060
0.000060
-0.000060
0.000060
-0.000060
0.000060
-0.000060
0.000060
-0.000060
0.000060
-0.000060
0.000060
-0.000060
0.000060
-0.000060
0.000060
-0.000060
0.000060
-0.000060
0.000060
-0.000060
0.000060
-0.000060
0.000060
-0.000060
0.000060
-0.000060
0.000060
-0.000060
0.000060
-0.000060
0.000060
-0.000060
0.000060
-0.000060
0.000060
-0.000060
0.000060
-0.000060
0.000060
-0.000060
0.000060
-0.000060
0.000060
-0.000060
0.000060
-0.000060
0.000060
-0.000060
0.000060
-0.000060
0.000060
-0.000060
0.000060
-0.000060
0.000060
-0.000060
0.000060
-0.000060
0.000060
-0.000060
0.000060
-0.000060
0.000060
-0.000060
0.000060
-0.000060
0.000060
-0.000060
0.000060
-0.000060
0.000060
-0.000060
0.000060
-0.000060
0.000060
-0.000060
0.000060
-0.000060
0.000060
-0.000060
0.000060
-0.000060
0.000060
-0.000060
0.000060
-0.000060
0.000060
-0.000060
0.000060
-0.000060
0.000060
-0.000060
0.000060
-0.000060
0.000060
-0.000060
0.000060
-0.000060
0.000060
-0.000060
0.000060
-0.000060
0.000060
-0.000060
0.000060
-0.000060
0.000060
-0.000060
0.000060
-0.000060
0.000060
-0.000060
0.000060
-0.000060
0.000060
-0.000060
0.000060
-0.000060
0.000060
-0.000060
0.000060
-0.000060
0.000060
-0.000060
0.000060
-0.000060
0.000060
-0.000060
0.000060
-0.000060
0.000060
-0.000060
0.000060
-0.000060
0.000060
-0.000060
0.000060
-0.000060
0.000060
-0.000060
0.000060
-0.000060
0.000060
-0.000060
0.000060
-0.000060
0.000060
-0.000060
0.000060
-0.000060
0.000060
-0.000060
0.000060
-0.000060
0.000060
-0.000060
0.000060
-0.000060
0.000060
-0.000060
0.000060
-0.000060
0.000060
-0.000060
0.000060
-0.000060
0.000060
-0.000060
0.000060
-0.000060
0.000060
-0.000060
0.000060
-0.000060
0.000060
-0.000060
0.000060
-0.000060
0.000060
-0.000060
0.000060
-0.000060
0.000060
-0.000060
0.000060
-0.000060
0.000060
-0.000060
0.000060
-0.000060
0.000060
-0.000060
0.000060
-0.000060
0.000060
-0.000060
0.000060
-0.000060
0.000060
-0.000060
0.000060
-0.000060
0.000060
-0.000060
0.000060
-0.000060
0.000060
-0.000060
0.000060
-0.000060
0.000060
-0.000060
0.000060
-0.000060
0.000060
-0.000060
0.000060
-0.000060
0.000060
-0.000060
0.000060
-0.000060
0.000060
-0.000060
0.000060
-0.000060
0.000060
-0.000060
0.000060
-0.000060
0.000060
-0.000060
0.000060
-0.000060
0.000060
-0.000060
0.000060
-0.000060
0.000060
-0.000060
0.000060
-0.000060
0.000060
-0.000060
0.000060
-0.000060
0.000060
-0.000060
0.000060
-0.000060
0.000060
-0.000060
0.000060
-0.000060
0.000060
-0.000060
0.000060
-0.000060
0.000060
-0.000060
0.000060
-0.000060
0.000060
-0.000060
0.000060
-0.000060
0.000060
-0.000060
0.000060
-0.000060
0.000060
-0.000060
0.000060
-0.000060
0.000060
-0.000060
0.000060
-0.000060
0.000060
-0.000060
0.000060
-0.000060
0.000060
-0.000060
0.000060
-0.000060
0.000060
-0.000060
0.000060
-0.000060
0.000060
-0.000060
0.000060
-0.000060
0.000060
-0.000060
0.000060
-0.000060
0.000060
-0.000060
0.000060
-0.000060
0.000060
-0.000060
0.000060
-0.000060
0.000060
-0.000060
0.000060
-0.000060
0.000060
-0.000060
0.000060
-0.000060
0.000060
-0.000060
0.000060
-0.000060
0.000060
-0.000060
0.000060
-0.000060
0.000060
-0.000060
0.000060
-0.000060
0.000060
-0.000060
0.000060
-0.000060
0.000060
-0.000060
0.000060
-0.000060
0.000060
-0.000060
0.000060
-0.000060
0.000060
-0.000060
0.000060
-0.000060
0.000060
-0.000060
0.000060
-0.000060
0.000060
-0.000060
0.000060
-0.000060
0.000060
-0.000060
0.000060
-0.000060
0.000060
-0.000060
0.000060
-0.000060
0.000060
-0.000060
0.000060
-0.000060
0.000060
-0.000060
0.000060
-0.000060
0.000060
-0.000060
0.000060
-0.000060
0.000060
-0.000060
0.000060
-0.000060
0.000060
-0.000060
0.000060
-0.000060
0.000060
-0.000060
0.000060
-0.000060
0.000060
-0.000060
0.000060
-0.000060
0.000060
-0.000060
0.000060
-0.000060
0.000060
-0.000060
0.000060
-0.000060
0.000060
-0.000060
0.000060
-0.000060
0.000060
-0.000060
0.000060
-0.000060
0.000060
-0.000060
0.000060
-0.000060
0.000060
-0.000060
0.000060
-0.000060
0.000060
-0.000060
0.000060
-0.000060
0.000060
-0.000060
0.000060
-0.000060
0.000060
-0.000060
0.000060
-0.000060
0.000060
-0.000060
0.000060
-0.000060
0.000060
-0.000060
0.000060
-0.000060
0.000060
-0.000060
0.000060
-0.000060
0.000060
-0.000060
0.000060
-0.000060
0.000060
-0.000060
0.000060
-0.000060
0.000060
-0.000060
0.000060
-0.000060
0.000060
-0.000060
0.000060
-0.000060
0.000060
-0.000060
0.000060
-0.000060
0.000060
-0.000060
0.000060
-0.000060
0.000060
-0.000060
0.000060
-0.000060
0.000060
-0.000060
0.000060
-0.000060
0.000060
-0.000060
0.000060
-0.000060
0.000060
-0.000060
0.000060
-0.000060
0.000060
-0.000060
0.000060
-0.000060
0.000060
-0.000060
0.000060
-0.000060
0.000060
-0.000060
0.000060
-0.000060
0.000060
-0.000060
0.000060
-0.000060
0.000060
-0.000060
0.000060
-0.000060
0.000060
-0.000060
0.000060
-0.000060
0.000060
-0.000060
0.000060
-0.000060
0.000060
-0.000060
0.000060
-0.000060
0.000060
-0.000060
0.000060
-0.000060
0.000060
-0.000060
0.000060
-0.000060
0.000060
-0.000060
0.000060
-0.000060
0.000060
-0.000060
0.000060
-0.000060
0.000060
-0.000060
0.000060
-0.000060
0.000060
-0.000060
0.000060
-0.000060
0.000060
-0.000060
0.000060
-0.000060
0.000060
-0.000060
0.000060
-0.000060
0.000060
-0.000060
0.000060
-0.000060
0.000060
-0.000060
0.000060
-0.000060
0.000060
-0.000060
0.000060
-0.000060
0.000060
-0.000060
0.000060
-0.000060
0.000060
-0.000060
0.000060
-0.000060
0.000060
-0.000060
0.000060
-0.000060
0.000060
-0.000060
0.000060
-0.000060
0.000060
-0.000060
0.000060
-0.000060
0.000060
-0.000060
0.000060
-0.000060
0.000060
-0.000060
0.000060
-0.000060
0.000060
-0.000060
0.000060
-0.000060
0.000060
-0.000060
0.000060
-0.000060
0.000060
-0.000060
0.000060
-0.000060
0.000060
-0.000060
0.000060
-0.000060
0.000060
-0.000060
0.000060
-0.000060
0.000060
-0.000060
0.000060
-0.000060
0.000060
-0.000060
0.000060
-0.000060
0.000060
-0.000060
0.000060
-0.000060
0.000060
-0.000060
0.000060
-0.000060
0.000060
-0.000060
0.000060
-0.000060
0.000060
-0.000060
0.000060
-0.000060
0.000060
-0.000060
0.000060
-0.000060
0.000060
-0.000060
0.000060
-0.000060
0.000060
-0.000060
0.000060
-0.000060
0.000060
-0.000060
0.000060
-0.000060
0.000060
-0.000060
0.000060
-0.000060
0.000060
-0.000060
0.000060
-0.000060
0.000060
-0.000060
0.000060
-0.000060
0.000060
-0.000060
0.000060
-0.000060
0.000060
-0.000060
0.000060
-0.000060
0.000060
-0.000060
0.000060
-0.000060
0.000060
-0.000060
0.000060
-0.000060
0.000060
-0.000060
0.000060
-0.000060
0.000060
-0.000060
0.000060
-0.000060
0.000060
-0.000060
0.000060
-0.000060
0.000060
-0.000060
0.000060
-0.000060
0.000060
-0.000060
0.000060
-0.000060
0.000060
-0.000060
0.000060
-0.000060
0.000060
-0.000060
0.000060
-0.000060
0.000060
-0.000060
0.000060
-0.000060
0.000060
-0.000060
0.000060
-0.000060
0.000060
-0.000060
0.000060
-0.000060
0.000060
-0.000060
0.000060
-0.000060
0.000060
-0.000060
0.000060
-0.000060
0.000060
-0.000060
0.000060
-0.000060
0.000060
-0.000060
0.000060
-0.000060
0.000060
-0.000060
0.000060
-0.000060
0.000060
-0.000060
0.000060
-0.000060
0.000060
-0.000060
0.000060
-0.000060
0.000060
-0.000060
0.000060
-0.000060
0.000060
-0.000060
0.000060
-0.000060
0.000060
-0.000060
0.000060
-0.000060
0.000060
-0.000060
0.000060
-0.000060
0.000060
-0.000060
0.000060
-0.000060
0.000060
-0.000060
0.000060
-0.000060
0.000060
-0.000060
0.000060
-0.000060
0.000060
-0.000060
0.000060
-0.000060
0.000060
-0.000060
0.000060
-0.000060
0.000060
-0.000060
0.000060
-0.000060
0.000060
-0.000060
0.000060
-0.000060
0.000060
-0.000060
0.000060
-0.000060
0.000060
-0.000060
0.000060
-0.000060
0.000060
-0.000060
0.000060
-0.000060
0.000060
-0.000060
0.000060
-0.000060
0.000060
-0.000060
0.000060
-0.000060
0.000060
-0.000060
0.000060
-0.000060
0.000060
-0.000060
0.000060
-0.000060
0.000060
-0.000060
0.000060
-0.000060
0.000060
-0.000060
0.000060
-0.000060
0.000060
-0.000060
0.000060
-0.000060
0.000060
-0.000060
0.000060
-0.000060
0.000060
-0.000060
0.000060
-0.000060
0.000060
-0.000060
0.000060
-0.000060
0.000060
-0.000060
0.000060
-0.000060
0.000060
-0.000060
0.000060
-0.000060
0.000060
-0.000060
0.000060
-0.000060
0.000060
-0.000060
0.000060
-0.000060
0.000060
-0.000060
0.000060
-0.000060
0.000060
-0.000060
0.000060
-0.000060
0.000060
-0.000060
0.000060
-0.000060
0.000060
-0.000060
0.000060
-0.000060
0.000060
-0.000060
0.000060
-0.000060
0.000060
-0.000060
0.000060
-0.000060
0.000060
-0.000060
0.000060
-0.000060
0.000060
-0.000060
0.000060
-0.000060
0.000060
-0.000060
0.000060
-0.000060
0.000060
-0.000060
0.000060
-0.000060
0.000060
-0.000060
0.000060
-0.000060
0.000060
-0.000060
0.000060
-0.000060
0.000060
-0.000060
0.000060
-0.000060
0.000060
-0.000060
0.000060
-0.000060
0.000060
-0.000060
0.000060
-0.000060
0.000060
-0.000060
0.000060
-0.000060
0.000060
-0.000060
0.000060
-0.000060
0.000060
-0.000060
0.000060
-0.000060
0.000060
-0.000060
0.000060
-0.000060
0.000060
-0.000060
0.000060
-0.000060
0.000060
-0.000060
0.000060
-0.000060
0.000060
-0.000060
0.000060
-0.000060
0.000060
-0.000060
0.000060
-0.000060
0.000060
-0.000060
0.000060
-0.000060
0.000060
-0.000060
0.000060
-0.000060
0.000060
-0.000060
0.000060
-0.000060
0.000060
-0.000060
0.000060
-0.000060
0.000060
-0.000060
0.000060
-0.000060
0.000060
-0.000060
0.000060
-0.000060
0.000060
-0.000060
0.000060
-0.000060
0.000060
-0.000060
0.000060
-0.000060
0.000060
-0.000060
0.000060
-0.000060
0.000060
-0.000060
0.000060
-0.000060
0.000060
-0.000060
0.000060
-0.000060
0.000060
-0.000060
0.000060
-0.000060
0.000060
-0.000060
0.000060
-0.000060
0.000060
-0.000060
0.000060
-0.000060
0.000060
-0.000060
0.000060
-0.000060
0.000060
-0.000060
0.000060
-0.000060
0.000060
-0.000060
0.000060
-0.000060
0.000060
-0.000060
0.000060
-0.000060
0.000060
-0.000060
0.000060
-0.000060
0.000060
-0.000060
0.000060
-0.000060
0.000060
-0.000060
0.000060
-0.000060
0.000060
-0.000060
0.000060
-0.000060
0.000060
-0.000060
0.000060
-0.000060
0.000060
-0.000060
0.000060
-0.000060
0.000060
-0.000060
0.000060
-0.000060
0.000060
-0.000060
0.000060
-0.000060
0.000060
-0.000060
0.000060
-0.000060
0.000060
-0.000060
0.000060
-0.000060
0.000060
-0.000060
0.000060
-0.000060
0.000060
-0.000060
0.000060
-0.000060
0.000060
-0.000060
0.000060
-0.000060
0.000060
-0.000060
0.000060
-0.000060
0.000060
-0.000060
0.000060
-0.000060
0.000060
-0.000060
0.000060
-0.000060
0.000060
-0.000060
0.000060
-0.000060
0.000060
-0.000060
0.000060
-0.000060
0.000060
-0.000060
0.000060
-0.000060
0.000060
-0.000060
0.000060
-0.000060
0.000060
-0.000060
0.000060
-0.000060
0.000060
-0.000060
0.000060
-0.000060
0.000060
-0.000060
0.000060
-0.000060
0.000060
-0.000060
0.000060
-0.000060
0.000060
-0.000060
0.000060
-0.000060
0.000060
-0.000060
0.000060
-0.000060
0.000060
-0.000060
0.000060
-0.000060
0.000060
-0.000060
0.000060
-0.000060
0.000060
-0.000060
0.000060
-0.000060
0.000060
-0.000060
0.000060
-0.000060
0.000060
-0.000060
0.000060
-0.000060
0.000060
-0.000060
0.000060
-0.000060
0.000060
-0.000060
0.000060
-0.000060
0.000060
-0.000060
0.000060
-0.000060
0.000060
-0.000060
0.000060
-0.000060
0.000060
-0.000060
0.000060
-0.000060
0.000060
-0.000060
0.000060
-0.000060
0.000060
-0.000060
0.000060
-0.000060
0.000060
-0.000060
0.000060
-0.000060
0.000060
-0.000060
0.000060
-0.000060
0.000060
-0.000060
0.000060
-0.000060
0.000060
-0.000060
0.000060
-0.000060
0.000060
-0.000060
0.000060
-0.000060
0.000060
-0.000060
0.000060
-0.000060
0.000060
-0.000060
0.000060
-0.000060
0.000060
-0.000060
0.000060
-0.000060
0.000060
-0.000060
0.000060
-0.000060
0.000060
-0.000060
0.000060
-0.000060
0.000060
-0.000060
0.000060
-0.000060
0.000060
-0.000060
0.000060
-0.000060
0.000060
-0.000060
0.000060
-0.000060
0.000060
-0.000060
0.000060
-0.000060
0.000060
-0.000060
0.000060
-0.000060
0.000060
-0.000060
0.000060
-0.000060
0.000060
-0.000060
0.000060
-0.000060
0.000060
-0.000060
0.000060
-0.000060
0.000060
-0.000060
0.000060
-0.000060
0.000060
-0.000060
0.000060
-0.000060
0.000060
-0.000060
0.000060
-0.000060
0.000060
-0.000060
0.000060
-0.000060
0.000060
-0.000060
0.000060
-0.000060
0.000060
-0.000060
0.000060
-0.000060
0.000060
-0.000060
0.000060
-0.000060
0.000060
-0.000060
0.000060
-0.000060
0.000060
-0.000060
0.000060
-0.000060
0.000060
-0.000060
0.000060
-0.000060
0.000060
-0.000060
0.000060
-0.000060
0.000060
-0.000060
0.000060
-0.000060
0.000060
-0.000060
0.000060
-0.000060
0.000060
-0.000060
0.000060
-0.000060
0.000060
-0.000060
0.000060
-0.000060
0.000060
-0.000060
0.000060
-0.000060
0.000060
-0.000060
0.000060
-0.000060
0.000060
-0.000060
0.000060
-0.000060
0.000060
-0.000060
0.000060
-0.000060
0.000060
-0.000060
0.000060
-0.000060
0.000060
