0.000000
-0.435171
-0.725536
-0.805172
-0.722111
-0.570475
-0.434148
-0.356706
-0.340754
-0.361306
-0.389266
-0.405001
-0.401931
-0.384231
-0.360822
-0.339854
-0.325724
-0.318833
-0.317065
-0.317686
-0.318713
-0.319413
-0.320076
-0.321452
-0.324220
-0.328691
-0.334778
-0.342130
-0.350320
-0.358978
-0.367847
-0.376768
-0.385630
-0.393802
-0.402083
-0.410175
-0.417706
-0.424352
-0.429897
-0.434235
-0.437331
-0.439177
-0.439765
-0.439080
-0.437107
-0.433845
-0.429318
-0.423578
-0.416709
-0.408815
-0.400019
-0.390455
-0.380267
-0.369605
-0.358624
-0.347485
-0.336349
-0.325376
-0.315243
-0.305161
-0.295402
-0.286289
-0.278086
-0.270955
-0.264963
-0.260116
-0.256399
-0.253801
-0.252319
-0.251948
-0.252671
-0.254450
-0.257219
-0.260893
-0.265365
-0.270518
-0.276225
-0.282357
-0.288778
-0.295351
-0.301939
-0.307657
-0.313954
-0.320089
-0.325717
-0.330595
-0.334603
-0.337707
-0.339912
-0.341222
-0.341624
-0.341091
-0.339600
-0.337141
-0.333733
-0.329416
-0.324257
-0.318337
-0.311746
-0.304583
-0.296954
-0.288969
-0.280741
-0.272391
-0.264037
-0.255801
-0.248319
-0.240763
-0.233370
-0.226430
-0.220181
-0.214760
-0.210211
-0.206526
-0.203681
-0.201659
-0.200457
-0.200074
-0.200505
-0.201724
-0.203685
-0.206325
-0.209564
-0.213312
-0.217478
-0.221962
-0.226665
-0.231487
-0.236324
-0.241074
-0.245117
-0.249294
-0.253385
-0.257111
-0.260247
-0.262665
-0.264328
-0.265250
-0.265460
-0.264976
-0.263802
-0.261936
-0.259381
-0.256156
-0.252298
-0.247862
-0.242918
-0.237543
-0.231818
-0.225826
-0.219654
-0.213390
-0.207121
-0.200936
-0.195440
-0.189783
-0.184173
-0.178873
-0.174101
-0.169974
-0.166525
-0.163735
-0.161572
-0.160013
-0.159054
-0.158699
-0.158946
-0.159783
-0.161177
-0.163080
-0.165432
-0.168167
-0.171212
-0.174496
-0.177944
-0.181481
-0.185031
-0.188002
-0.191245
-0.194562
-0.197695
-0.200433
-0.202653
-0.204321
-0.205449
-0.206066
-0.206184
-0.205802
-0.204906
-0.203484
-0.201538
-0.199085
-0.196159
-0.192804
-0.189075
-0.185028
-0.180723
-0.176220
-0.171584
-0.166880
-0.162173
-0.157530
-0.153526
-0.149312
-0.145067
-0.141028
-0.137391
-0.134265
-0.131675
-0.129597
-0.127991
-0.126832
-0.126110
-0.125828
-0.125990
-0.126590
-0.127606
-0.129003
-0.130736
-0.132752
-0.134996
-0.137413
-0.139947
-0.142543
-0.145143
-0.147188
-0.149517
-0.151962
-0.154297
-0.156327
-0.157943
-0.159114
-0.159859
-0.160213
-0.160198
-0.159818
-0.159066
-0.157929
-0.156404
-0.154502
-0.152247
-0.149674
-0.146825
-0.143746
-0.140481
-0.137079
-0.133585
-0.130050
-0.126521
-0.123048
-0.120175
-0.117076
-0.113897
-0.110849
-0.108107
-0.105775
-0.103876
-0.102384
-0.101259
-0.100467
-0.099991
-0.099832
-0.099994
-0.100474
-0.101261
-0.102329
-0.103643
-0.105161
-0.106841
-0.108638
-0.110509
-0.112413
-0.114307
-0.115665
-0.117292
-0.119056
-0.120760
-0.122232
-0.123367
-0.124135
-0.124554
-0.124663
-0.124492
-0.124057
-0.123355
-0.122378
-0.121122
-0.119591
-0.117801
-0.115779
-0.113560
-0.111180
-0.108677
-0.106087
-0.103448
-0.100794
-0.098162
-0.096062
-0.093714
-0.091232
-0.088796
-0.086568
-0.084649
-0.083072
-0.081819
-0.080852
-0.080137
-0.079653
-0.079397
-0.079375
-0.079590
-0.080042
-0.080716
-0.081589
-0.082631
-0.083809
-0.085087
-0.086432
-0.087812
-0.089196
-0.090093
-0.091254
-0.092581
-0.093910
-0.095087
-0.096010
-0.096640
-0.096988
-0.097087
-0.096972
-0.096663
-0.096165
-0.095473
-0.094578
-0.093479
-0.092181
-0.090701
-0.089063
-0.087297
-0.085433
-0.083500
-0.081527
-0.079541
-0.077569
-0.076082
-0.074362
-0.072490
-0.070612
-0.068870
-0.067362
-0.066129
-0.065164
-0.064435
-0.063904
-0.063546
-0.063348
-0.063312
-0.063443
-0.063743
-0.064210
-0.064828
-0.065577
-0.066430
-0.067360
-0.068338
-0.069339
-0.070337
-0.070880
-0.071654
-0.072593
-0.073568
-0.074448
-0.075137
-0.075588
-0.075801
-0.075804
-0.075630
-0.075309
-0.074856
-0.074271
-0.073550
-0.072689
-0.071686
-0.070550
-0.069298
-0.067950
-0.066533
-0.065071
-0.063589
-0.062108
-0.060650
-0.059645
-0.058444
-0.057099
-0.055719
-0.054423
-0.053303
-0.052406
-0.051736
-0.051269
-0.050969
-0.050803
-0.050750
-0.050802
-0.050960
-0.051226
-0.051601
-0.052080
-0.052650
-0.053292
-0.053983
-0.054699
-0.055419
-0.055722
-0.056227
-0.056889
-0.057616
-0.058297
-0.058846
-0.059211
-0.059382
-0.059373
-0.059216
-0.058940
-0.058566
-0.058104
-0.057555
-0.056913
-0.056175
-0.055341
-0.054419
-0.053422
-0.052369
-0.051280
-0.050176
-0.049077
-0.047998
-0.047337
-0.046510
-0.045546
-0.044526
-0.043545
-0.042685
-0.041996
-0.041494
-0.041166
-0.040983
-0.040911
-0.040923
-0.041005
-0.041148
-0.041355
-0.041628
-0.041966
-0.042366
-0.042816
-0.043302
-0.043805
-0.043938
-0.044250
-0.044714
-0.045257
-0.045792
-0.046241
-0.046553
-0.046707
-0.046711
-0.046587
-0.046363
-0.046064
-0.045706
-0.045292
-0.044823
-0.044294
-0.043700
-0.043042
-0.042325
-0.041562
-0.040766
-0.039954
-0.039143
-0.038348
-0.037450
-0.037149
-0.036716
-0.036143
-0.035478
-0.034795
-0.034173
-0.033671
-0.033323
-0.033130
-0.033075
-0.033126
-0.033249
-0.033418
-0.033614
-0.033830
-0.034064
-0.034319
-0.034596
-0.034895
-0.034868
-0.035014
-0.035317
-0.035720
-0.036149
-0.036530
-0.036811
-0.036961
-0.036981
-0.036884
-0.036698
-0.036449
-0.036158
-0.035837
-0.035489
-0.035111
-0.034697
-0.034243
-0.033746
-0.033211
-0.032645
-0.032061
-0.031472
-0.030892
-0.030332
-0.030129
-0.029814
-0.029388
-0.028891
-0.028378
-0.027909
-0.027528
-0.027262
-0.027117
-0.027078
-0.027123
-0.027225
-0.027360
-0.027509
-0.027664
-0.027820
-0.027979
-0.028145
-0.027892
-0.027952
-0.028164
-0.028475
-0.028820
-0.029133
-0.029366
-0.029490
-0.029502
-0.029413
-0.029248
-0.029032
-0.028787
-0.028530
-0.028265
-0.027993
-0.027706
-0.027399
-0.027065
-0.026703
-0.026315
-0.025908
-0.025492
-0.025078
-0.024677
-0.024196
-0.024201
-0.024114
-0.023919
-0.023633
-0.023296
-0.022958
-0.022665
-0.022452
-0.022335
-0.022312
-0.022369
-0.022482
-0.022626
-0.022777
-0.022920
-0.022648
-0.023017
-0.022939
-0.022938
-0.023012
-0.023141
-0.023295
-0.023442
-0.023552
-0.023606
-0.023593
-0.023516
-0.023383
-0.023207
-0.023003
-0.022782
-0.022553
-0.022322
-0.022087
-0.021849
-0.021605
-0.021353
-0.021093
-0.020827
-0.020558
-0.020293
-0.019946
-0.019656
-0.019808
-0.019493
-0.019592
-0.019224
-0.019286
-0.019287
-0.019226
-0.018746
-0.018767
-0.018810
-0.018863
-0.018917
-0.018597
-0.018785
-0.018698
-0.018694
-0.018761
-0.018875
-0.019007
-0.019128
-0.019214
-0.019251
-0.019235
-0.019169
-0.019063
-0.018929
-0.018780
-0.018626
-0.018474
-0.018325
-0.018180
-0.018036
-0.017888
-0.017733
-0.017570
-0.017397
-0.017219
-0.017037
-0.016858
-0.016606
-0.016399
-0.016245
-0.016496
-0.016304
-0.016126
-0.015978
-0.016223
-0.016030
-0.015860
-0.015736
-0.016017
-0.015875
-0.015763
-0.015770
-0.015794
-0.015823
-0.015848
-0.015864
-0.015866
-0.015851
-0.015820
-0.015775
-0.015720
-0.015657
-0.015588
-0.015516
-0.015441
-0.015361
-0.015277
-0.015188
-0.015092
-0.014990
-0.014881
-0.014767
-0.014649
-0.014530
-0.014412
-0.014296
-0.014185
-0.014081
-0.013913
-0.013783
-0.013694
-0.013644
-0.013624
-0.013624
-0.013633
-0.013639
-0.013637
-0.013622
-0.013663
-0.013665
-0.013630
-0.013564
-0.013479
-0.013386
-0.013299
-0.013225
-0.013169
-0.013132
-0.013110
-0.013096
-0.013085
-0.013070
-0.013044
-0.013006
-0.012953
-0.012887
-0.012811
-0.012729
-0.012643
-0.012558
-0.012476
-0.012399
-0.012327
-0.012260
-0.012197
-0.012137
-0.012079
-0.012022
-0.011966
-0.011911
-0.011794
-0.011767
-0.011684
-0.011689
-0.011696
-0.011697
-0.011687
-0.011663
-0.011626
-0.011579
-0.011526
-0.011472
-0.011421
-0.011375
-0.011336
-0.011304
-0.011277
-0.011254
-0.011230
-0.011205
-0.011175
-0.011139
-0.011098
-0.011050
-0.010999
-0.010944
-0.010888
-0.010831
-0.010776
-0.010722
-0.010671
-0.010622
-0.010576
-0.010531
-0.010487
-0.010445
-0.010404
-0.010363
-0.010267
-0.010251
-0.010239
-0.010229
-0.010215
-0.010196
-0.010170
-0.010138
-0.010102
-0.010063
-0.010024
-0.009986
-0.009951
-0.009920
-0.009892
-0.009868
-0.009844
-0.009822
-0.009798
-0.009773
-0.009744
-0.009713
-0.009679
-0.009642
-0.009604
-0.009564
-0.009525
-0.009485
-0.009447
-0.009410
-0.009374
-0.009340
-0.009307
-0.009275
-0.009243
-0.009161
-0.009150
-0.009143
-0.009136
-0.009075
-0.009077
-0.009077
-0.009070
-0.009054
-0.009029
-0.008997
-0.008958
-0.008917
-0.008876
-0.008839
-0.008805
-0.008777
-0.008754
-0.008735
-0.008719
-0.008704
-0.008689
-0.008673
-0.008653
-0.008631
-0.008606
-0.008579
-0.008551
-0.008522
-0.008494
-0.008466
-0.008439
-0.008415
-0.008391
-0.008369
-0.008347
-0.008327
-0.008258
-0.008255
-0.008254
-0.008252
-0.008246
-0.008188
-0.008187
-0.008183
-0.008173
-0.008111
-0.008105
-0.008097
-0.008085
-0.008023
-0.008017
-0.008011
-0.007955
-0.007957
-0.007958
-0.007908
-0.007913
-0.007868
-0.007878
-0.007839
-0.007852
-0.007813
-0.007826
-0.007785
-0.007795
-0.007752
-0.007758
-0.007712
-0.007717
-0.007671
-0.007633
-0.007648
-0.007614
-0.007588
-0.007612
-0.007585
-0.007562
-0.007585
-0.007555
-0.007525
-0.007499
-0.007522
-0.007491
-0.007462
-0.007437
-0.007460
-0.007431
-0.007404
-0.007380
-0.007404
-0.007376
-0.007349
-0.007326
-0.007308
-0.007336
-0.007313
-0.007290
-0.007269
-0.007252
-0.007280
-0.007255
-0.007231
-0.007208
-0.007189
-0.007217
-0.007192
-0.007168
-0.007147
-0.007171
-0.007144
-0.007118
-0.007097
-0.007121
-0.007095
-0.007072
-0.007093
-0.007065
-0.007039
-0.007058
-0.007029
-0.007003
-0.007024
-0.006997
-0.007014
-0.006983
-0.006995
-0.006960
-0.006970
-0.006934
-0.006944
-0.006910
-0.006923
-0.006932
-0.006894
-0.006903
-0.006907
-0.006866
-0.006872
-0.006876
-0.006875
-0.006870
-0.006859
-0.006845
-0.006829
-0.006812
-0.006797
-0.006783
-0.006773
-0.006766
-0.006763
-0.006762
-0.006763
-0.006764
-0.006766
-0.006766
-0.006765
-0.006762
-0.006757
-0.006751
-0.006743
-0.006735
-0.006726
-0.006718
-0.006710
-0.006703
-0.006696
-0.006690
-0.006684
-0.006678
-0.006673
-0.006667
-0.006661
-0.006655
-0.006649
-0.006643
-0.006637
-0.006631
-0.006626
-0.006621
-0.006617
-0.006614
-0.006611
-0.006609
-0.006607
-0.006605
-0.006604
-0.006602
-0.006601
-0.006599
-0.006597
-0.006595
0.005419
0.014032
0.018851
0.019828
0.017460
0.012637
0.006453
0.000023
-0.005690
-0.009986
-0.012212
-0.012698
-0.011713
-0.009718
-0.007265
-0.004900
-0.003365
-0.002603
-0.002769
-0.003770
-0.005429
-0.007480
-0.009337
-0.011070
-0.012452
-0.013318
-0.013584
-0.013242
-0.012363
-0.011067
-0.009511
-0.007858
-0.006258
-0.004833
-0.003946
-0.003232
-0.002724
-0.002391
-0.002195
-0.002099
-0.002070
-0.002088
-0.002145
-0.002242
-0.002392
-0.002609
-0.002906
-0.003291
-0.003766
-0.004322
-0.004940
-0.005593
-0.006003
-0.006450
-0.006915
-0.007368
-0.007776
-0.008104
-0.008320
-0.008403
-0.008341
-0.008133
-0.007791
-0.007336
-0.006794
-0.006198
-0.005580
-0.004969
-0.004392
-0.004114
-0.003837
-0.003554
-0.003269
-0.002994
-0.002747
-0.002548
-0.002417
-0.002372
-0.002423
-0.002572
-0.002814
-0.003135
-0.003517
-0.003938
-0.004371
-0.004795
-0.004942
-0.005108
-0.005297
-0.005500
-0.005704
-0.005889
-0.006035
-0.006121
-0.006133
-0.006062
-0.005907
-0.005675
-0.005378
-0.005034
-0.004662
-0.004284
-0.003918
-0.003826
-0.003708
-0.003556
-0.003374
-0.003174
-0.002975
-0.002798
-0.002661
-0.002583
-0.002574
-0.002636
-0.002767
-0.002956
-0.003189
-0.003447
-0.003713
-0.003969
-0.003955
-0.003975
-0.004035
-0.004134
-0.004261
-0.004399
-0.004527
-0.004626
-0.004678
-0.004674
-0.004608
-0.004482
-0.004305
-0.004091
-0.003854
-0.003611
-0.003378
-0.003410
-0.003405
-0.003353
-0.003254
-0.003118
-0.002963
-0.002808
-0.002672
-0.002574
-0.002524
-0.002529
-0.002587
-0.002690
-0.002828
-0.002986
-0.003150
-0.003305
-0.003196
-0.003412
-0.003314
-0.003252
-0.003232
-0.003254
-0.003308
-0.003379
-0.003452
-0.003509
-0.003537
-0.003527
-0.003477
-0.003388
-0.003268
-0.003126
-0.002977
-0.002792
-0.002918
-0.002717
-0.002826
-0.002893
-0.002628
-0.002679
-0.002709
-0.002715
-0.002699
-0.002669
-0.002633
-0.002601
-0.002579
-0.002575
-0.002589
-0.002621
-0.002707
-0.002505
-0.002654
-0.002800
-0.002639
-0.002804
-0.002658
-0.002547
-0.002764
-0.002659
-0.002574
-0.002513
-0.002761
-0.002665
-0.002567
-0.002476
-0.002681
-0.002500
-0.002335
-0.002487
-0.002319
-0.002465
-0.002290
-0.002430
-0.002251
-0.002391
-0.002215
-0.002361
-0.002194
-0.002350
-0.002193
-0.002358
-0.002207
-0.002375
-0.002263
-0.002453
-0.002305
-0.002172
-0.002352
-0.002206
-0.002367
-0.002198
-0.002337
-0.002150
-0.002277
-0.002085
-0.002212
-0.001989
-0.002141
-0.001984
-0.002151
-0.001963
-0.002143
-0.002004
-0.002177
-0.001984
-0.002150
-0.001954
-0.002119
-0.001961
-0.002115
-0.001906
-0.002061
-0.001858
-0.002023
-0.001870
-0.001994
-0.001847
-0.002016
-0.001822
-0.001991
-0.001799
-0.001971
-0.001781
-0.001955
-0.001767
-0.001942
-0.001793
-0.001914
-0.001761
-0.001881
-0.001729
-0.001891
-0.001691
-0.001854
-0.001658
-0.001828
-0.001639
-0.001815
-0.001631
-0.001810
-0.001626
-0.001804
-0.001619
-0.001793
-0.001604
-0.001775
-0.001583
-0.001752
-0.001559
-0.001729
-0.001537
-0.001709
-0.001519
-0.001692
-0.001504
-0.001678
-0.001491
-0.001665
-0.001477
-0.001651
-0.001462
-0.001634
-0.001445
-0.001618
-0.001428
-0.001601
-0.001412
-0.001586
-0.001398
-0.001572
-0.001385
-0.001559
-0.001372
-0.001546
-0.001359
-0.001533
-0.001345
-0.001519
-0.001330
-0.001504
-0.001316
-0.001489
-0.001301
-0.001475
-0.001287
-0.001460
-0.001272
-0.001446
-0.001259
-0.001433
-0.001245
-0.001419
-0.001231
-0.001405
-0.001218
-0.001392
-0.001205
-0.001379
-0.001192
-0.001366
-0.001179
-0.001354
-0.001167
-0.001342
-0.001155
-0.001330
-0.001144
-0.001319
-0.001132
-0.001307
-0.001120
-0.001295
-0.001108
-0.001283
-0.001096
-0.001271
-0.001084
-0.001259
-0.001072
-0.001247
-0.001060
-0.001235
-0.001048
-0.001223
-0.001037
-0.001212
-0.001025
-0.001200
-0.001014
-0.001189
-0.001003
-0.001178
-0.000992
-0.001168
-0.000982
-0.001157
-0.000971
-0.001147
-0.000961
-0.001137
-0.000951
-0.001127
-0.000941
-0.001117
-0.000931
-0.001107
-0.000921
-0.001097
-0.000911
-0.001087
-0.000901
-0.001077
-0.000891
-0.001067
-0.000881
-0.001057
-0.000871
-0.001047
-0.000861
-0.001037
-0.000851
-0.001028
-0.000842
-0.001018
-0.000833
-0.001009
-0.000824
-0.001000
-0.000815
-0.000991
-0.000806
-0.000982
-0.000797
-0.000974
-0.000788
-0.000965
-0.000780
-0.000957
-0.000771
-0.000948
-0.000763
-0.000940
-0.000754
-0.000931
-0.000746
-0.000923
-0.000738
-0.000914
-0.000729
-0.000906
-0.000721
-0.000898
-0.000713
-0.000890
-0.000705
-0.000882
-0.000697
-0.000874
-0.000689
-0.000866
-0.000681
-0.000858
-0.000674
-0.000851
-0.000666
-0.000843
-0.000659
-0.000836
-0.000651
-0.000829
-0.000644
-0.000821
-0.000637
-0.000814
-0.000630
-0.000807
-0.000623
-0.000800
-0.000615
-0.000793
-0.000608
-0.000786
-0.000601
-0.000779
-0.000594
-0.000772
-0.000587
-0.000765
-0.000581
-0.000758
-0.000574
-0.000752
-0.000567
-0.000745
-0.000561
-0.000739
-0.000554
-0.000732
-0.000548
-0.000726
-0.000542
-0.000720
-0.000536
-0.000714
-0.000529
-0.000707
-0.000523
-0.000701
-0.000517
-0.000695
-0.000511
-0.000689
-0.000505
-0.000683
-0.000499
-0.000677
-0.000493
-0.000671
-0.000488
-0.000666
-0.000482
-0.000660
-0.000476
-0.000654
-0.000470
-0.000649
-0.000465
-0.000643
-0.000459
-0.000638
-0.000454
-0.000632
-0.000449
-0.000627
-0.000443
-0.000622
-0.000438
-0.000616
-0.000433
-0.000611
-0.000428
-0.000606
-0.000422
-0.000601
-0.000417
-0.000596
-0.000412
-0.000591
-0.000407
-0.000586
-0.000402
-0.000581
-0.000397
-0.000576
-0.000393
-0.000571
-0.000388
-0.000566
-0.000383
-0.000562
-0.000378
-0.000557
-0.000374
-0.000552
-0.000369
-0.000548
-0.000364
-0.000543
-0.000360
-0.000539
-0.000356
-0.000534
-0.000351
-0.000530
-0.000347
-0.000526
-0.000342
-0.000521
-0.000338
-0.000517
-0.000334
-0.000513
-0.000330
-0.000509
-0.000325
-0.000504
-0.000321
-0.000500
-0.000317
-0.000496
-0.000313
-0.000492
-0.000309
-0.000488
-0.000305
-0.000484
-0.000301
-0.000480
-0.000297
-0.000476
-0.000294
-0.000473
-0.000290
-0.000469
-0.000286
-0.000465
-0.000282
-0.000461
-0.000279
-0.000458
-0.000275
-0.000454
-0.000271
-0.000450
-0.000268
-0.000447
-0.000264
-0.000443
-0.000261
-0.000440
-0.000257
-0.000436
-0.000254
-0.000433
-0.000250
-0.000429
-0.000247
-0.000426
-0.000243
-0.000423
-0.000240
-0.000419
-0.000237
-0.000416
-0.000234
-0.000413
-0.000230
-0.000410
-0.000227
-0.000407
-0.000224
-0.000404
-0.000221
-0.000400
-0.000218
-0.000397
-0.000215
-0.000394
-0.000212
-0.000391
-0.000209
-0.000388
-0.000206
-0.000385
-0.000203
-0.000382
-0.000200
-0.000379
-0.000197
-0.000377
-0.000194
-0.000374
-0.000191
-0.000371
-0.000189
-0.000368
-0.000186
-0.000365
-0.000183
-0.000363
-0.000180
-0.000360
-0.000178
-0.000357
-0.000175
-0.000355
-0.000172
-0.000352
-0.000170
-0.000349
-0.000167
-0.000347
-0.000165
-0.000344
-0.000162
-0.000342
-0.000160
-0.000339
-0.000157
-0.000337
-0.000155
-0.000334
-0.000152
-0.000332
-0.000150
-0.000330
-0.000147
-0.000327
-0.000145
-0.000325
-0.000143
-0.000323
-0.000140
-0.000320
-0.000138
-0.000318
-0.000136
-0.000316
-0.000134
-0.000313
-0.000131
-0.000311
-0.000129
-0.000309
-0.000127
-0.000307
-0.000125
-0.000305
-0.000123
-0.000303
-0.000121
-0.000301
-0.000119
-0.000298
-0.000116
-0.000296
-0.000114
-0.000294
-0.000112
-0.000292
-0.000110
-0.000290
-0.000108
-0.000288
-0.000106
-0.000286
-0.000104
-0.000284
-0.000102
-0.000283
-0.000101
-0.000281
-0.000099
-0.000279
-0.000097
-0.000277
-0.000095
-0.000275
-0.000093
-0.000273
-0.000091
-0.000271
-0.000089
-0.000270
-0.000088
-0.000268
-0.000086
-0.000266
-0.000084
-0.000264
-0.000082
-0.000263
-0.000081
-0.000261
-0.000079
-0.000259
-0.000077
-0.000257
-0.000076
-0.000256
-0.000074
-0.000254
-0.000072
-0.000253
-0.000071
-0.000251
-0.000069
-0.000249
-0.000068
-0.000248
-0.000066
-0.000246
-0.000064
-0.000245
-0.000063
-0.000243
-0.000061
-0.000242
-0.000060
-0.000240
-0.000058
-0.000239
-0.000057
-0.000237
-0.000055
-0.000236
-0.000054
-0.000234
-0.000053
-0.000233
-0.000051
-0.000231
-0.000050
-0.000230
-0.000048
-0.000229
-0.000047
-0.000227
-0.000046
-0.000226
-0.000044
-0.000225
-0.000043
-0.000223
-0.000042
-0.000222
-0.000040
-0.000221
-0.000039
-0.000219
-0.000038
-0.000218
-0.000036
-0.000217
-0.000035
-0.000216
-0.000034
-0.000214
-0.000033
-0.000213
-0.000031
-0.000212
-0.000030
-0.000211
-0.000029
-0.000209
-0.000028
-0.000208
-0.000027
-0.000207
-0.000026
-0.000206
-0.000024
-0.000205
-0.000023
-0.000204
-0.000022
-0.000203
-0.000021
-0.000201
-0.000020
-0.000200
-0.000019
-0.000199
-0.000018
-0.000198
-0.000017
-0.000197
-0.000016
-0.000196
-0.000015
-0.000195
-0.000013
-0.000194
-0.000012
-0.000193
-0.000011
-0.000192
-0.000010
-0.000191
-0.000009
-0.000190
-0.000008
-0.000189
-0.000007
-0.000188
-0.000006
-0.000187
-0.000006
-0.000186
-0.000005
-0.000185
-0.000004
-0.000184
-0.000003
-0.000183
-0.000002
-0.000182
-0.000001
-0.000181
0.000000
-0.000180
0.000001
-0.000180
0.000002
-0.000179
0.000003
-0.000178
0.000004
-0.000177
0.000004
-0.000176
0.000005
-0.000175
0.000006
-0.000174
0.000007
-0.000174
0.000008
-0.000173
0.000009
-0.000172
0.000009
-0.000171
0.000010
-0.000170
0.000011
-0.000170
0.000012
-0.000169
0.000013
-0.000168
0.000013
-0.000167
0.000014
-0.000166
0.000015
-0.000166
0.000016
-0.000165
0.000016
-0.000164
0.000017
-0.000163
0.000018
-0.000163
0.000019
-0.000162
0.000019
-0.000161
0.000020
-0.000161
0.000021
-0.000160
0.000021
-0.000159
0.000022
-0.000159
0.000023
-0.000158
0.000023
-0.000157
0.000024
-0.000157
0.000025
-0.000156
0.000025
-0.000155
0.000026
-0.000155
0.000027
-0.000154
0.000027
-0.000153
0.000028
-0.000153
0.000029
-0.000152
0.000029
-0.000151
0.000030
-0.000151
0.000030
-0.000150
0.000031
-0.000150
0.000032
-0.000149
0.000032
-0.000149
0.000033
-0.000148
0.000033
-0.000147
0.000034
-0.000147
0.000034
-0.000146
0.000035
-0.000146
0.000036
-0.000145
0.000036
-0.000145
0.000037
-0.000144
0.000037
-0.000144
0.000038
-0.000143
0.000038
-0.000142
0.000039
-0.000142
0.000039
-0.000141
0.000040
-0.000141
0.000040
-0.000140
0.000041
-0.000140
0.000041
-0.000139
0.000042
-0.000139
0.000042
-0.000138
0.000043
-0.000138
0.000043
-0.000138
0.000044
-0.000137
0.000044
-0.000137
0.000045
-0.000136
0.000045
-0.000136
0.000045
-0.000135
0.000046
-0.000135
0.000046
-0.000134
0.000047
-0.000134
0.000047
-0.000133
0.000048
-0.000133
0.000048
-0.000133
0.000049
-0.000132
0.000049
-0.000132
0.000049
-0.000131
0.000050
-0.000131
0.000050
-0.000131
0.000051
-0.000130
0.000051
-0.000130
0.000051
-0.000129
0.000052
-0.000129
0.000052
-0.000129
0.000053
-0.000128
0.000053
-0.000128
0.000053
-0.000128
0.000054
-0.000127
0.000054
-0.000127
0.000054
-0.000126
0.000055
-0.000126
0.000055
-0.000126
0.000055
-0.000125
0.000056
-0.000125
0.000056
-0.000125
0.000056
-0.000124
0.000057
-0.000124
0.000057
-0.000124
0.000057
-0.000123
0.000058
-0.000123
0.000058
-0.000123
0.000058
-0.000122
0.000059
-0.000122
0.000059
-0.000122
0.000059
-0.000121
0.000060
-0.000121
0.000060
-0.000121
0.000060
-0.000121
0.000061
-0.000120
0.000061
-0.000120
0.000061
-0.000120
0.000061
-0.000119
0.000062
-0.000119
0.000062
-0.000119
0.000062
-0.000118
0.000063
-0.000118
0.000063
-0.000118
0.000063
-0.000118
0.000063
-0.000117
0.000064
-0.000117
0.000064
-0.000117
0.000064
-0.000117
0.000064
-0.000116
0.000065
-0.000116
0.000065
-0.000116
0.000065
-0.000116
0.000066
-0.000115
0.000066
-0.000115
0.000066
-0.000115
0.000066
-0.000115
0.000066
-0.000114
0.000067
-0.000114
0.000067
-0.000114
0.000067
-0.000114
0.000067
-0.000113
0.000068
-0.000113
0.000068
-0.000113
0.000068
-0.000113
0.000068
-0.000113
0.000069
-0.000112
0.000069
-0.000112
0.000069
-0.000112
0.000069
-0.000112
0.000069
-0.000111
0.000070
-0.000111
0.000070
-0.000111
0.000070
-0.000111
0.000070
-0.000111
0.000070
-0.000110
0.000071
-0.000110
0.000071
-0.000110
0.000071
-0.000110
0.000071
-0.000110
0.000071
-0.000109
0.000072
-0.000109
0.000072
-0.000109
0.000072
-0.000109
0.000072
-0.000109
0.000072
-0.000109
0.000073
-0.000108
0.000073
-0.000108
0.000073
-0.000108
0.000073
-0.000108
0.000073
-0.000108
0.000073
-0.000107
0.000074
-0.000107
0.000074
-0.000107
0.000074
-0.000107
0.000074
-0.000107
0.000074
-0.000107
0.000074
-0.000107
0.000075
-0.000106
0.000075
-0.000106
0.000075
-0.000106
0.000075
-0.000106
0.000075
-0.000106
0.000075
-0.000106
0.000075
-0.000105
0.000076
-0.000105
0.000076
-0.000105
0.000076
-0.000105
0.000076
-0.000105
0.000076
-0.000105
0.000076
-0.000105
0.000076
-0.000104
0.000077
-0.000104
0.000077
-0.000104
0.000077
-0.000104
0.000077
-0.000104
0.000077
-0.000104
0.000077
-0.000104
0.000077
-0.000103
0.000078
-0.000103
0.000078
-0.000103
0.000078
-0.000103
0.000078
-0.000103
0.000078
-0.000103
0.000078
-0.000103
0.000078
-0.000103
0.000078
-0.000102
0.000079
-0.000102
0.000079
-0.000102
0.000079
-0.000102
0.000079
-0.000102
0.000079
-0.000102
0.000079
-0.000102
0.000079
-0.000102
0.000079
-0.000102
0.000079
-0.000101
0.000080
-0.000101
0.000080
-0.000101
0.000080
-0.000101
0.000080
-0.000101
0.000080
-0.000101
0.000080
-0.000101
0.000080
-0.000101
0.000080
-0.000101
0.000080
-0.000101
0.000081
-0.000100
0.000081
-0.000100
0.000081
-0.000100
0.000081
-0.000100
0.000081
-0.000100
0.000081
-0.000100
0.000081
-0.000100
0.000081
-0.000100
0.000081
-0.000100
0.000081
-0.000100
0.000081
-0.000099
0.000082
-0.000099
0.000082
-0.000099
0.000082
-0.000099
0.000082
-0.000099
0.000082
-0.000099
0.000082
-0.000099
0.000082
-0.000099
0.000082
-0.000099
0.000082
-0.000099
0.000082
-0.000099
0.000082
-0.000099
0.000082
-0.000098
0.000083
-0.000098
0.000083
-0.000098
0.000083
-0.000098
0.000083
-0.000098
0.000083
-0.000098
0.000083
-0.000098
0.000083
-0.000098
0.000083
-0.000098
0.000083
-0.000098
0.000083
-0.000098
0.000083
-0.000098
0.000083
-0.000098
0.000083
-0.000097
0.000084
-0.000097
0.000084
-0.000097
0.000084
-0.000097
0.000084
-0.000097
0.000084
-0.000097
0.000084
-0.000097
0.000084
-0.000097
0.000084
-0.000097
0.000084
-0.000097
0.000084
-0.000097
0.000084
-0.000097
0.000084
-0.000097
0.000084
-0.000097
0.000084
-0.000097
0.000084
-0.000097
0.000084
-0.000096
0.000085
-0.000096
0.000085
-0.000096
0.000085
-0.000096
0.000085
-0.000096
0.000085
-0.000096
0.000085
-0.000096
0.000085
-0.000096
0.000085
-0.000096
0.000085
-0.000096
0.000085
-0.000096
0.000085
-0.000096
0.000085
-0.000096
0.000085
-0.000096
0.000085
-0.000096
0.000085
-0.000096
0.000085
-0.000096
0.000085
-0.000096
0.000085
-0.000095
0.000086
-0.000095
0.000086
-0.000095
0.000086
-0.000095
0.000086
-0.000095
0.000086
-0.000095
0.000086
-0.000095
0.000086
-0.000095
0.000086
-0.000095
0.000086
-0.000095
0.000086
-0.000095
0.000086
-0.000095
0.000086
-0.000095
0.000086
-0.000095
0.000086
-0.000095
0.000086
-0.000095
0.000086
-0.000095
0.000086
-0.000095
0.000086
-0.000095
0.000086
-0.000095
0.000086
-0.000095
0.000086
-0.000095
0.000086
-0.000094
0.000086
-0.000094
0.000087
-0.000094
0.000087
-0.000094
0.000087
-0.000094
0.000087
-0.000094
0.000087
-0.000094
0.000087
-0.000094
0.000087
-0.000094
0.000087
-0.000094
0.000087
-0.000094
0.000087
-0.000094
0.000087
-0.000094
0.000087
-0.000094
0.000087
-0.000094
0.000087
-0.000094
0.000087
-0.000094
0.000087
-0.000094
0.000087
-0.000094
0.000087
-0.000094
0.000087
-0.000094
0.000087
-0.000094
0.000087
-0.000094
0.000087
-0.000094
0.000087
-0.000094
0.000087
-0.000094
0.000087
-0.000094
0.000087
-0.000094
0.000087
-0.000094
0.000087
-0.000093
0.000087
-0.000093
0.000088
-0.000093
0.000088
-0.000093
0.000088
-0.000093
0.000088
-0.000093
0.000088
-0.000093
0.000088
-0.000093
0.000088
-0.000093
0.000088
-0.000093
0.000088
-0.000093
0.000088
-0.000093
0.000088
-0.000093
0.000088
-0.000093
0.000088
-0.000093
0.000088
-0.000093
0.000088
-0.000093
0.000088
-0.000093
0.000088
-0.000093
0.000088
-0.000093
0.000088
-0.000093
0.000088
-0.000093
0.000088
-0.000093
0.000088
-0.000093
0.000088
-0.000093
0.000088
-0.000093
0.000088
-0.000093
0.000088
-0.000093
0.000088
-0.000093
0.000088
-0.000093
0.000088
-0.000093
0.000088
-0.000093
0.000088
-0.000093
0.000088
-0.000093
0.000088
-0.000093
0.000088
-0.000093
0.000088
-0.000093
0.000088
-0.000093
0.000088
-0.000093
0.000088
-0.000093
0.000088
-0.000092
0.000088
-0.000092
0.000088
-0.000092
0.000089
-0.000092
0.000089
-0.000092
0.000089
-0.000092
0.000089
-0.000092
0.000089
-0.000092
0.000089
-0.000092
0.000089
-0.000092
0.000089
-0.000092
0.000089
-0.000092
0.000089
-0.000092
0.000089
-0.000092
0.000089
-0.000092
0.000089
-0.000092
0.000089
-0.000092
0.000089
-0.000092
0.000089
-0.000092
0.000089
-0.000092
0.000089
-0.000092
0.000089
-0.000092
0.000089
-0.000092
0.000089
-0.000092
0.000089
-0.000092
0.000089
-0.000092
0.000089
-0.000092
0.000089
-0.000092
0.000089
-0.000092
0.000089
-0.000092
0.000089
-0.000092
0.000089
-0.000092
0.000089
-0.000092
0.000089
-0.000092
0.000089
-0.000092
0.000089
-0.000092
0.000089
-0.000092
0.000089
-0.000092
0.000089
-0.000092
0.000089
-0.000092
0.000089
-0.000092
0.000089
-0.000092
0.000089
-0.000092
0.000089
-0.000092
0.000089
-0.000092
0.000089
-0.000092
0.000089
-0.000092
0.000089
-0.000092
0.000089
-0.000092
0.000089
-0.000092
0.000089
-0.000092
0.000089
-0.000092
0.000089
-0.000092
0.000089
-0.000092
0.000089
-0.000092
0.000089
-0.000092
0.000089
-0.000092
0.000089
-0.000092
0.000089
-0.000092
0.000089
-0.000092
0.000089
-0.000092
0.000089
-0.000092
0.000089
-0.000092
0.000089
-0.000092
0.000089
-0.000092
0.000089
-0.000092
0.000089
-0.000092
0.000089
-0.000092
0.000089
-0.000092
0.000089
-0.000091
0.000089
-0.000091
0.000089
-0.000091
0.000089
-0.000091
0.000090
-0.000091
0.000090
-0.000091
0.000090
-0.000091
0.000090
-0.000091
0.000090
-0.000091
0.000090
-0.000091
0.000090
-0.000091
0.000090
-0.000091
0.000090
-0.000091
0.000090
-0.000091
0.000090
-0.000091
0.000090
-0.000091
0.000090
-0.000091
0.000090
-0.000091
0.000090
-0.000091
0.000090
-0.000091
0.000090
-0.000091
0.000090
-0.000091
0.000090
-0.000091
0.000090
-0.000091
0.000090
-0.000091
0.000090
-0.000091
0.000090
-0.000091
0.000090
-0.000091
0.000090
-0.000091
0.000090
-0.000091
0.000090
-0.000091
0.000090
-0.000091
0.000090
-0.000091
0.000090
-0.000091
0.000090
-0.000091
0.000090
-0.000091
0.000090
-0.000091
0.000090
-0.000091
0.000090
-0.000091
0.000090
-0.000091
0.000090
-0.000091
0.000090
-0.000091
0.000090
-0.000091
0.000090
-0.000091
0.000090
-0.000091
0.000090
-0.000091
0.000090
-0.000091
0.000090
-0.000091
0.000090
-0.000091
0.000090
-0.000091
0.000090
-0.000091
0.000090
-0.000091
0.000090
-0.000091
0.000090
-0.000091
0.000090
-0.000091
0.000090
-0.000091
0.000090
-0.000091
0.000090
-0.000091
0.000090
-0.000091
0.000090
-0.000091
0.000090
-0.000091
0.000090
-0.000091
0.000090
-0.000091
0.000090
-0.000091
0.000090
-0.000091
0.000090
-0.000091
0.000090
-0.000091
0.000090
-0.000091
0.000090
-0.000091
0.000090
-0.000091
0.000090
-0.000091
0.000090
-0.000091
0.000090
-0.000091
0.000090
-0.000091
0.000090
-0.000091
0.000090
-0.000091
0.000090
-0.000091
0.000090
-0.000091
0.000090
-0.000091
0.000090
-0.000091
0.000090
-0.000091
0.000090
-0.000091
0.000090
-0.000091
0.000090
-0.000091
0.000090
-0.000091
0.000090
-0.000091
0.000090
-0.000091
0.000090
-0.000091
0.000090
-0.000091
0.000090
-0.000091
0.000090
-0.000091
0.000090
-0.000091
0.000090
-0.000091
0.000090
-0.000091
0.000090
-0.000091
0.000090
-0.000091
0.000090
-0.000091
0.000090
-0.000091
0.000090
-0.000091
0.000090
-0.000091
0.000090
-0.000091
0.000090
-0.000091
0.000090
-0.000091
0.000090
-0.000091
0.000090
-0.000091
0.000090
-0.000091
0.000090
-0.000091
0.000090
-0.000091
0.000090
-0.000091
0.000090
-0.000091
0.000090
-0.000091
0.000090
-0.000091
0.000090
-0.000091
0.000090
-0.000091
0.000090
-0.000091
0.000090
-0.000091
0.000090
-0.000091
0.000090
-0.000091
0.000090
-0.000091
0.000090
-0.000091
0.000090
-0.000091
0.000090
-0.000091
0.000090
-0.000091
0.000090
-0.000091
0.000090
-0.000091
0.000090
-0.000091
0.000090
-0.000091
0.000090
-0.000091
0.000090
-0.000091
0.000090
-0.000091
0.000090
-0.000091
0.000090
-0.000091
0.000090
-0.000091
0.000090
-0.000091
0.000090
-0.000091
0.000090
-0.000091
0.000090
-0.000091
0.000090
-0.000091
0.000090
-0.000091
0.000090
-0.000091
0.000090
-0.000091
0.000090
-0.000091
0.000090
-0.000091
0.000090
-0.000091
0.000090
-0.000091
0.000090
-0.000091
0.000090
-0.000091
0.000090
-0.000091
0.000090
-0.000091
0.000090
-0.000091
0.000090
-0.000091
0.000090
-0.000091
0.000090
-0.000091
0.000090
-0.000091
0.000090
-0.000091
0.000090
-0.000091
0.000090
-0.000091
0.000090
-0.000091
0.000090
-0.000091
0.000090
-0.000091
0.000090
-0.000091
0.000090
-0.000091
0.000090
-0.000091
0.000090
-0.000091
0.000090
-0.000091
0.000090
-0.000091
0.000090
-0.000091
0.000090
-0.000091
0.000090
-0.000091
0.000090
-0.000091
0.000090
-0.000091
0.000090
-0.000091
0.000090
-0.000091
0.000090
-0.000091
0.000090
-0.000091
0.000090
-0.000091
0.000090
-0.000091
0.000090
-0.000091
0.000090
-0.000091
0.000090
-0.000091
0.000090
-0.000091
0.000090
-0.000091
0.000090
-0.000091
0.000090
-0.000091
0.000090
-0.000091
0.000090
-0.000091
0.000090
-0.000091
0.000090
-0.000091
0.000090
-0.000091
0.000090
-0.000091
0.000090
-0.000091
0.000090
-0.000091
0.000090
-0.000091
0.000090
-0.000091
0.000090
-0.000091
0.000090
-0.000091
0.000090
-0.000091
0.000090
-0.000091
0.000090
-0.000091
0.000090
-0.000091
0.000090
-0.000091
0.000090
-0.000091
0.000090
-0.000091
0.000090
-0.000091
0.000090
-0.000091
0.000090
-0.000091
0.000090
-0.000091
0.000090
-0.000091
0.000090
-0.000091
0.000090
-0.000091
0.000090
-0.000091
0.000090
-0.000091
0.000090
-0.000091
0.000090
-0.000091
0.000090
-0.000091
0.000090
-0.000091
0.000090
-0.000091
0.000090
-0.000091
0.000090
-0.000091
0.000090
-0.000091
0.000090
-0.000091
0.000090
-0.000091
0.000090
-0.000091
0.000090
-0.000091
0.000090
-0.000091
0.000090
-0.000091
0.000090
-0.000091
0.000090
-0.000091
0.000090
-0.000091
0.000090
-0.000091
0.000090
-0.000091
0.000090
-0.000091
0.000090
-0.000091
0.000090
-0.000091
0.000090
-0.000091
0.000090
-0.000091
0.000090
-0.000091
0.000090
-0.000091
0.000090
-0.000091
0.000090
-0.000091
0.000090
-0.000091
0.000090
-0.000091
0.000090
-0.000091
0.000090
-0.000091
0.000090
-0.000091
0.000090
-0.000091
0.000090
-0.000091
0.000090
-0.000091
0.000090
-0.000091
0.000090
-0.000091
0.000090
-0.000091
0.000090
-0.000091
0.000090
-0.000091
0.000090
-0.000091
0.000090
-0.000091
0.000090
-0.000091
0.000090
-0.000091
0.000090
-0.000091
0.000090
-0.000091
0.000090
-0.000091
0.000090
-0.000091
0.000090
-0.000091
0.000090
-0.000091
0.000090
-0.000091
0.000090
-0.000091
0.000090
-0.000091
0.000090
-0.000091
0.000090
-0.000091
0.000090
-0.000091
0.000090
-0.000091
0.000090
-0.000091
0.000090
-0.000091
0.000090
-0.000091
0.000090
-0.000091
0.000090
-0.000091
0.000090
-0.000091
0.000090
-0.000091
0.000090
-0.000091
0.000090
-0.000091
0.000090
-0.000091
0.000090
-0.000091
0.000090
-0.000091
0.000090
-0.000091
0.000090
-0.000091
0.000090
-0.000091
0.000090
-0.000091
0.000090
-0.000091
0.000090
-0.000091
0.000090
-0.000091
0.000090
-0.000091
0.000090
-0.000091
0.000090
-0.000091
0.000090
-0.000091
0.000090
-0.000091
0.000090
-0.000091
0.000090
-0.000091
0.000090
-0.000091
0.000090
-0.000091
0.000090
-0.000091
0.000090
-0.000091
0.000090
-0.000091
0.000090
-0.000091
0.000090
-0.000091
0.000090
-0.000091
0.000090
-0.000091
0.000090
-0.000091
0.000090
-0.000091
0.000090
-0.000091
0.000090
-0.000091
0.000090
-0.000091
0.000090
-0.000091
0.000090
-0.000091
0.000090
-0.000091
0.000090
-0.000091
0.000090
-0.000091
0.000090
-0.000091
0.000090
-0.000091
0.000090
-0.000091
0.000090
-0.000091
0.000090
-0.000091
0.000090
-0.000091
0.000090
-0.000091
0.000090
-0.000091
0.000090
-0.000091
0.000090
-0.000091
0.000090
-0.000091
0.000090
-0.000091
0.000090
-0.000091
0.000090
-0.000091
0.000090
-0.000091
0.000090
-0.000091
0.000090
-0.000091
0.000090
-0.000091
0.000090
-0.000091
0.000090
-0.000091
0.000090
-0.000091
0.000090
-0.000091
0.000090
-0.000091
0.000090
-0.000091
0.000090
-0.000091
0.000090
-0.000091
0.000090
-0.000091
0.000090
-0.000091
0.000090
-0.000091
0.000090
-0.000091
0.000090
-0.000091
0.000090
-0.000091
0.000090
-0.000091
0.000090
-0.000091
0.000090
-0.000091
0.000090
-0.000091
0.000090
-0.000091
0.000090
-0.000091
0.000090
-0.000091
0.000090
-0.000091
0.000090
-0.000091
0.000090
-0.000091
0.000090
-0.000091
0.000090
-0.000091
0.000090
-0.000091
0.000090
-0.000091
0.000090
-0.000091
0.000090
-0.000091
0.000090
-0.000091
0.000090
-0.000091
0.000090
-0.000091
0.000090
-0.000091
0.000090
-0.000091
0.000090
-0.000091
0.000090
-0.000091
0.000090
-0.000091
0.000090
-0.000091
0.000090
-0.000091
0.000090
-0.000091
0.000090
-0.000091
0.000090
-0.000091
0.000090
-0.000091
0.000090
-0.000091
0.000090
-0.000091
0.000090
-0.000091
0.000090
-0.000091
0.000090
-0.000091
0.000090
-0.000091
0.000090
-0.000091
0.000090
-0.000091
0.000090
-0.000091
0.000090
-0.000091
0.000090
-0.000091
0.000090
-0.000091
0.000090
-0.000091
0.000090
-0.000091
0.000090
-0.000091
0.000090
-0.000091
0.000090
-0.000091
0.000090
-0.000091
0.000090
-0.000091
0.000090
-0.000091
0.000090
-0.000091
0.000090
-0.000091
0.000090
-0.000091
0.000090
-0.000091
0.000090
-0.000091
0.000090
-0.000091
0.000090
-0.000091
0.000090
-0.000091
0.000090
-0.000090
0.000090
-0.000090
0.000090
-0.000090
0.000090
-0.000090
0.000090
-0.000090
0.000090
-0.000090
0.000090
-0.000090
0.000090
-0.000090
0.000090
-0.000090
0.000090
-0.000090
0.000090
-0.000090
0.000090
-0.000090
0.000090
-0.000090
0.000090
-0.000090
0.000090
-0.000090
0.000090
-0.000090
0.000090
-0.000090
0.000090
-0.000090
0.000090
-0.000090
0.000090
-0.000090
0.000090
-0.000090
0.000090
-0.000090
0.000090
-0.000090
0.000090
-0.000090
0.000090
-0.000090
0.000090
-0.000090
0.000090
-0.000090
0.000090
-0.000090
0.000090
-0.000090
0.000090
-0.000090
0.000090
-0.000090
0.000090
-0.000090
0.000090
-0.000090
0.000090
-0.000090
0.000090
-0.000090
0.000090
-0.000090
0.000090
-0.000090
0.000090
-0.000090
0.000090
-0.000090
0.000090
-0.000090
0.000090
-0.000090
0.000090
-0.000090
0.000090
-0.000090
0.000090
-0.000090
0.000090
-0.000090
0.000090
-0.000090
0.000090
-0.000090
0.000090
-0.000090
0.000090
-0.000090
0.000090
-0.000090
0.000090
-0.000090
0.000090
-0.000090
0.000090
-0.000090
0.000090
-0.000090
0.000090
-0.000090
0.000090
-0.000090
0.000090
-0.000090
0.000090
-0.000090
0.000090
-0.000090
0.000090
-0.000090
0.000090
-0.000090
0.000090
-0.000090
0.000090
-0.000090
0.000090
-0.000090
0.000090
-0.000090
0.000090
-0.000090
0.000090
-0.000090
0.000090
-0.000090
0.000090
-0.000090
0.000090
-0.000090
0.000090
-0.000090
0.000090
-0.000090
0.000090
-0.000090
0.000090
-0.000090
0.000090
-0.000090
0.000090
-0.000090
0.000090
-0.000090
0.000090
-0.000090
0.000090
-0.000090
0.000090
-0.000090
0.000090
-0.000090
0.000090
-0.000090
0.000090
-0.000090
0.000090
-0.000090
0.000090
-0.000090
0.000090
-0.000090
0.000090
-0.000090
0.000090
-0.000090
0.000090
-0.000090
0.000090
-0.000090
0.000090
-0.000090
0.000090
-0.000090
0.000090
-0.000090
0.000090
-0.000090
0.000090
-0.000090
0.000090
-0.000090
0.000090
-0.000090
0.000090
-0.000090
0.000090
-0.000090
0.000090
-0.000090
0.000090
-0.000090
0.000090
-0.000090
0.000090
-0.000090
0.000090
-0.000090
0.000090
-0.000090
0.000090
-0.000090
0.000090
-0.000090
0.000090
-0.000090
0.000090
-0.000090
0.000090
-0.000090
0.000090
-0.000090
0.000090
-0.000090
0.000090
-0.000090
0.000090
-0.000090
0.000090
-0.000090
0.000090
-0.000090
0.000090
-0.000090
0.000090
-0.000090
0.000090
-0.000090
0.000090
-0.000090
0.000090
-0.000090
0.000090
-0.000090
0.000090
-0.000090
0.000090
-0.000090
0.000090
-0.000090
0.000090
-0.000090
0.000090
-0.000090
0.000090
-0.000090
0.000090
-0.000090
0.000090
-0.000090
0.000090
-0.000090
0.000090
-0.000090
0.000090
-0.000090
0.000090
-0.000090
0.000090
-0.000090
0.000090
-0.000090
0.000090
-0.000090
0.000090
-0.000090
0.000090
-0.000090
0.000090
-0.000090
0.000090
-0.000090
0.000090
-0.000090
0.000090
-0.000090
0.000090
-0.000090
0.000090
-0.000090
0.000090
-0.000090
0.000090
-0.000090
0.000090
-0.000090
0.000090
-0.000090
0.000090
-0.000090
0.000090
-0.000090
0.000090
-0.000090
0.000090
-0.000090
0.000090
-0.000090
0.000090
-0.000090
0.000090
-0.000090
0.000090
-0.000090
0.000090
-0.000090
0.000090
-0.000090
0.000090
-0.000090
0.000090
-0.000090
0.000090
-0.000090
0.000090
-0.000090
0.000090
-0.000090
0.000090
-0.000090
0.000090
-0.000090
0.000090
-0.000090
0.000090
-0.000090
0.000090
-0.000090
0.000090
-0.000090
0.000090
-0.000090
0.000090
-0.000090
0.000090
-0.000090
0.000090
-0.000090
0.000090
-0.000090
0.000090
-0.000090
0.000090
-0.000090
0.000090
-0.000090
0.000090
-0.000090
0.000090
-0.000090
0.000090
-0.000090
0.000090
-0.000090
0.000090
-0.000090
0.000090
-0.000090
0.000090
-0.000090
0.000090
-0.000090
0.000090
-0.000090
0.000090
-0.000090
0.000090
-0.000090
0.000090
-0.000090
0.000090
-0.000090
0.000090
-0.000090
0.000090
-0.000090
0.000090
-0.000090
0.000090
-0.000090
0.000090
-0.000090
0.000090
-0.000090
0.000090
-0.000090
0.000090
-0.000090
0.000090
-0.000090
0.000090
-0.000090
0.000090
-0.000090
0.000090
-0.000090
0.000090
-0.000090
0.000090
-0.000090
0.000090
-0.000090
0.000090
-0.000090
0.000090
-0.000090
0.000090
-0.000090
0.000090
-0.000090
0.000090
-0.000090
0.000090
-0.000090
0.000090
-0.000090
0.000090
-0.000090
0.000090
-0.000090
0.000090
-0.000090
0.000090
-0.000090
0.000090
-0.000090
0.000090
-0.000090
0.000090
-0.000090
0.000090
-0.000090
0.000090
-0.000090
0.000090
-0.000090
0.000090
-0.000090
0.000090
-0.000090
0.000090
-0.000090
0.000090
-0.000090
0.000090
-0.000090
0.000090
-0.000090
0.000090
-0.000090
0.000090
-0.000090
0.000090
-0.000090
0.000090
-0.000090
0.000090
-0.000090
0.000090
-0.000090
0.000090
-0.000090
0.000090
-0.000090
0.000090
-0.000090
0.000090
-0.000090
0.000090
-0.000090
0.000090
-0.000090
0.000090
-0.000090
0.000090
-0.000090
0.000090
-0.000090
0.000090
-0.000090
0.000090
-0.000090
0.000090
-0.000090
0.000090
-0.000090
0.000090
-0.000090
0.000090
-0.000090
0.000090
-0.000090
0.000090
-0.000090
0.000090
-0.000090
0.000090
-0.000090
0.000090
-0.000090
0.000090
-0.000090
0.000090
-0.000090
0.000090
-0.000090
0.000090
-0.000090
0.000090
-0.000090
0.000090
-0.000090
0.000090
-0.000090
0.000090
-0.000090
0.000090
-0.000090
0.000090
-0.000090
0.000090
-0.000090
0.000090
-0.000090
0.000090
-0.000090
0.000090
-0.000090
0.000090
-0.000090
0.000090
-0.000090
0.000090
-0.000090
0.000090
-0.000090
0.000090
-0.000090
0.000090
-0.000090
0.000090
-0.000090
0.000090
-0.000090
0.000090
-0.000090
0.000090
-0.000090
0.000090
-0.000090
0.000090
-0.000090
0.000090
-0.000090
0.000090
-0.000090
0.000090
-0.000090
0.000090
-0.000090
0.000090
-0.000090
0.000090
-0.000090
0.000090
-0.000090
0.000090
-0.000090
0.000090
-0.000090
0.000090
-0.000090
0.000090
-0.000090
0.000090
-0.000090
0.000090
-0.000090
0.000090
-0.000090
0.000090
-0.000090
0.000090
-0.000090
0.000090
-0.000090
0.000090
-0.000090
0.000090
-0.000090
0.000090
-0.000090
0.000090
-0.000090
0.000090
-0.000090
0.000090
-0.000090
0.000090
-0.000090
0.000090
-0.000090
0.000090
-0.000090
0.000090
-0.000090
0.000090
-0.000090
0.000090
-0.000090
0.000090
-0.000090
0.000090
-0.000090
0.000090
-0.000090
0.000090
-0.000090
0.000090
-0.000090
0.000090
-0.000090
0.000090
-0.000090
0.000090
-0.000090
0.000090
-0.000090
0.000090
-0.000090
0.000090
-0.000090
0.000090
-0.000090
0.000090
-0.000090
0.000090
-0.000090
0.000090
-0.000090
0.000090
-0.000090
0.000090
-0.000090
0.000090
-0.000090
0.000090
-0.000090
0.000090
-0.000090
0.000090
-0.000090
0.000090
-0.000090
0.000090
-0.000090
0.000090
-0.000090
0.000090
-0.000090
0.000090
-0.000090
0.000090
-0.000090
0.000090
-0.000090
0.000090
-0.000090
0.000090
-0.000090
0.000090
-0.000090
0.000090
-0.000090
0.000090
-0.000090
0.000090
-0.000090
0.000090
-0.000090
0.000090
-0.000090
0.000090
-0.000090
0.000090
-0.000090
0.000090
-0.000090
0.000090
-0.000090
0.000090
-0.000090
0.000090
-0.000090
0.000090
-0.000090
0.000090
-0.000090
0.000090
-0.000090
0.000090
-0.000090
0.000090
-0.000090
0.000090
-0.000090
0.000090
-0.000090
0.000090
-0.000090
0.000090
-0.000090
0.000090
-0.000090
0.000090
-0.000090
0.000090
-0.000090
0.000090
-0.000090
0.000090
-0.000090
0.000090
-0.000090
0.000090
-0.000090
0.000090
-0.000090
0.000090
-0.000090
0.000090
-0.000090
0.000090
-0.000090
0.000090
-0.000090
0.000090
-0.000090
0.000090
-0.000090
0.000090
-0.000090
0.000090
-0.000090
0.000090
-0.000090
0.000090
-0.000090
0.000090
-0.000090
0.000090
-0.000090
0.000090
-0.000090
0.000090
-0.000090
0.000090
-0.000090
0.000090
-0.000090
0.000090
-0.000090
0.000090
-0.000090
0.000090
-0.000090
0.000090
-0.000090
0.000090
-0.000090
0.000090
-0.000090
0.000090
-0.000090
0.000090
-0.000090
0.000090
-0.000090
0.000090
-0.000090
0.000090
-0.000090
0.000090
-0.000090
0.000090
-0.000090
0.000090
-0.000090
0.000090
-0.000090
0.000090
-0.000090
0.000090
-0.000090
0.000090
-0.000090
0.000090
-0.000090
0.000090
-0.000090
0.000090
-0.000090
0.000090
-0.000090
0.000090
-0.000090
0.000090
-0.000090
0.000090
-0.000090
0.000090
-0.000090
0.000090
-0.000090
0.000090
-0.000090
0.000090
-0.000090
0.000090
-0.000090
0.000090
-0.000090
0.000090
-0.000090
0.000090
-0.000090
0.000090
-0.000090
0.000090
-0.000090
0.000090
-0.000090
0.000090
-0.000090
0.000090
-0.000090
0.000090
-0.000090
0.000090
-0.000090
0.000090
-0.000090
0.000090
-0.000090
0.000090
-0.000090
0.000090
-0.000090
0.000090
-0.000090
0.000090
-0.000090
0.000090
-0.000090
0.000090
-0.000090
0.000090
-0.000090
0.000090
-0.000090
0.000090
-0.000090
0.000090
-0.000090
0.000090
-0.000090
0.000090
-0.000090
0.000090
-0.000090
0.000090
-0.000090
0.000090
-0.000090
0.000090
-0.000090
0.000090
-0.000090
0.000090
-0.000090
0.000090
-0.000090
0.000090
-0.000090
0.000090
-0.000090
0.000090
-0.000090
0.000090
-0.000090
0.000090
-0.000090
0.000090
-0.000090
0.000090
-0.000090
0.000090
-0.000090
0.000090
-0.000090
0.000090
-0.000090
0.000090
-0.000090
0.000090
-0.000090
0.000090
-0.000090
0.000090
-0.000090
0.000090
-0.000090
0.000090
-0.000090
0.000090
-0.000090
0.000090
-0.000090
0.000090
-0.000090
0.000090
-0.000090
0.000090
-0.000090
0.000090
-0.000090
0.000090
-0.000090
0.000090
-0.000090
0.000090
-0.000090
0.000090
-0.000090
0.000090
-0.000090
0.000090
-0.000090
0.000090
-0.000090
0.000090
-0.000090
0.000090
-0.000090
0.000090
-0.000090
0.000090
-0.000090
0.000090
-0.000090
0.000090
-0.000090
0.000090
-0.000090
0.000090
-0.000090
0.000090
-0.000090
0.000090
-0.000090
0.000090
-0.000090
0.000090
-0.000090
0.000090
-0.000090
0.000090
-0.000090
0.000090
-0.000090
0.000090
-0.000090
0.000090
-0.000090
0.000090
-0.000090
0.000090
-0.000090
0.000090
-0.000090
0.000090
-0.000090
0.000090
-0.000090
0.000090
-0.000090
0.000090
-0.000090
0.000090
-0.000090
0.000090
-0.000090
0.000090
-0.000090
0.000090
-0.000090
0.000090
-0.000090
0.000090
-0.000090
0.000090
-0.000090
0.000090
-0.000090
0.000090
-0.000090
0.000090
-0.000090
0.000090
-0.000090
0.000090
-0.000090
0.000090
-0.000090
0.000090
-0.000090
0.000090
-0.000090
0.000090
-0.000090
0.000090
-0.000090
0.000090
-0.000090
0.000090
-0.000090
0.000090
-0.000090
0.000090
-0.000090
0.000090
-0.000090
0.000090
-0.000090
0.000090
-0.000090
0.000090
-0.000090
0.000090
-0.000090
0.000090
-0.000090
0.000090
-0.000090
0.000090
-0.000090
0.000090
-0.000090
0.000090
-0.000090
0.000090
-0.000090
0.000090
-0.000090
0.000090
-0.000090
0.000090
-0.000090
0.000090
-0.000090
0.000090
-0.000090
0.000090
-0.000090
0.000090
-0.000090
0.000090
-0.000090
0.000090
-0.000090
0.000090
-0.000090
0.000090
-0.000090
0.000090
-0.000090
0.000090
-0.000090
0.000090
-0.000090
0.000090
-0.000090
0.000090
-0.000090
0.000090
-0.000090
0.000090
-0.000090
0.000090
-0.000090
0.000090
-0.000090
0.000090
-0.000090
0.000090
-0.000090
0.000090
-0.000090
0.000090
-0.000090
0.000090
-0.000090
0.000090
-0.000090
0.000090
-0.000090
0.000090
-0.000090
0.000090
-0.000090
0.000090
-0.000090
0.000090
-0.000090
0.000090
-0.000090
0.000090
-0.000090
0.000090
-0.000090
0.000090
-0.000090
0.000090
-0.000090
0.000090
-0.000090
0.000090
-0.000090
0.000090
-0.000090
0.000090
-0.000090
0.000090
-0.000090
0.000090
-0.000090
0.000090
-0.000090
0.000090
-0.000090
0.000090
-0.000090
0.000090
-0.000090
0.000090
-0.000090
0.000090
-0.000090
0.000090
-0.000090
0.000090
-0.000090
0.000090
-0.000090
0.000090
-0.000090
0.000090
-0.000090
0.000090
-0.000090
0.000090
-0.000090
0.000090
-0.000090
0.000090
-0.000090
0.000090
-0.000090
0.000090
-0.000090
0.000090
-0.000090
0.000090
-0.000090
0.000090
-0.000090
0.000090
-0.000090
0.000090
-0.000090
0.000090
-0.000090
0.000090
-0.000090
0.000090
-0.000090
0.000090
-0.000090
0.000090
-0.000090
0.000090
-0.000090
0.000090
-0.000090
0.000090
-0.000090
0.000090
-0.000090
0.000090
-0.000090
0.000090
-0.000090
0.000090
-0.000090
0.000090
-0.000090
0.000090
-0.000090
0.000090
-0.000090
0.000090
-0.000090
0.000090
-0.000090
0.000090
-0.000090
0.000090
-0.000090
0.000090
-0.000090
0.000090
-0.000090
0.000090
-0.000090
0.000090
-0.000090
0.000090
-0.000090
0.000090
-0.000090
0.000090
-0.000090
0.000090
-0.000090
0.000090
-0.000090
0.000090
-0.000090
0.000090
-0.000090
0.000090
-0.000090
0.000090
-0.000090
0.000090
-0.000090
0.000090
-0.000090
0.000090
-0.000090
0.000090
-0.000090
0.000090
-0.000090
0.000090
-0.000090
0.000090
-0.000090
0.000090
-0.000090
0.000090
-0.000090
0.000090
-0.000090
0.000090
-0.000090
0.000090
-0.000090
0.000090
-0.000090
0.000090
-0.000090
0.000090
-0.000090
0.000090
-0.000090
0.000090
-0.000090
0.000090
-0.000090
0.000090
-0.000090
0.000090
-0.000090
0.000090
-0.000090
0.000090
-0.000090
0.000090
-0.000090
0.000090
-0.000090
0.000090
-0.000090
0.000090
-0.000090
0.000090
-0.000090
0.000090
-0.000090
0.000090
-0.000090
0.000090
-0.000090
0.000090
-0.000090
0.000090
-0.000090
0.000090
-0.000090
0.000090
-0.000090
0.000090
-0.000090
0.000090
-0.000090
0.000090
-0.000090
0.000090
-0.000090
0.000090
-0.000090
0.000090
-0.000090
0.000090
-0.000090
0.000090
-0.000090
0.000090
-0.000090
0.000090
-0.000090
0.000090
-0.000090
0.000090
-0.000090
0.000090
-0.000090
0.000090
-0.000090
0.000090
-0.000090
0.000090
-0.000090
0.000090
-0.000090
0.000090
-0.000090
0.000090
-0.000090
0.000090
-0.000090
0.000090
-0.000090
0.000090
-0.000090
0.000090
-0.000090
0.000090
-0.000090
0.000090
-0.000090
0.000090
-0.000090
0.000090
-0.000090
0.000090
-0.000090
0.000090
-0.000090
0.000090
-0.000090
0.000090
-0.000090
0.000090
-0.000090
0.000090
-0.000090
0.000090
-0.000090
0.000090
-0.000090
0.000090
-0.000090
0.000090
-0.000090
0.000090
-0.000090
0.000090
-0.000090
0.000090
-0.000090
0.000090
-0.000090
0.000090
-0.000090
0.000090
-0.000090
0.000090
-0.000090
0.000090
-0.000090
0.000090
-0.000090
0.000090
-0.000090
0.000090
-0.000090
0.000090
-0.000090
0.000090
-0.000090
0.000090
-0.000090
0.000090
-0.000090
0.000090
-0.000090
0.000090
-0.000090
0.000090
-0.000090
0.000090
-0.000090
0.000090
-0.000090
0.000090
-0.000090
0.000090
-0.000090
0.000090
-0.000090
0.000090
-0.000090
0.000090
-0.000090
0.000090
-0.000090
0.000090
-0.000090
0.000090
-0.000090
0.000090
-0.000090
0.000090
-0.000090
0.000090
-0.000090
0.000090
-0.000090
0.000090
-0.000090
0.000090
-0.000090
0.000090
-0.000090
0.000090
-0.000090
0.000090
-0.000090
0.000090
-0.000090
0.000090
-0.000090
0.000090
-0.000090
0.000090
-0.000090
0.000090
-0.000090
0.000090
-0.000090
0.000090
-0.000090
0.000090
-0.000090
0.000090
-0.000090
0.000090
-0.000090
0.000090
-0.000090
0.000090
-0.000090
0.000090
-0.000090
0.000090
-0.000090
0.000090
-0.000090
0.000090
-0.000090
0.000090
-0.000090
0.000090
-0.000090
0.000090
-0.000090
0.000090
-0.000090
0.000090
-0.000090
0.000090
-0.000090
0.000090
-0.000090
0.000090
-0.000090
0.000090
-0.000090
0.000090
-0.000090
0.000090
-0.000090
0.000090
-0.000090
0.000090
-0.000090
0.000090
-0.000090
0.000090
-0.000090
0.000090
-0.000090
0.000090
-0.000090
0.000090
-0.000090
0.000090
-0.000090
0.000090
-0.000090
0.000090
-0.000090
0.000090
-0.000090
0.000090
-0.000090
0.000090
-0.000090
0.000090
-0.000090
0.000090
-0.000090
0.000090
-0.000090
0.000090
-0.000090
0.000090
-0.000090
0.000090
-0.000090
0.000090
-0.000090
0.000090
-0.000090
0.000090
-0.000090
0.000090
-0.000090
0.000090
-0.000090
0.000090
-0.000090
0.000090
-0.000090
0.000090
-0.000090
0.000090
-0.000090
0.000090
-0.000090
0.000090
-0.000090
0.000090
-0.000090
0.000090
-0.000090
0.000090
-0.000090
0.000090
-0.000090
0.000090
-0.000090
0.000090
-0.000090
0.000090
-0.000090
0.000090
-0.000090
0.000090
-0.000090
0.000090
-0.000090
0.000090
-0.000090
0.000090
-0.000090
0.000090
-0.000090
0.000090
-0.000090
0.000090
-0.000090
0.000090
-0.000090
0.000090
-0.000090
0.000090
-0.000090
0.000090
-0.000090
0.000090
-0.000090
0.000090
-0.000090
0.000090
-0.000090
0.000090
-0.000090
0.000090
-0.000090
0.000090
-0.000090
0.000090
-0.000090
0.000090
-0.000090
0.000090
-0.000090
0.000090
-0.000090
0.000090
-0.000090
0.000090
-0.000090
0.000090
-0.000090
0.000090
-0.000090
0.000090
-0.000090
0.000090
-0.000090
0.000090
-0.000090
0.000090
-0.000090
0.000090
-0.000090
0.000090
-0.000090
0.000090
-0.000090
0.000090
-0.000090
0.000090
-0.000090
0.000090
-0.000090
0.000090
-0.000090
0.000090
-0.000090
0.000090
-0.000090
0.000090
-0.000090
0.000090
-0.000090
0.000090
-0.000090
0.000090
-0.000090
0.000090
-0.000090
0.000090
-0.000090
0.000090
-0.000090
0.000090
-0.000090
0.000090
-0.000090
0.000090
-0.000090
0.000090
-0.000090
0.000090
-0.000090
0.000090
-0.000090
0.000090
-0.000090
0.000090
-0.000090
0.000090
-0.000090
0.000090
-0.000090
0.000090
-0.000090
0.000090
-0.000090
0.000090
-0.000090
0.000090
-0.000090
0.000090
-0.000090
0.000090
-0.000090
0.000090
-0.000090
0.000090
-0.000090
0.000090
-0.000090
0.000090
-0.000090
0.000090
-0.000090
0.000090
-0.000090
0.000090
-0.000090
0.000090
-0.000090
0.000090
-0.000090
0.000090
-0.000090
0.000090
-0.000090
0.000090
-0.000090
0.000090
-0.000090
0.000090
-0.000090
0.000090
-0.000090
0.000090
-0.000090
0.000090
-0.000090
0.000090
-0.000090
0.000090
-0.000090
0.000090
-0.000090
0.000090
-0.000090
0.000090
-0.000090
0.000090
-0.000090
0.000090
-0.000090
0.000090
-0.000090
0.000090
-0.000090
0.000090
-0.000090
0.000090
-0.000090
0.000090
-0.000090
0.000090
-0.000090
0.000090
-0.000090
0.000090
-0.000090
0.000090
-0.000090
0.000090
-0.000090
0.000090
-0.000090
0.000090
-0.000090
0.000090
-0.000090
0.000090
-0.000090
0.000090
-0.000090
0.000090
-0.000090
0.000090
-0.000090
0.000090
-0.000090
0.000090
-0.000090
0.000090
-0.000090
0.000090
-0.000090
0.000090
-0.000090
0.000090
-0.000090
0.000090
-0.000090
0.000090
-0.000090
0.000090
-0.000090
0.000090
-0.000090
0.000090
-0.000090
0.000090
-0.000090
0.000090
-0.000090
0.000090
-0.000090
0.000090
-0.000090
0.000090
-0.000090
0.000090
-0.000090
0.000090
-0.000090
0.000090
-0.000090
0.000090
-0.000090
0.000090
-0.000090
0.000090
-0.000090
0.000090
-0.000090
0.000090
-0.000090
0.000090
-0.000090
0.000090
-0.000090
0.000090
-0.000090
0.000090
-0.000090
0.000090
-0.000090
0.000090
-0.000090
0.000090
-0.000090
0.000090
-0.000090
0.000090
-0.000090
0.000090
-0.000090
0.000090
-0.000090
0.000090
-0.000090
0.000090
-0.000090
0.000090
-0.000090
0.000090
-0.000090
0.000090
-0.000090
0.000090
-0.000090
0.000090
-0.000090
0.000090
-0.000090
0.000090
-0.000090
0.000090
-0.000090
0.000090
-0.000090
0.000090
-0.000090
0.000090
-0.000090
0.000090
-0.000090
0.000090
-0.000090
0.000090
-0.000090
0.000090
-0.000090
0.000090
-0.000090
0.000090
-0.000090
0.000090
-0.000090
0.000090
-0.000090
0.000090
-0.000090
0.000090
-0.000090
0.000090
-0.000090
0.000090
-0.000090
0.000090
-0.000090
0.000090
-0.000090
0.000090
-0.000090
0.000090
-0.000090
0.000090
-0.000090
0.000090
-0.000090
0.000090
-0.000090
0.000090
-0.000090
0.000090
-0.000090
0.000090
-0.000090
0.000090
-0.000090
0.000090
-0.000090
0.000090
-0.000090
0.000090
-0.000090
0.000090
-0.000090
0.000090
-0.000090
0.000090
-0.000090
0.000090
-0.000090
0.000090
-0.000090
0.000090
-0.000090
0.000090
-0.000090
0.000090
-0.000090
0.000090
-0.000090
0.000090
-0.000090
0.000090
-0.000090
0.000090
-0.000090
0.000090
-0.000090
0.000090
-0.000090
0.000090
-0.000090
0.000090
-0.000090
0.000090
-0.000090
0.000090
-0.000090
0.000090
-0.000090
0.000090
-0.000090
0.000090
-0.000090
0.000090
-0.000090
0.000090
-0.000090
0.000090
-0.000090
0.000090
-0.000090
0.000090
-0.000090
0.000090
-0.000090
0.000090
-0.000090
0.000090
-0.000090
0.000090
-0.000090
0.000090
-0.000090
0.000090
-0.000090
0.000090
-0.000090
0.000090
-0.000090
0.000090
-0.000090
0.000090
-0.000090
0.000090
-0.000090
0.000090
-0.000090
0.000090
-0.000090
0.000090
-0.000090
0.000090
-0.000090
0.000090
-0.000090
0.000090
-0.000090
0.000090
-0.000090
0.000090
-0.000090
0.000090
-0.000090
0.000090
-0.000090
0.000090
-0.000090
0.000090
-0.000090
0.000090
-0.000090
0.000090
-0.000090
0.000090
-0.000090
0.000090
-0.000090
0.000090
-0.000090
0.000090
-0.000090
0.000090
-0.000090
0.000090
-0.000090
0.000090
-0.000090
0.000090
-0.000090
0.000090
-0.000090
0.000090
-0.000090
0.000090
-0.000090
0.000090
-0.000090
0.000090
-0.000090
0.000090
-0.000090
0.000090
-0.000090
0.000090
-0.000090
0.000090
-0.000090
0.000090
-0.000090
0.000090
-0.000090
0.000090
-0.000090
0.000090
-0.000090
0.000090
-0.000090
0.000090
-0.000090
0.000090
-0.000090
0.000090
-0.000090
0.000090
-0.000090
0.000090
-0.000090
0.000090
-0.000090
0.000090
-0.000090
0.000090
-0.000090
0.000090
-0.000090
0.000090
-0.000090
0.000090
-0.000090
0.000090
-0.000090
0.000090
-0.000090
0.000090
-0.000090
0.000090
-0.000090
0.000090
-0.000090
0.000090
-0.000090
0.000090
-0.000090
0.000090
-0.000090
0.000090
-0.000090
0.000090
-0.000090
0.000090
-0.000090
0.000090
-0.000090
0.000090
-0.000090
0.000090
-0.000090
0.000090
-0.000090
0.000090
-0.000090
0.000090
-0.000090
0.000090
-0.000090
0.000090
-0.000090
0.000090
-0.000090
0.000090
-0.000090
0.000090
-0.000090
0.000090
-0.000090
0.000090
-0.000090
0.000090
-0.000090
0.000090
-0.000090
0.000090
-0.000090
0.000090
-0.000090
0.000090
-0.000090
0.000090
-0.000090
0.000090
-0.000090
0.000090
-0.000090
0.000090
-0.000090
0.000090
-0.000090
0.000090
-0.000090
0.000090
-0.000090
0.000090
-0.000090
0.000090
-0.000090
0.000090
-0.000090
0.000090
-0.000090
0.000090
-0.000090
0.000090
-0.000090
0.000090
-0.000090
0.000090
-0.000090
0.000090
-0.000090
0.000090
-0.000090
0.000090
-0.000090
0.000090
-0.000090
0.000090
-0.000090
0.000090
-0.000090
0.000090
-0.000090
0.000090
-0.000090
0.000090
-0.000090
0.000090
-0.000090
0.000090
-0.000090
0.000090
-0.000090
0.000090
-0.000090
0.000090
-0.000090
0.000090
-0.000090
0.000090
-0.000090
0.000090
-0.000090
0.000090
-0.000090
0.000090
-0.000090
0.000090
-0.000090
0.000090
-0.000090
0.000090
-0.000090
0.000090
-0.000090
0.000090
-0.000090
0.000090
-0.000090
0.000090
-0.000090
0.000090
-0.000090
0.000090
-0.000090
0.000090
-0.000090
0.000090
-0.000090
0.000090
-0.000090
0.000090
-0.000090
0.000090
-0.000090
0.000090
-0.000090
0.000090
-0.000090
0.000090
-0.000090
0.000090
-0.000090
0.000090
-0.000090
0.000090
-0.000090
0.000090
-0.000090
0.000090
-0.000090
0.000090
-0.000090
0.000090
-0.000090
0.000090
-0.000090
0.000090
-0.000090
0.000090
-0.000090
0.000090
-0.000090
0.000090
-0.000090
0.000090
-0.000090
0.000090
-0.000090
0.000090
-0.000090
0.000090
-0.000090
0.000090
-0.000090
0.000090
-0.000090
0.000090
-0.000090
0.000090
-0.000090
0.000090
-0.000090
0.000090
-0.000090
0.000090
-0.000090
0.000090
-0.000090
0.000090
-0.000090
0.000090
-0.000090
0.000090
-0.000090
0.000090
-0.000090
0.000090
-0.000090
0.000090
-0.000090
0.000090
-0.000090
0.000090
-0.000090
0.000090
-0.000090
0.000090
-0.000090
0.000090
-0.000090
0.000090
-0.000090
0.000090
-0.000090
0.000090
-0.000090
0.000090
-0.000090
0.000090
-0.000090
0.000090
-0.000090
0.000090
-0.000090
0.000090
-0.000090
0.000090
-0.000090
0.000090
-0.000090
0.000090
-0.000090
0.000090
-0.000090
0.000090
-0.000090
0.000090
-0.000090
0.000090
-0.000090
0.000090
-0.000090
0.000090
-0.000090
0.000090
-0.000090
0.000090
-0.000090
0.000090
-0.000090
0.000090
-0.000090
0.000090
-0.000090
0.000090
-0.000090
0.000090
-0.000090
0.000090
-0.000090
0.000090
-0.000090
0.000090
-0.000090
0.000090
-0.000090
0.000090
-0.000090
0.000090
-0.000090
0.000090
-0.000090
0.000090
-0.000090
0.000090
-0.000090
0.000090
-0.000090
0.000090
-0.000090
0.000090
-0.000090
0.000090
-0.000090
0.000090
-0.000090
0.000090
-0.000090
0.000090
-0.000090
0.000090
-0.000090
0.000090
-0.000090
0.000090
-0.000090
0.000090
-0.000090
0.000090
-0.000090
0.000090
-0.000090
0.000090
-0.000090
0.000090
-0.000090
0.000090
-0.000090
0.000090
-0.000090
0.000090
-0.000090
0.000090
-0.000090
0.000090
-0.000090
0.000090
-0.000090
0.000090
-0.000090
0.000090
-0.000090
0.000090
-0.000090
0.000090
-0.000090
0.000090
-0.000090
0.000090
-0.000090
0.000090
-0.000090
0.000090
-0.000090
0.000090
-0.000090
0.000090
-0.000090
0.000090
-0.000090
0.000090
-0.000090
0.000090
-0.000090
0.000090
-0.000090
0.000090
-0.000090
0.000090
-0.000090
0.000090
-0.000090
0.000090
-0.000090
0.000090
-0.000090
0.000090
-0.000090
0.000090
-0.000090
0.000090
-0.000090
0.000090
-0.000090
0.000090
-0.000090
0.000090
-0.000090
0.000090
-0.000090
0.000090
-0.000090
0.000090
-0.000090
0.000090
-0.000090
0.000090
-0.000090
0.000090
-0.000090
0.000090
-0.000090
0.000090
-0.000090
0.000090
-0.000090
0.000090
-0.000090
0.000090
-0.000090
0.000090
-0.000090
0.000090
-0.000090
0.000090
-0.000090
0.000090
-0.000090
0.000090
-0.000090
0.000090
-0.000090
0.000090
-0.000090
0.000090
-0.000090
0.000090
-0.000090
0.000090
-0.000090
0.000090
-0.000090
0.000090
-0.000090
0.000090
-0.000090
0.000090
-0.000090
0.000090
-0.000090
0.000090
-0.000090
0.000090
-0.000090
0.000090
-0.000090
0.000090
-0.000090
0.000090
-0.000090
0.000090
-0.000090
0.000090
-0.000090
0.000090
-0.000090
0.000090
-0.000090
0.000090
-0.000090
0.000090
-0.000090
0.000090
-0.000090
0.000090
-0.000090
0.000090
-0.000090
0.000090
-0.000090
0.000090
-0.000090
0.000090
-0.000090
0.000090
-0.000090
0.000090
-0.000090
0.000090
-0.000090
0.000090
-0.000090
0.000090
-0.000090
0.000090
-0.000090
0.000090
-0.000090
0.000090
-0.000090
0.000090
-0.000090
0.000090
-0.000090
0.000090
-0.000090
0.000090
-0.000090
0.000090
-0.000090
0.000090
-0.000090
0.000090
-0.000090
0.000090
-0.000090
0.000090
-0.000090
0.000090
-0.000090
0.000090
-0.000090
0.000090
-0.000090
0.000090
-0.000090
0.000090
-0.000090
0.000090
-0.000090
0.000090
-0.000090
0.000090
-0.000090
0.000090
-0.000090
0.000090
-0.000090
0.000090
-0.000090
0.000090
-0.000090
0.000090
-0.000090
0.000090
-0.000090
0.000090
-0.000090
0.000090
-0.000090
0.000090
-0.000090
0.000090
-0.000090
0.000090
-0.000090
0.000090
-0.000090
0.000090
-0.000090
0.000090
-0.000090
0.000090
-0.000090
0.000090
-0.000090
0.000090
-0.000090
0.000090
-0.000090
0.000090
-0.000090
0.000090
-0.000090
0.000090
-0.000090
0.000090
-0.000090
0.000090
-0.000090
0.000090
-0.000090
0.000090
-0.000090
0.000090
-0.000090
0.000090
-0.000090
0.000090
-0.000090
0.000090
-0.000090
0.000090
-0.000090
0.000090
-0.000090
0.000090
-0.000090
0.000090
-0.000090
0.000090
-0.000090
0.000090
-0.000090
0.000090
-0.000090
0.000090
-0.000090
0.000090
-0.000090
0.000090
-0.000090
0.000090
-0.000090
0.000090
-0.000090
0.000090
-0.000090
0.000090
-0.000090
0.000090
-0.000090
0.000090
-0.000090
0.000090
-0.000090
0.000090
-0.000090
0.000090
-0.000090
0.000090
-0.000090
0.000090
-0.000090
0.000090
-0.000090
0.000090
-0.000090
0.000090
-0.000090
0.000090
-0.000090
0.000090
-0.000090
0.000090
-0.000090
0.000090
-0.000090
0.000090
-0.000090
0.000090
-0.000090
0.000090
-0.000090
0.000090
-0.000090
0.000090
-0.000090
0.000090
-0.000090
0.000090
-0.000090
0.000090
-0.000090
0.000090
-0.000090
0.000090
-0.000090
0.000090
-0.000090
0.000090
-0.000090
0.000090
-0.000090
0.000090
-0.000090
0.000090
-0.000090
0.000090
-0.000090
0.000090
-0.000090
0.000090
-0.000090
0.000090
-0.000090
0.000090
-0.000090
0.000090
-0.000090
0.000090
-0.000090
0.000090
-0.000090
0.000090
-0.000090
0.000090
-0.000090
0.000090
-0.000090
0.000090
-0.000090
0.000090
-0.000090
0.000090
-0.000090
0.000090
-0.000090
0.000090
-0.000090
0.000090
-0.000090
0.000090
-0.000090
0.000090
-0.000090
0.000090
-0.000090
0.000090
-0.000090
0.000090
-0.000090
0.000090
-0.000090
0.000090
-0.000090
0.000090
-0.000090
0.000090
-0.000090
0.000090
-0.000090
0.000090
-0.000090
0.000090
-0.000090
0.000090
-0.000090
0.000090
-0.000090
0.000090
-0.000090
0.000090
-0.000090
0.000090
-0.000090
0.000090
-0.000090
0.000090
-0.000090
0.000090
-0.000090
0.000090
-0.000090
0.000090
-0.000090
0.000090
-0.000090
0.000090
-0.000090
0.000090
-0.000090
0.000090
-0.000090
0.000090
-0.000090
0.000090
-0.000090
0.000090
-0.000090
0.000090
-0.000090
0.000090
-0.000090
0.000090
-0.000090
0.000090
-0.000090
0.000090
-0.000090
0.000090
-0.000090
0.000090
-0.000090
0.000090
-0.000090
0.000090
-0.000090
0.000090
-0.000090
0.000090
-0.000090
0.000090
-0.000090
0.000090
-0.000090
0.000090
-0.000090
0.000090
-0.000090
0.000090
-0.000090
0.000090
-0.000090
0.000090
-0.000090
0.000090
-0.000090
0.000090
-0.000090
0.000090
-0.000090
0.000090
-0.000090
0.000090
-0.000090
0.000090
-0.000090
0.000090
-0.000090
0.000090
-0.000090
0.000090
-0.000090
0.000090
-0.000090
0.000090
-0.000090
0.000090
-0.000090
0.000090
-0.000090
0.000090
-0.000090
0.000090
-0.000090
0.000090
-0.000090
0.000090
-0.000090
0.000090
-0.000090
0.000090
-0.000090
0.000090
-0.000090
0.000090
-0.000090
0.000090
-0.000090
0.000090
-0.000090
0.000090
-0.000090
0.000090
-0.000090
0.000090
-0.000090
0.000090
-0.000090
0.000090
-0.000090
0.000090
-0.000090
0.000090
-0.000090
0.000090
-0.000090
0.000090
-0.000090
0.000090
-0.000090
0.000090
-0.000090
0.000090
-0.000090
0.000090
-0.000090
0.000090
-0.000090
0.000090
-0.000090
0.000090
-0.000090
0.000090
-0.000090
0.000090
-0.000090
0.000090
-0.000090
0.000090
-0.000090
0.000090
-0.000090
0.000090
-0.000090
0.000090
-0.000090
0.000090
-0.000090
0.000090
-0.000090
0.000090
-0.000090
0.000090
-0.000090
0.000090
-0.000090
0.000090
-0.000090
0.000090
-0.000090
0.000090
-0.000090
0.000090
-0.000090
0.000090
-0.000090
0.000090
-0.000090
0.000090
-0.000090
0.000090
-0.000090
0.000090
-0.000090
0.000090
-0.000090
0.000090
-0.000090
0.000090
-0.000090
0.000090
-0.000090
0.000090
-0.000090
0.000090
-0.000090
0.000090
-0.000090
0.000090
-0.000090
0.000090
-0.000090
0.000090
-0.000090
0.000090
-0.000090
0.000090
-0.000090
0.000090
-0.000090
0.000090
-0.000090
0.000090
-0.000090
0.000090
-0.000090
0.000090
-0.000090
0.000090
-0.000090
0.000090
-0.000090
0.000090
-0.000090
0.000090
-0.000090
0.000090
-0.000090
0.000090
-0.000090
0.000090
-0.000090
0.000090
-0.000090
0.000090
-0.000090
0.000090
-0.000090
0.000090
-0.000090
0.000090
-0.000090
0.000090
-0.000090
0.000090
-0.000090
0.000090
-0.000090
0.000090
-0.000090
0.000090
-0.000090
0.000090
-0.000090
0.000090
-0.000090
0.000090
-0.000090
0.000090
-0.000090
0.000090
-0.000090
0.000090
-0.000090
0.000090
-0.000090
0.000090
-0.000090
0.000090
-0.000090
0.000090
-0.000090
0.000090
-0.000090
0.000090
-0.000090
0.000090
-0.000090
0.000090
-0.000090
0.000090
-0.000090
0.000090
-0.000090
0.000090
-0.000090
0.000090
-0.000090
0.000090
-0.000090
0.000090
-0.000090
0.000090
-0.000090
0.000090
-0.000090
0.000090
-0.000090
0.000090
-0.000090
0.000090
-0.000090
0.000090
-0.000090
0.000090
-0.000090
0.000090
-0.000090
0.000090
-0.000090
0.000090
-0.000090
0.000090
-0.000090
0.000090
-0.000090
0.000090
-0.000090
0.000090
-0.000090
0.000090
-0.000090
0.000090
-0.000090
0.000090
-0.000090
0.000090
-0.000090
0.000090
-0.000090
0.000090
-0.000090
0.000090
-0.000090
0.000090
-0.000090
0.000090
-0.000090
0.000090
-0.000090
0.000090
-0.000090
0.000090
-0.000090
0.000090
-0.000090
0.000090
-0.000090
0.000090
-0.000090
0.000090
-0.000090
0.000090
-0.000090
0.000090
-0.000090
0.000090
-0.000090
0.000090
-0.000090
0.000090
-0.000090
0.000090
-0.000090
0.000090
-0.000090
0.000090
-0.000090
0.000090
-0.000090
0.000090
-0.000090
0.000090
-0.000090
0.000090
-0.000090
0.000090
-0.000090
0.000090
-0.000090
0.000090
-0.000090
0.000090
-0.000090
0.000090
-0.000090
0.000090
-0.000090
0.000090
-0.000090
0.000090
-0.000090
0.000090
-0.000090
0.000090
-0.000090
0.000090
-0.000090
0.000090
-0.000090
0.000090
-0.000090
0.000090
-0.000090
0.000090
-0.000090
0.000090
-0.000090
0.000090
-0.000090
0.000090
-0.000090
0.000090
-0.000090
0.000090
-0.000090
0.000090
-0.000090
0.000090
-0.000090
0.000090
-0.000090
0.000090
-0.000090
0.000090
-0.000090
0.000090
-0.000090
0.000090
-0.000090
0.000090
-0.000090
0.000090
-0.000090
0.000090
-0.000090
0.000090
-0.000090
0.000090
-0.000090
0.000090
-0.000090
0.000090
-0.000090
0.000090
-0.000090
0.000090
-0.000090
0.000090
-0.000090
0.000090
-0.000090
0.000090
-0.000090
0.000090
-0.000090
0.000090
-0.000090
0.000090
-0.000090
0.000090
-0.000090
0.000090
-0.000090
0.000090
-0.000090
0.000090
-0.000090
0.000090
-0.000090
0.000090
-0.000090
0.000090
-0.000090
0.000090
-0.000090
0.000090
-0.000090
0.000090
-0.000090
0.000090
-0.000090
0.000090
-0.000090
0.000090
-0.000090
0.000090
-0.000090
0.000090
-0.000090
0.000090
-0.000090
0.000090
-0.000090
0.000090
-0.000090
0.000090
-0.000090
0.000090
-0.000090
0.000090
-0.000090
0.000090
-0.000090
0.000090
-0.000090
0.000090
-0.000090
0.000090
-0.000090
0.000090
-0.000090
0.000090
-0.000090
0.000090
-0.000090
0.000090
-0.000090
0.000090
-0.000090
0.000090
-0.000090
0.000090
-0.000090
0.000090
-0.000090
0.000090
-0.000090
0.000090
-0.000090
0.000090
-0.000090
0.000090
-0.000090
0.000090
-0.000090
0.000090
-0.000090
0.000090
-0.000090
0.000090
-0.000090
0.000090
-0.000090
0.000090
-0.000090
0.000090
-0.000090
0.000090
-0.000090
0.000090
-0.000090
0.000090
-0.000090
0.000090
-0.000090
0.000090
-0.000090
0.000090
-0.000090
0.000090
-0.000090
0.000090
-0.000090
0.000090
-0.000090
0.000090
-0.000090
0.000090
-0.000090
0.000090
-0.000090
0.000090
-0.000090
0.000090
-0.000090
0.000090
-0.000090
0.000090
-0.000090
0.000090
-0.000090
0.000090
-0.000090
0.000090
-0.000090
0.000090
-0.000090
0.000090
-0.000090
0.000090
-0.000090
0.000090
-0.000090
0.000090
-0.000090
0.000090
-0.000090
0.000090
-0.000090
0.000090
-0.000090
0.000090
-0.000090
0.000090
-0.000090
0.000090
-0.000090
0.000090
-0.000090
0.000090
-0.000090
0.000090
-0.000090
0.000090
-0.000090
0.000090
-0.000090
0.000090
-0.000090
0.000090
-0.000090
0.000090
-0.000090
0.000090
-0.000090
0.000090
-0.000090
0.000090
-0.000090
0.000090
-0.000090
0.000090
-0.000090
0.000090
-0.000090
0.000090
-0.000090
0.000090
-0.000090
0.000090
-0.000090
0.000090
-0.000090
0.000090
-0.000090
0.000090
-0.000090
0.000090
-0.000090
0.000090
-0.000090
0.000090
-0.000090
0.000090
-0.000090
0.000090
-0.000090
0.000090
-0.000090
0.000090
-0.000090
0.000090
-0.000090
0.000090
-0.000090
0.000090
-0.000090
0.000090
-0.000090
0.000090
-0.000090
0.000090
-0.000090
0.000090
-0.000090
0.000090
-0.000090
0.000090
-0.000090
0.000090
-0.000090
0.000090
-0.000090
0.000090
-0.000090
0.000090
-0.000090
0.000090
-0.000090
0.000090
-0.000090
0.000090
-0.000090
0.000090
-0.000090
0.000090
-0.000090
0.000090
-0.000090
0.000090
-0.000090
0.000090
-0.000090
0.000090
-0.000090
0.000090
-0.000090
0.000090
-0.000090
0.000090
-0.000090
0.000090
-0.000090
0.000090
-0.000090
0.000090
-0.000090
0.000090
-0.000090
0.000090
-0.000090
0.000090
-0.000090
0.000090
-0.000090
0.000090
-0.000090
0.000090
-0.000090
0.000090
-0.000090
0.000090
-0.000090
0.000090
-0.000090
0.000090
-0.000090
0.000090
-0.000090
0.000090
-0.000090
0.000090
-0.000090
0.000090
-0.000090
0.000090
-0.000090
0.000090
-0.000090
0.000090
-0.000090
0.000090
-0.000090
0.000090
-0.000090
0.000090
-0.000090
0.000090
-0.000090
0.000090
-0.000090
0.000090
-0.000090
0.000090
-0.000090
0.000090
-0.000090
0.000090
-0.000090
0.000090
-0.000090
0.000090
-0.000090
0.000090
-0.000090
0.000090
-0.000090
0.000090
-0.000090
0.000090
-0.000090
0.000090
-0.000090
0.000090
-0.000090
0.000090
-0.000090
0.000090
-0.000090
0.000090
-0.000090
0.000090
-0.000090
0.000090
-0.000090
0.000090
-0.000090
0.000090
-0.000090
0.000090
-0.000090
0.000090
-0.000090
0.000090
-0.000090
0.000090
-0.000090
0.000090
-0.000090
0.000090
-0.000090
0.000090
-0.000090
0.000090
-0.000090
0.000090
-0.000090
0.000090
-0.000090
0.000090
-0.000090
0.000090
-0.000090
0.000090
-0.000090
0.000090
-0.000090
0.000090
-0.000090
0.000090
-0.000090
0.000090
-0.000090
0.000090
-0.000090
0.000090
-0.000090
0.000090
-0.000090
0.000090
-0.000090
0.000090
-0.000090
0.000090
-0.000090
0.000090
-0.000090
0.000090
-0.000090
0.000090
-0.000090
0.000090
-0.000090
0.000090
-0.000090
0.000090
-0.000090
0.000090
-0.000090
0.000090
-0.000090
0.000090
-0.000090
0.000090
-0.000090
0.000090
-0.000090
0.000090
-0.000090
0.000090
-0.000090
0.000090
-0.000090
0.000090
-0.000090
0.000090
-0.000090
0.000090
-0.000090
0.000090
-0.000090
0.000090
-0.000090
0.000090
-0.000090
0.000090
-0.000090
0.000090
-0.000090
0.000090
-0.000090
0.000090
-0.000090
0.000090
-0.000090
0.000090
-0.000090
0.000090
-0.000090
0.000090
-0.000090
0.000090
-0.000090
0.000090
-0.000090
0.000090
-0.000090
0.000090
-0.000090
0.000090
-0.000090
0.000090
-0.000090
0.000090
-0.000090
0.000090
-0.000090
0.000090
-0.000090
0.000090
-0.000090
0.000090
-0.000090
0.000090
-0.000090
0.000090
-0.000090
0.000090
-0.000090
0.000090
-0.000090
0.000090
-0.000090
0.000090
-0.000090
0.000090
-0.000090
0.000090
-0.000090
0.000090
-0.000090
0.000090
-0.000090
0.000090
-0.000090
0.000090
-0.000090
0.000090
-0.000090
0.000090
-0.000090
0.000090
-0.000090
0.000090
-0.000090
0.000090
-0.000090
0.000090
-0.000090
0.000090
-0.000090
0.000090
-0.000090
0.000090
-0.000090
0.000090
-0.000090
0.000090
-0.000090
0.000090
-0.000090
0.000090
-0.000090
0.000090
-0.000090
0.000090
-0.000090
0.000090
-0.000090
0.000090
-0.000090
0.000090
-0.000090
0.000090
-0.000090
0.000090
-0.000090
0.000090
-0.000090
0.000090
-0.000090
0.000090
-0.000090
0.000090
-0.000090
0.000090
-0.000090
0.000090
-0.000090
0.000090
-0.000090
0.000090
-0.000090
0.000090
-0.000090
0.000090
-0.000090
0.000090
-0.000090
0.000090
-0.000090
0.000090
-0.000090
0.000090
-0.000090
0.000090
-0.000090
0.000090
-0.000090
0.000090
-0.000090
0.000090
-0.000090
0.000090
-0.000090
0.000090
-0.000090
0.000090
-0.000090
0.000090
-0.000090
0.000090
-0.000090
0.000090
-0.000090
0.000090
-0.000090
0.000090
-0.000090
0.000090
-0.000090
0.000090
-0.000090
0.000090
-0.000090
0.000090
-0.000090
0.000090
-0.000090
0.000090
-0.000090
0.000090
-0.000090
0.000090
-0.000090
0.000090
-0.000090
0.000090
-0.000090
0.000090
-0.000090
0.000090
-0.000090
0.000090
-0.000090
0.000090
-0.000090
0.000090
-0.000090
0.000090
-0.000090
0.000090
-0.000090
0.000090
-0.000090
0.000090
-0.000090
0.000090
-0.000090
0.000090
-0.000090
0.000090
-0.000090
0.000090
-0.000090
0.000090
-0.000090
0.000090
-0.000090
0.000090
-0.000090
0.000090
-0.000090
0.000090
-0.000090
0.000090
-0.000090
0.000090
-0.000090
0.000090
-0.000090
0.000090
-0.000090
0.000090
-0.000090
0.000090
-0.000090
0.000090
-0.000090
0.000090
-0.000090
0.000090
-0.000090
0.000090
-0.000090
0.000090
-0.000090
0.000090
-0.000090
0.000090
-0.000090
0.000090
-0.000090
0.000090
-0.000090
0.000090
-0.000090
0.000090
-0.000090
0.000090
-0.000090
0.000090
-0.000090
0.000090
-0.000090
0.000090
-0.000090
0.000090
-0.000090
0.000090
-0.000090
0.000090
-0.000090
0.000090
-0.000090
0.000090
-0.000090
0.000090
-0.000090
0.000090
-0.000090
0.000090
-0.000090
0.000090
-0.000090
0.000090
-0.000090
0.000090
-0.000090
0.000090
-0.000090
0.000090
-0.000090
0.000090
-0.000090
0.000090
-0.000090
0.000090
-0.000090
0.000090
-0.000090
0.000090
-0.000090
0.000090
-0.000090
0.000090
-0.000090
0.000090
-0.000090
0.000090
-0.000090
0.000090
-0.000090
0.000090
-0.000090
0.000090
-0.000090
0.000090
-0.000090
0.000090
-0.000090
0.000090
-0.000090
0.000090
-0.000090
0.000090
-0.000090
0.000090
-0.000090
0.000090
-0.000090
0.000090
-0.000090
0.000090
-0.000090
0.000090
-0.000090
0.000090
-0.000090
0.000090
-0.000090
0.000090
-0.000090
0.000090
-0.000090
0.000090
-0.000090
0.000090
-0.000090
0.000090
-0.000090
0.000090
-0.000090
0.000090
-0.000090
0.000090
-0.000090
0.000090
-0.000090
0.000090
-0.000090
0.000090
-0.000090
0.000090
-0.000090
0.000090
-0.000090
0.000090
-0.000090
0.000090
-0.000090
0.000090
-0.000090
0.000090
-0.000090
0.000090
-0.000090
0.000090
-0.000090
0.000090
-0.000090
0.000090
-0.000090
0.000090
-0.000090
0.000090
-0.000090
0.000090
-0.000090
0.000090
-0.000090
0.000090
-0.000090
0.000090
-0.000090
0.000090
-0.000090
0.000090
-0.000090
0.000090
-0.000090
0.000090
-0.000090
0.000090
-0.000090
0.000090
-0.000090
0.000090
-0.000090
0.000090
-0.000090
0.000090
-0.000090
0.000090
-0.000090
0.000090
-0.000090
0.000090
-0.000090
0.000090
-0.000090
0.000090
-0.000090
0.000090
-0.000090
0.000090
-0.000090
0.000090
-0.000090
0.000090
-0.000090
0.000090
-0.000090
0.000090
-0.000090
0.000090
-0.000090
0.000090
-0.000090
0.000090
-0.000090
0.000090
-0.000090
0.000090
-0.000090
0.000090
-0.000090
0.000090
-0.000090
0.000090
-0.000090
0.000090
-0.000090
0.000090
-0.000090
0.000090
-0.000090
0.000090
-0.000090
0.000090
-0.000090
0.000090
-0.000090
0.000090
-0.000090
0.000090
-0.000090
0.000090
-0.000090
0.000090
-0.000090
0.000090
-0.000090
0.000090
-0.000090
0.000090
-0.000090
0.000090
-0.000090
0.000090
-0.000090
0.000090
-0.000090
0.000090
-0.000090
0.000090
-0.000090
0.000090
-0.000090
0.000090
-0.000090
0.000090
-0.000090
0.000090
-0.000090
0.000090
-0.000090
0.000090
-0.000090
0.000090
-0.000090
0.000090
-0.000090
0.000090
-0.000090
0.000090
-0.000090
0.000090
-0.000090
0.000090
-0.000090
0.000090
-0.000090
0.000090
-0.000090
0.000090
-0.000090
0.000090
-0.000090
0.000090
-0.000090
0.000090
-0.000090
0.000090
-0.000090
0.000090
-0.000090
0.000090
-0.000090
0.000090
-0.000090
0.000090
-0.000090
0.000090
-0.000090
0.000090
-0.000090
0.000090
-0.000090
0.000090
-0.000090
0.000090
-0.000090
0.000090
-0.000090
0.000090
-0.000090
0.000090
-0.000090
0.000090
-0.000090
0.000090
-0.000090
0.000090
-0.000090
0.000090
-0.000090
0.000090
-0.000090
0.000090
-0.000090
0.000090
-0.000090
0.000090
-0.000090
0.000090
-0.000090
0.000090
-0.000090
0.000090
-0.000090
0.000090
-0.000090
0.000090
-0.000090
0.000090
-0.000090
0.000090
-0.000090
0.000090
-0.000090
0.000090
-0.000090
0.000090
-0.000090
0.000090
-0.000090
0.000090
-0.000090
0.000090
-0.000090
0.000090
-0.000090
0.000090
-0.000090
0.000090
-0.000090
0.000090
-0.000090
0.000090
-0.000090
0.000090
-0.000090
0.000090
-0.000090
0.000090
-0.000090
0.000090
-0.000090
0.000090
-0.000090
0.000090
-0.000090
0.000090
-0.000090
0.000090
-0.000090
0.000090
-0.000090
0.000090
-0.000090
0.000090
-0.000090
0.000090
-0.000090
0.000090
-0.000090
0.000090
-0.000090
0.000090
-0.000090
0.000090
-0.000090
0.000090
-0.000090
0.000090
-0.000090
0.000090
-0.000090
0.000090
-0.000090
0.000090
-0.000090
0.000090
-0.000090
0.000090
-0.000090
0.000090
-0.000090
0.000090
-0.000090
0.000090
-0.000090
0.000090
-0.000090
0.000090
-0.000090
0.000090
-0.000090
0.000090
-0.000090
0.000090
-0.000090
0.000090
-0.000090
0.000090
-0.000090
0.000090
-0.000090
0.000090
-0.000090
0.000090
-0.000090
0.000090
-0.000090
0.000090
-0.000090
0.000090
-0.000090
0.000090
-0.000090
0.000090
-0.000090
0.000090
-0.000090
0.000090
-0.000090
0.000090
-0.000090
0.000090
-0.000090
0.000090
-0.000090
0.000090
-0.000090
0.000090
-0.000090
0.000090
-0.000090
0.000090
-0.000090
0.000090
-0.000090
0.000090
-0.000090
0.000090
-0.000090
0.000090
-0.000090
0.000090
-0.000090
0.000090
-0.000090
0.000090
-0.000090
0.000090
-0.000090
0.000090
-0.000090
0.000090
-0.000090
0.000090
-0.000090
0.000090
-0.000090
0.000090
-0.000090
0.000090
-0.000090
0.000090
-0.000090
0.000090
-0.000090
0.000090
-0.000090
0.000090
-0.000090
0.000090
-0.000090
0.000090
-0.000090
0.000090
-0.000090
0.000090
-0.000090
0.000090
-0.000090
0.000090
-0.000090
0.000090
-0.000090
0.000090
-0.000090
0.000090
-0.000090
0.000090
-0.000090
0.000090
-0.000090
0.000090
-0.000090
0.000090
-0.000090
0.000090
-0.000090
0.000090
-0.000090
0.000090
-0.000090
0.000090
-0.000090
0.000090
-0.000090
0.000090
-0.000090
0.000090
-0.000090
0.000090
-0.000090
0.000090
-0.000090
0.000090
-0.000090
0.000090
-0.000090
0.000090
-0.000090
0.000090
-0.000090
0.000090
-0.000090
0.000090
-0.000090
0.000090
-0.000090
0.000090
-0.000090
0.000090
-0.000090
0.000090
-0.000090
0.000090
-0.000090
0.000090
-0.000090
0.000090
-0.000090
0.000090
-0.000090
0.000090
-0.000090
0.000090
-0.000090
0.000090
-0.000090
0.000090
-0.000090
0.000090
-0.000090
0.000090
-0.000090
0.000090
-0.000090
0.000090
-0.000090
0.000090
-0.000090
0.000090
-0.000090
0.000090
-0.000090
0.000090
-0.000090
0.000090
-0.000090
0.000090
-0.000090
0.000090
-0.000090
0.000090
-0.000090
0.000090
-0.000090
0.000090
-0.000090
0.000090
-0.000090
0.000090
-0.000090
0.000090
-0.000090
0.000090
-0.000090
0.000090
-0.000090
0.000090
-0.000090
0.000090
-0.000090
0.000090
-0.000090
0.000090
-0.000090
0.000090
-0.000090
0.000090
-0.000090
0.000090
-0.000090
0.000090
-0.000090
0.000090
-0.000090
0.000090
-0.000090
0.000090
-0.000090
0.000090
-0.000090
0.000090
-0.000090
0.000090
-0.000090
0.000090
-0.000090
0.000090
-0.000090
0.000090
-0.000090
0.000090
-0.000090
0.000090
-0.000090
0.000090
-0.000090
0.000090
-0.000090
0.000090
-0.000090
0.000090
-0.000090
0.000090
-0.000090
0.000090
-0.000090
0.000090
-0.000090
0.000090
-0.000090
0.000090
-0.000090
0.000090
-0.000090
0.000090
-0.000090
0.000090
-0.000090
0.000090
-0.000090
0.000090
-0.000090
0.000090
-0.000090
0.000090
-0.000090
0.000090
-0.000090
0.000090
-0.000090
0.000090
-0.000090
0.000090
-0.000090
0.000090
-0.000090
0.000090
-0.000090
0.000090
-0.000090
0.000090
-0.000090
0.000090
-0.000090
0.000090
-0.000090
0.000090
-0.000090
0.000090
-0.000090
0.000090
-0.000090
0.000090
-0.000090
0.000090
-0.000090
0.000090
-0.000090
0.000090
-0.000090
0.000090
-0.000090
0.000090
-0.000090
0.000090
-0.000090
0.000090
-0.000090
0.000090
-0.000090
0.000090
-0.000090
0.000090
-0.000090
0.000090
-0.000090
0.000090
-0.000090
0.000090
-0.000090
0.000090
-0.000090
0.000090
-0.000090
0.000090
-0.000090
0.000090
-0.000090
0.000090
-0.000090
0.000090
-0.000090
0.000090
-0.000090
0.000090
-0.000090
0.000090
-0.000090
0.000090
-0.000090
0.000090
-0.000090
0.000090
-0.000090
0.000090
-0.000090
0.000090
-0.000090
0.000090
-0.000090
0.000090
-0.000090
0.000090
-0.000090
0.000090
-0.000090
0.000090
-0.000090
0.000090
-0.000090
0.000090
-0.000090
0.000090
-0.000090
0.000090
-0.000090
0.000090
-0.000090
0.000090
-0.000090
0.000090
-0.000090
0.000090
-0.000090
0.000090
-0.000090
0.000090
-0.000090
0.000090
-0.000090
0.000090
-0.000090
0.000090
-0.000090
0.000090
-0.000090
0.000090
-0.000090
0.000090
-0.000090
0.000090
-0.000090
0.000090
-0.000090
0.000090
-0.000090
0.000090
-0.000090
0.000090
-0.000090
0.000090
-0.000090
0.000090
-0.000090
0.000090
-0.000090
0.000090
-0.000090
0.000090
-0.000090
0.000090
-0.000090
0.000090
-0.000090
0.000090
-0.000090
0.000090
-0.000090
0.000090
-0.000090
0.000090
-0.000090
0.000090
-0.000090
0.000090
-0.000090
0.000090
-0.000090
0.000090
-0.000090
0.000090
-0.000090
0.000090
-0.000090
0.000090
-0.000090
0.000090
-0.000090
0.000090
-0.000090
0.000090
-0.000090
0.000090
-0.000090
0.000090
-0.000090
0.000090
-0.000090
0.000090
-0.000090
0.000090
-0.000090
0.000090
-0.000090
0.000090
-0.000090
0.000090
-0.000090
0.000090
-0.000090
0.000090
-0.000090
0.000090
-0.000090
0.000090
-0.000090
0.000090
-0.000090
0.000090
-0.000090
0.000090
-0.000090
0.000090
-0.000090
0.000090
-0.000090
0.000090
-0.000090
0.000090
-0.000090
0.000090
-0.000090
0.000090
-0.000090
0.000090
-0.000090
0.000090
-0.000090
0.000090
-0.000090
0.000090
-0.000090
0.000090
-0.000090
0.000090
-0.000090
0.000090
-0.000090
0.000090
-0.000090
0.000090
-0.000090
0.000090
-0.000090
0.000090
-0.000090
0.000090
-0.000090
0.000090
-0.000090
0.000090
-0.000090
0.000090
-0.000090
0.000090
-0.000090
0.000090
-0.000090
0.000090
-0.000090
0.000090
-0.000090
0.000090
-0.000090
0.000090
-0.000090
0.000090
-0.000090
0.000090
-0.000090
0.000090
-0.000090
0.000090
-0.000090
0.000090
-0.000090
0.000090
-0.000090
0.000090
-0.000090
0.000090
-0.000090
0.000090
-0.000090
0.000090
-0.000090
0.000090
-0.000090
0.000090
-0.000090
0.000090
-0.000090
0.000090
-0.000090
0.000090
-0.000090
0.000090
-0.000090
0.000090
-0.000090
0.000090
-0.000090
0.000090
-0.000090
0.000090
-0.000090
0.000090
-0.000090
0.000090
-0.000090
0.000090
-0.000090
0.000090
-0.000090
0.000090
-0.000090
0.000090
-0.000090
0.000090
-0.000090
0.000090
-0.000090
0.000090
-0.000090
0.000090
-0.000090
0.000090
-0.000090
0.000090
-0.000090
0.000090
-0.000090
0.000090
-0.000090
0.000090
-0.000090
0.000090
-0.000090
0.000090
-0.000090
0.000090
-0.000090
0.000090
-0.000090
0.000090
-0.000090
0.000090
-0.000090
0.000090
-0.000090
0.000090
-0.000090
0.000090
-0.000090
0.000090
-0.000090
0.000090
-0.000090
0.000090
-0.000090
0.000090
-0.000090
0.000090
-0.000090
0.000090
-0.000090
0.000090
-0.000090
0.000090
-0.000090
0.000090
-0.000090
0.000090
-0.000090
0.000090
-0.000090
0.000090
-0.000090
0.000090
-0.000090
0.000090
-0.000090
0.000090
-0.000090
0.000090
-0.000090
0.000090
-0.000090
0.000090
-0.000090
0.000090
-0.000090
0.000090
-0.000090
0.000090
-0.000090
0.000090
-0.000090
0.000090
-0.000090
0.000090
-0.000090
0.000090
-0.000090
0.000090
-0.000090
0.000090
-0.000090
0.000090
-0.000090
0.000090
-0.000090
0.000090
-0.000090
0.000090
-0.000090
0.000090
-0.000090
0.000090
-0.000090
0.000090
-0.000090
0.000090
-0.000090
0.000090
-0.000090
0.000090
-0.000090
0.000090
-0.000090
0.000090
-0.000090
0.000090
-0.000090
0.000090
-0.000090
0.000090
-0.000090
0.000090
-0.000090
0.000090
-0.000090
0.000090
-0.000090
0.000090
-0.000090
0.000090
-0.000090
0.000090
-0.000090
0.000090
-0.000090
0.000090
-0.000090
0.000090
-0.000090
0.000090
-0.000090
0.000090
-0.000090
0.000090
-0.000090
0.000090
-0.000090
0.000090
-0.000090
0.000090
-0.000090
0.000090
-0.000090
0.000090
-0.000090
0.000090
-0.000090
0.000090
-0.000090
0.000090
-0.000090
0.000090
-0.000090
0.000090
-0.000090
0.000090
-0.000090
0.000090
-0.000090
0.000090
-0.000090
0.000090
-0.000090
0.000090
-0.000090
0.000090
-0.000090
0.000090
-0.000090
0.000090
-0.000090
0.000090
-0.000090
0.000090
-0.000090
0.000090
-0.000090
0.000090
-0.000090
0.000090
-0.000090
0.000090
-0.000090
0.000090
-0.000090
0.000090
-0.000090
0.000090
-0.000090
0.000090
-0.000090
0.000090
-0.000090
0.000090
-0.000090
0.000090
-0.000090
0.000090
-0.000090
0.000090
-0.000090
0.000090
-0.000090
0.000090
-0.000090
0.000090
-0.000090
0.000090
-0.000090
0.000090
-0.000090
0.000090
-0.000090
0.000090
-0.000090
0.000090
-0.000090
0.000090
-0.000090
0.000090
-0.000090
0.000090
-0.000090
0.000090
-0.000090
0.000090
-0.000090
0.000090
-0.000090
0.000090
-0.000090
0.000090
-0.000090
0.000090
-0.000090
0.000090
-0.000090
0.000090
-0.000090
0.000090
-0.000090
0.000090
-0.000090
0.000090
-0.000090
0.000090
-0.000090
0.000090
-0.000090
0.000090
-0.000090
0.000090
-0.000090
0.000090
-0.000090
0.000090
-0.000090
0.000090
-0.000090
0.000090
-0.000090
0.000090
-0.000090
0.000090
-0.000090
0.000090
-0.000090
0.000090
-0.000090
0.000090
-0.000090
0.000090
-0.000090
0.000090
-0.000090
0.000090
-0.000090
0.000090
-0.000090
0.000090
-0.000090
0.000090
-0.000090
0.000090
-0.000090
0.000090
-0.000090
0.000090
-0.000090
0.000090
-0.000090
0.000090
-0.000090
0.000090
-0.000090
0.000090
-0.000090
0.000090
-0.000090
0.000090
-0.000090
0.000090
-0.000090
0.000090
-0.000090
0.000090
-0.000090
0.000090
-0.000090
0.000090
-0.000090
0.000090
-0.000090
0.000090
-0.000090
0.000090
-0.000090
0.000090
-0.000090
0.000090
-0.000090
0.000090
-0.000090
0.000090
-0.000090
0.000090
-0.000090
0.000090
-0.000090
0.000090
-0.000090
0.000090
-0.000090
0.000090
-0.000090
0.000090
-0.000090
0.000090
-0.000090
0.000090
-0.000090
0.000090
-0.000090
0.000090
-0.000090
0.000090
-0.000090
0.000090
-0.000090
0.000090
-0.000090
0.000090
-0.000090
0.000090
-0.000090
0.000090
-0.000090
0.000090
-0.000090
0.000090
-0.000090
0.000090
-0.000090
0.000090
-0.000090
0.000090
-0.000090
0.000090
-0.000090
0.000090
-0.000090
0.000090
-0.000090
0.000090
-0.000090
0.000090
-0.000090
0.000090
-0.000090
0.000090
-0.000090
0.000090
-0.000090
0.000090
-0.000090
0.000090
-0.000090
0.000090
-0.000090
0.000090
-0.000090
0.000090
-0.000090
0.000090
-0.000090
0.000090
-0.000090
0.000090
-0.000090
0.000090
-0.000090
0.000090
-0.000090
0.000090
-0.000090
0.000090
-0.000090
0.000090
-0.000090
0.000090
-0.000090
0.000090
-0.000090
0.000090
-0.000090
0.000090
-0.000090
0.000090
-0.000090
0.000090
-0.000090
0.000090
-0.000090
0.000090
-0.000090
0.000090
-0.000090
0.000090
-0.000090
0.000090
-0.000090
0.000090
-0.000090
0.000090
-0.000090
0.000090
-0.000090
0.000090
-0.000090
0.000090
-0.000090
0.000090
-0.000090
0.000090
-0.000090
0.000090
-0.000090
0.000090
-0.000090
0.000090
-0.000090
0.000090
-0.000090
0.000090
-0.000090
0.000090
-0.000090
0.000090
-0.000090
0.000090
-0.000090
0.000090
-0.000090
0.000090
-0.000090
0.000090
-0.000090
0.000090
-0.000090
0.000090
-0.000090
0.000090
-0.000090
0.000090
-0.000090
0.000090
-0.000090
0.000090
-0.000090
0.000090
-0.000090
0.000090
-0.000090
0.000090
-0.000090
0.000090
-0.000090
0.000090
-0.000090
0.000090
-0.000090
0.000090
-0.000090
0.000090
-0.000090
0.000090
-0.000090
0.000090
-0.000090
0.000090
-0.000090
0.000090
-0.000090
0.000090
-0.000090
0.000090
-0.000090
0.000090
-0.000090
0.000090
-0.000090
0.000090
-0.000090
0.000090
-0.000090
0.000090
-0.000090
0.000090
-0.000090
0.000090
-0.000090
0.000090
-0.000090
0.000090
-0.000090
0.000090
-0.000090
0.000090
-0.000090
0.000090
-0.000090
0.000090
-0.000090
0.000090
-0.000090
0.000090
-0.000090
0.000090
-0.000090
0.000090
-0.000090
0.000090
-0.000090
0.000090
-0.000090
0.000090
-0.000090
0.000090
-0.000090
0.000090
-0.000090
0.000090
-0.000090
0.000090
-0.000090
0.000090
-0.000090
0.000090
-0.000090
0.000090
-0.000090
0.000090
-0.000090
0.000090
-0.000090
0.000090
-0.000090
0.000090
-0.000090
0.000090
-0.000090
0.000090
-0.000090
0.000090
-0.000090
0.000090
-0.000090
0.000090
-0.000090
0.000090
-0.000090
0.000090
-0.000090
0.000090
-0.000090
0.000090
-0.000090
0.000090
-0.000090
0.000090
-0.000090
0.000090
-0.000090
0.000090
-0.000090
0.000090
-0.000090
0.000090
-0.000090
0.000090
-0.000090
0.000090
-0.000090
0.000090
-0.000090
0.000090
-0.000090
0.000090
-0.000090
0.000090
-0.000090
0.000090
-0.000090
0.000090
-0.000090
0.000090
-0.000090
0.000090
-0.000090
0.000090
-0.000090
0.000090
-0.000090
0.000090
-0.000090
0.000090
-0.000090
0.000090
-0.000090
0.000090
-0.000090
0.000090
-0.000090
0.000090
-0.000090
0.000090
-0.000090
0.000090
-0.000090
0.000090
-0.000090
0.000090
-0.000090
0.000090
-0.000090
0.000090
-0.000090
0.000090
-0.000090
0.000090
-0.000090
0.000090
-0.000090
0.000090
-0.000090
0.000090
-0.000090
0.000090
-0.000090
0.000090
-0.000090
0.000090
-0.000090
0.000090
-0.000090
0.000090
-0.000090
0.000090
-0.000090
0.000090
-0.000090
0.000090
-0.000090
0.000090
-0.000090
0.000090
-0.000090
0.000090
-0.000090
0.000090
-0.000090
0.000090
-0.000090
0.000090
-0.000090
0.000090
-0.000090
0.000090
-0.000090
0.000090
-0.000090
0.000090
-0.000090
0.000090
-0.000090
0.000090
-0.000090
0.000090
-0.000090
0.000090
-0.000090
0.000090
-0.000090
0.000090
-0.000090
0.000090
-0.000090
0.000090
-0.000090
0.000090
-0.000090
0.000090
-0.000090
0.000090
-0.000090
0.000090
-0.000090
0.000090
-0.000090
0.000090
-0.000090
0.000090
-0.000090
0.000090
-0.000090
0.000090
-0.000090
0.000090
-0.000090
0.000090
-0.000090
0.000090
-0.000090
0.000090
-0.000090
0.000090
-0.000090
0.000090
-0.000090
0.000090
-0.000090
0.000090
-0.000090
0.000090
-0.000090
0.000090
-0.000090
0.000090
-0.000090
0.000090
-0.000090
0.000090
-0.000090
0.000090
-0.000090
0.000090
-0.000090
0.000090
-0.000090
0.000090
-0.000090
0.000090
-0.000090
0.000090
-0.000090
0.000090
-0.000090
0.000090
-0.000090
0.000090
-0.000090
0.000090
-0.000090
0.000090
-0.000090
0.000090
-0.000090
0.000090
-0.000090
0.000090
-0.000090
0.000090
-0.000090
0.000090
-0.000090
0.000090
-0.000090
0.000090
-0.000090
0.000090
-0.000090
0.000090
-0.000090
0.000090
-0.000090
0.000090
-0.000090
0.000090
-0.000090
0.000090
-0.000090
0.000090
-0.000090
0.000090
-0.000090
0.000090
-0.000090
0.000090
-0.000090
0.000090
-0.000090
0.000090
-0.000090
0.000090
-0.000090
0.000090
-0.000090
0.000090
-0.000090
0.000090
-0.000090
0.000090
-0.000090
0.000090
-0.000090
0.000090
-0.000090
0.000090
-0.000090
0.000090
-0.000090
0.000090
-0.000090
0.000090
-0.000090
0.000090
-0.000090
0.000090
-0.000090
0.000090
-0.000090
0.000090
-0.000090
0.000090
-0.000090
0.000090
-0.000090
0.000090
-0.000090
0.000090
-0.000090
0.000090
-0.000090
0.000090
-0.000090
0.000090
-0.000090
0.000090
-0.000090
0.000090
-0.000090
0.000090
-0.000090
0.000090
-0.000090
0.000090
-0.000090
0.000090
-0.000090
0.000090
-0.000090
0.000090
-0.000090
0.000090
-0.000090
0.000090
-0.000090
0.000090
-0.000090
0.000090
-0.000090
0.000090
-0.000090
0.000090
-0.000090
0.000090
-0.000090
0.000090
-0.000090
0.000090
-0.000090
0.000090
-0.000090
0.000090
-0.000090
0.000090
-0.000090
0.000090
-0.000090
0.000090
-0.000090
0.000090
-0.000090
0.000090
-0.000090
0.000090
-0.000090
0.000090
-0.000090
0.000090
-0.000090
0.000090
-0.000090
0.000090
-0.000090
0.000090
-0.000090
0.000090
-0.000090
0.000090
-0.000090
0.000090
-0.000090
0.000090
-0.000090
0.000090
-0.000090
0.000090
-0.000090
0.000090
-0.000090
0.000090
-0.000090
0.000090
-0.000090
0.000090
-0.000090
0.000090
-0.000090
0.000090
-0.000090
0.000090
-0.000090
0.000090
-0.000090
0.000090
-0.000090
0.000090
-0.000090
0.000090
-0.000090
0.000090
-0.000090
0.000090
-0.000090
0.000090
-0.000090
0.000090
-0.000090
0.000090
-0.000090
0.000090
-0.000090
0.000090
-0.000090
0.000090
-0.000090
0.000090
-0.000090
0.000090
-0.000090
0.000090
-0.000090
0.000090
-0.000090
0.000090
-0.000090
0.000090
-0.000090
0.000090
-0.000090
0.000090
-0.000090
0.000090
-0.000090
0.000090
-0.000090
0.000090
-0.000090
0.000090
-0.000090
0.000090
-0.000090
0.000090
-0.000090
0.000090
-0.000090
0.000090
-0.000090
0.000090
-0.000090
0.000090
-0.000090
0.000090
-0.000090
0.000090
-0.000090
0.000090
-0.000090
0.000090
-0.000090
0.000090
-0.000090
0.000090
-0.000090
0.000090
-0.000090
0.000090
-0.000090
0.000090
-0.000090
0.000090
-0.000090
0.000090
-0.000090
0.000090
-0.000090
0.000090
-0.000090
0.000090
-0.000090
0.000090
-0.000090
0.000090
-0.000090
0.000090
-0.000090
0.000090
-0.000090
0.000090
-0.000090
0.000090
-0.000090
0.000090
-0.000090
0.000090
-0.000090
0.000090
-0.000090
0.000090
-0.000090
0.000090
-0.000090
0.000090
-0.000090
0.000090
-0.000090
0.000090
-0.000090
0.000090
-0.000090
0.000090
-0.000090
0.000090
-0.000090
0.000090
-0.000090
0.000090
-0.000090
0.000090
-0.000090
0.000090
-0.000090
0.000090
-0.000090
0.000090
-0.000090
0.000090
-0.000090
0.000090
-0.000090
0.000090
-0.000090
0.000090
-0.000090
0.000090
-0.000090
0.000090
-0.000090
0.000090
-0.000090
0.000090
-0.000090
0.000090
-0.000090
0.000090
-0.000090
0.000090
-0.000090
0.000090
-0.000090
0.000090
-0.000090
0.000090
-0.000090
0.000090
-0.000090
0.000090
-0.000090
0.000090
-0.000090
0.000090
-0.000090
0.000090
-0.000090
0.000090
-0.000090
0.000090
-0.000090
0.000090
-0.000090
0.000090
-0.000090
0.000090
-0.000090
0.000090
-0.000090
0.000090
-0.000090
0.000090
-0.000090
0.000090
-0.000090
0.000090
-0.000090
0.000090
-0.000090
0.000090
-0.000090
0.000090
-0.000090
0.000090
-0.000090
0.000090
-0.000090
0.000090
-0.000090
0.000090
-0.000090
0.000090
-0.000090
0.000090
-0.000090
0.000090
-0.000090
0.000090
-0.000090
0.000090
-0.000090
0.000090
-0.000090
0.000090
-0.000090
0.000090
-0.000090
0.000090
-0.000090
0.000090
-0.000090
0.000090
-0.000090
0.000090
-0.000090
0.000090
-0.000090
0.000090
-0.000090
0.000090
-0.000090
0.000090
-0.000090
0.000090
-0.000090
0.000090
-0.000090
0.000090
-0.000090
0.000090
-0.000090
0.000090
-0.000090
0.000090
-0.000090
0.000090
-0.000090
0.000090
-0.000090
0.000090
-0.000090
0.000090
-0.000090
0.000090
-0.000090
0.000090
-0.000090
0.000090
-0.000090
0.000090
-0.000090
0.000090
-0.000090
0.000090
-0.000090
0.000090
-0.000090
0.000090
-0.000090
0.000090
-0.000090
0.000090
-0.000090
0.000090
-0.000090
0.000090
-0.000090
0.000090
-0.000090
0.000090
-0.000090
0.000090
-0.000090
0.000090
-0.000090
0.000090
-0.000090
0.000090
-0.000090
0.000090
-0.000090
0.000090
-0.000090
0.000090
-0.000090
0.000090
-0.000090
0.000090
-0.000090
0.000090
-0.000090
0.000090
-0.000090
0.000090
-0.000090
0.000090
-0.000090
0.000090
-0.000090
0.000090
-0.000090
0.000090
-0.000090
0.000090
-0.000090
0.000090
-0.000090
0.000090
-0.000090
0.000090
-0.000090
0.000090
-0.000090
0.000090
-0.000090
0.000090
-0.000090
0.000090
-0.000090
0.000090
-0.000090
0.000090
-0.000090
0.000090
-0.000090
0.000090
-0.000090
0.000090
-0.000090
0.000090
-0.000090
0.000090
-0.000090
0.000090
-0.000090
0.000090
-0.000090
0.000090
-0.000090
0.000090
-0.000090
0.000090
-0.000090
0.000090
-0.000090
0.000090
-0.000090
0.000090
-0.000090
0.000090
-0.000090
0.000090
-0.000090
0.000090
-0.000090
0.000090
-0.000090
0.000090
-0.000090
0.000090
-0.000090
0.000090
-0.000090
0.000090
-0.000090
0.000090
-0.000090
0.000090
-0.000090
0.000090
-0.000090
0.000090
-0.000090
0.000090
-0.000090
0.000090
-0.000090
0.000090
-0.000090
0.000090
-0.000090
0.000090
-0.000090
0.000090
-0.000090
0.000090
-0.000090
0.000090
-0.000090
0.000090
-0.000090
0.000090
-0.000090
0.000090
-0.000090
0.000090
-0.000090
0.000090
-0.000090
0.000090
-0.000090
0.000090
-0.000090
0.000090
-0.000090
0.000090
-0.000090
0.000090
-0.000090
0.000090
-0.000090
0.000090
-0.000090
0.000090
-0.000090
0.000090
-0.000090
0.000090
-0.000090
0.000090
-0.000090
0.000090
-0.000090
0.000090
-0.000090
0.000090
-0.000090
0.000090
-0.000090
0.000090
-0.000090
0.000090
-0.000090
0.000090
-0.000090
0.000090
-0.000090
0.000090
-0.000090
0.000090
-0.000090
0.000090
-0.000090
0.000090
-0.000090
0.000090
-0.000090
0.000090
-0.000090
0.000090
-0.000090
0.000090
-0.000090
0.000090
-0.000090
0.000090
-0.000090
0.000090
-0.000090
0.000090
-0.000090
0.000090
-0.000090
0.000090
-0.000090
0.000090
-0.000090
0.000090
-0.000090
0.000090
-0.000090
0.000090
-0.000090
0.000090
-0.000090
0.000090
-0.000090
0.000090
-0.000090
0.000090
-0.000090
0.000090
-0.000090
0.000090
-0.000090
0.000090
-0.000090
0.000090
-0.000090
0.000090
-0.000090
0.000090
-0.000090
