-0.090000
-0.089553
-0.088803
-0.087962
-0.087193
-0.086563
-0.086057
-0.085618
-0.085183
-0.084715
-0.084209
-0.083675
-0.083132
-0.082596
-0.082072
-0.081558
-0.081047
-0.080532
-0.080007
-0.079470
-0.078922
-0.078362
-0.077790
-0.077206
-0.076609
-0.075996
-0.075366
-0.074719
-0.074053
-0.073367
-0.072663
-0.071939
-0.071195
-0.070433
-0.069653
-0.068854
-0.068038
-0.067205
-0.066356
-0.065492
-0.064616
-0.063728
-0.062829
-0.061921
-0.061006
-0.060083
-0.059156
-0.058224
-0.057290
-0.056354
-0.055418
-0.054481
-0.053545
-0.052610
-0.051677
-0.050746
-0.049816
-0.048888
-0.047961
-0.047035
-0.046110
-0.045184
-0.044258
-0.043330
-0.042399
-0.041464
-0.040523
-0.039577
-0.038623
-0.037660
-0.036689
-0.035707
-0.034713
-0.033707
-0.032688
-0.031656
-0.030609
-0.029548
-0.028472
-0.027381
-0.026276
-0.025156
-0.024022
-0.022873
-0.021711
-0.020536
-0.019349
-0.018151
-0.016942
-0.015724
-0.014498
-0.013265
-0.012025
-0.010781
-0.009531
-0.008279
-0.007023
-0.005766
-0.004509
-0.003250
-0.001992
-0.000734
0.000523
0.001779
0.003034
0.004288
0.005542
0.006795
0.008049
0.009303
0.010557
0.011814
0.013072
0.014335
0.015601
0.016872
0.018150
0.019433
0.020724
0.022023
0.023331
0.024648
0.025975
0.027312
0.028661
0.030020
0.031391
0.032773
0.034166
0.035570
0.036985
0.038411
0.039848
0.041294
0.042750
0.044214
0.045686
0.047165
0.048651
0.050142
0.051639
0.053139
0.054643
0.056150
0.057659
0.059169
0.060681
0.062192
0.063704
0.065216
0.066728
0.068239
0.069749
0.071259
0.072769
0.074280
0.075790
0.077300
0.078811
0.080324
0.081838
0.083356
0.084876
0.086401
0.087929
0.089463
0.091002
0.092547
0.094099
0.095658
0.097225
0.098799
0.100382
0.101973
0.103572
0.105180
0.106797
0.108421
0.110054
0.111694
0.113343
0.114999
0.116663
0.118333
0.120008
0.121689
0.123375
0.125065
0.126759
0.128456
0.130156
0.131858
0.133562
0.135266
0.136972
0.138677
0.140383
0.142089
0.143795
0.145500
0.147205
0.148909
0.150614
0.152319
0.154023
0.155728
0.157434
0.159140
0.160848
0.162557
0.164270
0.165985
0.167703
0.169425
0.171151
0.172882
0.174617
0.176358
0.178104
0.179856
0.181614
0.183378
0.185148
0.186925
0.188708
0.190496
0.192291
0.194091
0.195898
0.197710
0.199527
0.201349
0.203175
0.205005
0.206838
0.208675
0.210514
0.212355
0.214198
0.216042
0.217888
0.219734
0.221580
0.223427
0.225274
0.227120
0.228966
0.230812
0.232657
0.234501
0.236346
0.238191
0.240036
0.241880
0.243725
0.245570
0.247416
0.249263
0.251112
0.252964
0.254817
0.256673
0.258532
0.260394
0.262259
0.264128
0.266001
0.267878
0.269759
0.271645
0.273535
0.275430
0.277328
0.279231
0.281138
0.283049
0.284964
0.286883
0.288806
0.290732
0.292660
0.294591
0.296524
0.298459
0.300396
0.302334
0.304273
0.306212
0.308152
0.310093
0.312033
0.313973
0.315912
0.317851
0.319789
0.321727
0.323664
0.325601
0.327537
0.329473
0.331409
0.333343
0.335278
0.337213
0.339149
0.341085
0.343022
0.344960
0.346900
0.348841
0.350784
0.352729
0.354677
0.356626
0.358579
0.360534
0.362492
0.364452
0.366416
0.368382
0.370351
0.372323
0.374297
0.376274
0.378253
0.380235
0.382219
0.384204
0.386192
0.388180
0.390170
0.392160
0.394151
0.396143
0.398134
0.400126
0.402117
0.404108
0.406098
0.408088
0.410077
0.412065
0.414052
0.416038
0.418023
0.420007
0.421991
0.423974
0.425956
0.427937
0.429918
0.431898
0.433879
0.435859
0.437840
0.439821
0.441803
0.443786
0.445769
0.447754
0.449740
0.451727
0.453715
0.455705
0.457697
0.459690
0.461684
0.463681
0.465678
0.467676
0.469676
0.471677
0.473680
0.475684
0.477688
0.479694
0.481699
0.483705
0.485710
0.487716
0.489721
0.491726
0.493731
0.495734
0.497737
0.499738
0.501739
0.503738
0.505736
0.507733
0.509728
0.511722
0.513715
0.515707
0.517698
0.519687
0.521675
0.523662
0.525648
0.527633
0.529618
0.531602
0.533586
0.535570
0.537553
0.539537
0.541520
0.543504
0.545488
0.547473
0.549457
0.551442
0.553428
0.555414
0.557400
0.559387
0.561373
0.563360
0.565347
0.567334
0.569322
0.571309
0.573296
0.575283
0.577269
0.579254
0.581238
0.583221
0.585203
0.587184
0.589164
0.591142
0.593119
0.595094
0.597067
0.599039
0.601009
0.602977
0.604943
0.606908
0.608871
0.610833
0.612793
0.614751
0.616707
0.618662
0.620615
0.622568
0.624519
0.626469
0.628418
0.630367
0.632314
0.634261
0.636207
0.638152
0.640097
0.642041
0.643985
0.645928
0.647870
0.649812
0.651752
0.653692
0.655632
0.657570
0.659509
0.661446
0.663382
0.665317
0.667250
0.669182
0.671112
0.673041
0.674968
0.676894
0.678817
0.680739
0.682658
0.684576
0.686491
0.688404
0.690315
0.692224
0.694131
0.696035
0.697937
0.699838
0.701736
0.703632
0.705525
0.707416
0.709306
0.711193
0.713079
0.714963
0.716845
0.718726
0.720605
0.722482
0.724358
0.726232
0.728105
0.729977
0.731847
0.733715
0.735582
0.737447
0.739311
0.741173
0.743033
0.744892
0.746750
0.748606
0.750460
0.752312
0.754162
0.756009
0.757855
0.759698
0.761539
0.763378
0.765214
0.767048
0.768879
0.770707
0.772533
0.774357
0.776177
0.777995
0.779810
0.781622
0.783432
0.785240
0.787044
0.788846
0.790645
0.792442
0.794235
0.796027
0.797815
0.799602
0.801386
0.803168
0.804947
0.806724
0.808499
0.810272
0.812042
0.813810
0.815576
0.817339
0.819100
0.820858
0.822614
0.824368
0.826120
0.827870
0.829617
0.831361
0.833103
0.834842
0.836579
0.838312
0.840043
0.841770
0.843495
0.845217
0.846936
0.848652
0.850365
0.852074
0.853781
0.855484
0.857184
0.858880
0.860574
0.862264
0.863951
0.865636
0.867317
0.868995
0.870669
0.872341
0.874009
0.875673
0.877335
0.878994
0.880650
0.882303
0.883953
0.885599
0.887243
0.888884
0.890522
0.892157
0.893789
0.895418
0.897043
0.898666
0.900285
0.901902
0.903515
0.905125
0.906733
0.908337
0.909937
0.911534
0.913128
0.914718
0.916305
0.917888
0.919468
0.921044
0.922617
0.924186
0.925751
0.927313
0.928871
0.930425
0.931975
0.933522
0.935064
0.936604
0.938139
0.939671
0.941200
0.942725
0.944245
0.945763
0.947276
0.948785
0.950291
0.951793
0.953291
0.954786
0.956278
0.957765
0.959249
0.960729
0.962206
0.963679
0.965148
0.966613
0.968074
0.969532
0.970986
0.972437
0.973884
0.975326
0.976765
0.978200
0.979631
0.981058
0.982481
0.983899
0.985314
0.986724
0.988131
0.989533
0.990931
0.992325
0.993715
0.995100
0.996481
0.997858
0.999231
1.000599
1.001963
1.003323
1.004679
1.006030
1.007377
1.008720
1.010059
1.011393
1.012723
1.014049
1.015370
1.016688
1.018001
1.019309
1.020613
1.021914
1.023209
1.024501
1.025787
1.027070
1.028348
1.029622
1.030892
1.032157
1.033418
1.034674
1.035926
1.037173
1.038415
1.039653
1.040887
1.042115
1.043340
1.044559
1.045774
1.046984
1.048190
1.049390
1.050586
1.051777
1.052964
1.054145
1.055322
1.056494
1.057662
1.058824
1.059981
1.061135
1.062283
1.063426
1.064564
1.065698
1.066827
1.067950
1.069069
1.070184
1.071293
1.072398
1.073497
1.074592
1.075681
1.076766
1.077845
1.078920
1.079990
1.081055
1.082115
1.083170
1.084219
1.085264
1.086304
1.087338
1.088368
1.089392
1.090411
1.091425
1.092434
1.093437
1.094436
1.095429
1.096417
1.097399
1.098377
1.099349
1.100315
1.101277
1.102233
1.103184
1.104129
1.105069
1.106004
1.106933
1.107857
1.108776
1.109689
1.110597
1.111499
1.112396
1.113288
1.114174
1.115054
1.115930
1.116799
1.117663
1.118522
1.119375
1.120223
1.121065
1.121902
1.122733
1.123559
1.124378
1.125193
1.126001
1.126804
1.127602
1.128393
1.129179
1.129960
1.130734
1.131503
1.132266
1.133023
1.133775
1.134521
1.135260
1.135995
1.136723
1.137445
1.138162
1.138872
1.139577
1.140276
1.140969
1.141656
1.142337
1.143012
1.143682
1.144345
1.145003
1.145654
1.146299
1.146939
1.147572
1.148200
1.148821
1.149437
1.150046
1.150649
1.151247
1.151838
1.152423
1.153002
1.153575
1.154142
1.154702
1.155256
1.155805
1.156347
1.156882
1.157412
1.157935
1.158452
1.158963
1.159468
1.159966
1.160458
1.160943
1.161422
1.161895
1.162362
1.162822
1.163275
1.163723
1.164163
1.164598
1.165026
1.165447
1.165863
1.166271
1.166673
1.167069
1.167458
1.167841
1.168217
1.168587
1.168950
1.169307
1.169657
1.170000
1.170337
1.170667
1.170991
1.171308
1.171618
1.171922
1.172219
1.172510
1.172793
1.173070
1.173341
1.173604
1.173861
1.174111
1.174354
1.174591
1.174820
1.175043
1.175259
1.175468
1.175670
1.175866
1.176054
1.176236
1.176411
1.176579
1.176739
1.176893
1.177040
1.177180
1.177313
1.177439
1.177558
1.177671
1.177776
1.177874
1.177965
1.178048
1.178125
1.178195
1.178258
1.178313
1.178362
1.178403
1.178438
1.178465
1.178485
1.178497
1.178503
1.178501
1.178492
1.178476
1.178453
1.178422
1.178385
1.178339
1.178287
1.178227
1.178160
1.178086
1.178004
1.177915
1.177819
1.177715
1.177603
1.177485
1.177359
1.177225
1.177084
1.176936
1.176780
1.176617
1.176446
1.176267
1.176081
1.175888
1.175687
1.175479
1.175263
1.175039
1.174808
1.174569
1.174323
1.174068
1.173807
1.173538
1.173261
1.172976
1.172684
1.172384
1.172076
1.171761
1.171438
1.171107
1.170768
1.170422
1.170067
1.169705
1.169336
1.168958
1.168573
1.168179
1.167778
1.167369
1.166952
1.166527
1.166094
1.165654
1.165205
1.164749
1.164284
1.163812
1.163331
1.162843
1.162346
1.161842
1.161329
1.160809
1.160280
1.159743
1.159199
1.158646
1.158085
1.157516
1.156939
1.156353
1.155760
1.155158
1.154548
1.153931
1.153304
1.152670
1.152027
1.151377
1.150718
1.150050
1.149375
1.148691
1.147999
1.147298
1.146589
1.145872
1.145147
1.144413
1.143675
1.142939
1.142207
1.141482
1.140764
1.140054
1.139349
1.138647
1.137948
1.137250
1.136554
1.135859
1.135167
1.134480
1.133797
1.133120
1.132450
1.131786
1.131128
1.130476
1.129829
1.129187
1.128549
1.127916
1.127287
1.126663
1.126044
1.125428
1.124817
1.124208
1.123604
1.123002
1.122402
1.121805
1.121210
1.120617
1.120025
1.119434
1.118845
1.118258
1.117671
1.117086
1.116501
1.115919
1.115338
1.114758
1.114181
1.113604
1.113030
1.112457
1.111887
1.111319
1.110755
1.110193
1.109635
1.109080
1.108529
1.107982
1.107439
1.106899
1.106364
1.105833
1.105305
1.104782
1.104263
1.103747
1.103235
1.102727
1.102222
1.101721
1.101223
1.100729
1.100237
1.099747
1.099260
1.098775
1.098291
1.097810
1.097330
1.096851
1.096374
1.095898
1.095424
1.094951
1.094478
1.094007
1.093538
1.093070
1.092603
1.092138
1.091674
1.091211
1.090751
1.090292
1.089835
1.089380
1.088928
1.088479
1.088032
1.087589
1.087148
1.086710
1.086275
1.085843
1.085414
1.084989
1.084566
1.084146
1.083729
1.083315
1.082904
1.082496
1.082091
1.081688
1.081288
1.080890
1.080494
1.080099
1.079707
1.079316
1.078927
1.078539
1.078152
1.077767
1.077382
1.077000
1.076618
1.076237
1.075857
1.075479
1.075102
1.074726
1.074351
1.073978
1.073606
1.073235
1.072865
1.072497
1.072132
1.071768
1.071406
1.071046
1.070688
1.070333
1.069980
1.069629
1.069281
1.068935
1.068591
1.068250
1.067911
1.067574
1.067239
1.066907
1.066576
1.066248
1.065922
1.065598
1.065276
1.064956
1.064637
1.064320
1.064004
1.063689
1.063376
1.063063
1.062752
1.062442
1.062133
1.061825
1.061518
1.061212
1.060907
1.060603
1.060301
1.059999
1.059698
1.059398
1.059100
1.058802
1.058506
1.058211
1.057918
1.057627
1.057337
1.057049
1.056763
1.056478
1.056195
1.055914
1.055635
1.055357
1.055081
1.054807
1.054535
1.054264
1.053995
1.053728
1.053463
1.053199
1.052937
1.052677
1.052418
1.052160
1.051903
1.051648
1.051394
1.051140
1.050888
1.050636
1.050386
1.050137
1.049888
1.049641
1.049394
1.049148
1.048903
1.048659
1.048417
1.048175
1.047933
1.047693
1.047453
1.047215
1.046978
1.046741
1.046507
1.046273
1.046041
1.045810
1.045581
1.045352
1.045126
1.044900
1.044676
1.044454
1.044232
1.044013
1.043794
1.043576
1.043360
1.043145
1.042932
1.042720
1.042509
1.042300
1.042092
1.041884
1.041678
1.041472
1.041267
1.041063
1.040860
1.040658
1.040457
1.040256
1.040056
1.039857
1.039659
1.039462
1.039265
1.039070
1.038875
1.038681
1.038487
1.038295
1.038103
1.037912
1.037721
1.037532
1.037344
1.037157
1.036971
1.036786
1.036602
1.036419
1.036237
1.036056
1.035877
1.035698
1.035520
1.035344
1.035168
1.034993
1.034820
1.034647
1.034475
1.034305
1.034135
1.033967
1.033799
1.033632
1.033466
1.033301
1.033136
1.032972
1.032809
1.032646
1.032484
1.032323
1.032162
1.032002
1.031843
1.031685
1.031527
1.031370
1.031214
1.031058
1.030903
1.030749
1.030595
1.030442
1.030289
1.030138
1.029987
1.029837
1.029688
1.029539
1.029392
1.029245
1.029099
1.028954
1.028810
1.028667
1.028524
1.028382
1.028241
1.028101
1.027961
1.027822
1.027684
1.027547
1.027410
1.027275
1.027140
1.027006
1.026872
1.026739
1.026607
1.026475
1.026343
1.026212
1.026082
1.025953
1.025824
1.025695
1.025567
1.025440
1.025314
1.025188
1.025062
1.024937
1.024813
1.024689
1.024566
1.024444
1.024322
1.024200
1.024079
1.023959
1.023839
1.023720
1.023602
1.023485
1.023368
1.023251
1.023136
1.023020
1.022906
1.022792
1.022679
1.022566
1.022454
1.022342
1.022231
1.022121
1.022011
1.021901
1.021793
1.021684
1.021577
1.021470
1.021364
1.021258
1.021152
1.021047
1.020942
1.020838
1.020734
1.020632
1.020529
1.020427
1.020325
1.020224
1.020123
1.020023
1.019923
1.019824
1.019725
1.019627
1.019529
1.019432
1.019335
1.019239
1.019143
1.019048
1.018953
1.018858
1.018765
1.018671
1.018578
1.018486
1.018394
1.018302
1.018212
1.018121
1.018031
1.017941
1.017852
1.017763
1.017675
1.017587
1.017500
1.017413
1.017326
1.017240
1.017154
1.017069
1.016984
1.016900
1.016815
1.016732
1.016649
1.016566
1.016483
1.016402
1.016320
1.016239
1.016158
1.016078
1.015997
1.015918
1.015839
1.015760
1.015681
1.015603
1.015526
1.015449
1.015372
1.015295
1.015219
1.015143
1.015068
1.014993
1.014918
1.014844
1.014770
1.014697
1.014624
1.014551
1.014479
1.014407
1.014335
1.014264
1.014193
1.014122
1.014052
1.013982
1.013912
1.013843
1.013774
1.013706
1.013638
1.013570
1.013502
1.013435
1.013368
1.013302
1.013236
1.013170
1.013104
1.013039
1.012974
1.012910
1.012845
1.012782
1.012718
1.012655
1.012592
1.012529
1.012467
1.012405
1.012343
1.012282
1.012221
1.012160
1.012099
1.012039
1.011979
1.011920
1.011860
1.011801
1.011743
1.011684
1.011626
1.011568
1.011511
1.011454
1.011396
1.011340
1.011283
1.011227
1.011171
1.011116
1.011060
1.011006
1.010951
1.010896
1.010842
1.010788
1.010734
1.010681
1.010628
1.010575
1.010522
1.010470
1.010418
1.010366
1.010315
1.010264
1.010212
1.010162
1.010111
1.010061
1.010011
1.009961
1.009911
1.009862
1.009813
1.009764
1.009715
1.009667
1.009619
1.009571
1.009524
1.009476
1.009429
1.009382
1.009335
1.009289
1.009243
1.009197
1.009151
1.009106
1.009060
1.009015
1.008970
1.008926
1.008881
1.008837
1.008793
1.008750
1.008706
1.008663
1.008620
1.008577
1.008534
1.008492
1.008449
1.008407
1.008365
1.008324
1.008282
1.008241
1.008200
1.008160
1.008119
1.008079
1.008038
1.007998
1.007958
1.007919
1.007879
1.007840
1.007801
1.007763
1.007724
1.007686
1.007647
1.007609
1.007571
1.007534
1.007496
1.007459
1.007422
1.007385
1.007348
1.007312
1.007275
1.007239
1.007203
1.007167
1.007131
1.007096
1.007061
1.007026
1.006991
1.006956
1.006921
1.006887
1.006853
1.006819
1.006785
1.006751
1.006717
1.006684
1.006651
1.006618
1.006585
1.006552
1.006519
1.006487
1.006455
1.006423
1.006390
1.006359
1.006327
1.006296
1.006264
1.006233
1.006202
1.006171
1.006141
1.006110
1.006080
1.006050
1.006019
1.005989
1.005959
1.005930
1.005900
1.005871
1.005842
1.005813
1.005784
1.005755
1.005726
1.005698
1.005670
1.005642
1.005613
1.005586
1.005558
1.005530
1.005502
1.005475
1.005448
1.005421
1.005394
1.005367
1.005340
1.005314
1.005287
1.005261
1.005235
1.005209
1.005183
1.005157
1.005131
1.005106
1.005080
1.005055
1.005030
1.005005
1.004980
1.004956
1.004931
1.004906
1.004882
1.004858
1.004833
1.004809
1.004785
1.004762
1.004738
1.004714
1.004691
1.004668
1.004644
1.004621
1.004598
1.004575
1.004553
1.004530
1.004507
1.004485
1.004463
1.004441
1.004418
1.004397
1.004374
1.004353
1.004331
1.004310
1.004288
1.004267
1.004246
1.004225
1.004203
1.004183
1.004162
1.004141
1.004120
1.004100
1.004079
1.004059
1.004039
1.004019
1.003999
1.003979
1.003959
1.003940
1.003920
1.003901
1.003881
1.003862
1.003843
1.003824
1.003804
1.003786
1.003767
1.003748
1.003729
1.003711
1.003692
1.003674
1.003656
1.003638
1.003619
1.003601
1.003583
1.003566
1.003548
1.003530
1.003513
1.003495
1.003478
1.003461
1.003443
1.003426
1.003409
1.003392
1.003375
1.003359
1.003342
1.003325
1.003309
1.003292
1.003276
1.003260
1.003243
1.003227
1.003211
1.003195
1.003179
1.003164
1.003148
1.003132
1.003116
1.003101
1.003085
1.003070
1.003055
1.003040
1.003024
1.003010
1.002994
1.002980
1.002965
1.002950
1.002935
1.002921
1.002906
1.002892
1.002877
1.002863
1.002849
1.002835
1.002821
1.002807
1.002793
1.002779
1.002765
1.002751
1.002737
1.002724
1.002710
1.002697
1.002683
1.002670
1.002657
1.002644
1.002630
1.002617
1.002604
1.002591
1.002578
1.002566
1.002553
1.002540
1.002527
1.002515
1.002502
1.002490
1.002478
1.002465
1.002453
1.002441
1.002429
1.002417
1.002404
1.002393
1.002381
1.002369
1.002357
1.002345
1.002334
1.002322
1.002310
1.002299
1.002288
1.002276
1.002265
1.002254
1.002242
1.002231
1.002220
1.002209
1.002198
1.002187
1.002176
1.002166
1.002155
1.002144
1.002133
1.002123
1.002112
1.002102
1.002091
1.002081
1.002070
1.002060
1.002050
1.002040
1.002029
1.002020
1.002009
1.002000
1.001989
1.001980
1.001970
1.001960
1.001950
1.001941
1.001931
1.001921
1.001912
1.001902
1.001893
1.001883
1.001874
1.001865
1.001855
1.001846
1.001837
1.001828
1.001819
1.001810
1.001801
1.001792
1.001783
1.001774
1.001765
1.001756
1.001747
1.001739
1.001730
1.001722
1.001713
1.001705
1.001696
1.001688
1.001679
1.001671
1.001662
1.001654
1.001646
1.001638
1.001630
1.001622
1.001613
1.001606
1.001597
1.001590
1.001582
1.001574
1.001566
1.001558
1.001550
1.001543
1.001535
1.001527
1.001520
1.001512
1.001505
1.001497
1.001490
1.001482
1.001475
1.001468
1.001460
1.001453
1.001446
1.001439
1.001431
1.001424
1.001417
1.001410
1.001403
1.001396
1.001389
1.001382
1.001375
1.001369
1.001362
1.001355
1.001348
1.001342
1.001335
1.001328
1.001322
1.001315
1.001309
1.001302
1.001296
1.001289
1.001283
1.001276
1.001270
1.001264
1.001257
1.001251
1.001245
1.001239
1.001232
1.001227
1.001220
1.001214
1.001208
1.001202
1.001196
1.001190
1.001184
1.001179
1.001173
1.001167
1.001161
1.001155
1.001149
1.001144
1.001138
1.001132
1.001127
1.001121
1.001115
1.001110
1.001104
1.001099
1.001093
1.001088
1.001083
1.001077
1.001072
1.001067
1.001061
1.001056
1.001051
1.001046
1.001040
1.001035
1.001030
1.001025
1.001020
1.001015
1.001010
1.001005
1.001000
1.000995
1.000990
1.000985
1.000980
1.000975
1.000970
1.000965
1.000960
1.000956
1.000951
1.000946
1.000942
1.000937
1.000932
1.000928
1.000923
1.000918
1.000914
1.000909
1.000905
1.000900
1.000896
1.000891
1.000887
1.000883
1.000878
1.000874
1.000869
1.000865
1.000861
1.000857
1.000852
1.000848
1.000844
1.000840
1.000835
1.000831
1.000827
1.000823
1.000819
1.000815
1.000811
1.000807
1.000803
1.000799
1.000795
1.000791
1.000787
1.000783
1.000779
1.000775
1.000771
1.000768
1.000764
1.000760
1.000756
1.000752
1.000748
1.000745
1.000741
1.000738
1.000734
1.000730
1.000726
1.000723
1.000719
1.000716
1.000712
1.000709
1.000705
1.000702
1.000698
1.000695
1.000691
1.000688
1.000684
1.000681
1.000677
1.000674
1.000671
1.000668
1.000664
1.000661
1.000657
1.000654
1.000651
1.000648
1.000644
1.000641
1.000638
1.000635
1.000632
1.000629
1.000625
1.000623
1.000619
1.000616
1.000613
1.000610
1.000607
1.000604
1.000601
1.000598
1.000595
1.000592
1.000589
1.000586
1.000583
1.000581
1.000577
1.000575
1.000572
1.000569
1.000566
1.000563
1.000560
1.000558
1.000555
1.000552
1.000549
1.000547
1.000544
1.000541
1.000539
1.000536
1.000533
1.000531
1.000528
1.000525
1.000523
1.000520
1.000517
1.000515
1.000512
1.000510
1.000507
1.000505
1.000502
1.000500
1.000497
1.000495
1.000492
1.000490
1.000487
1.000485
1.000483
1.000480
1.000478
1.000476
1.000473
1.000471
1.000468
1.000466
1.000464
1.000462
1.000459
1.000457
1.000455
1.000452
1.000450
1.000448
1.000446
1.000444
1.000441
1.000439
1.000437
1.000435
1.000432
1.000430
1.000428
1.000426
1.000424
1.000422
1.000420
1.000418
1.000416
1.000414
1.000411
1.000410
1.000407
1.000405
1.000403
1.000401
1.000399
1.000397
1.000395
1.000394
1.000391
1.000390
1.000387
1.000386
1.000384
1.000382
1.000380
1.000378
1.000376
1.000374
1.000372
1.000371
1.000369
1.000367
1.000365
1.000363
1.000361
1.000360
1.000358
1.000356
1.000354
1.000353
1.000351
1.000349
1.000347
1.000346
1.000344
1.000342
1.000340
1.000339
1.000337
1.000335
1.000334
1.000332
1.000330
1.000329
1.000327
1.000326
1.000324
1.000322
1.000321
1.000319
1.000317
1.000316
1.000314
1.000313
1.000311
1.000310
1.000308
1.000307
1.000305
1.000304
1.000302
1.000301
1.000299
1.000298
1.000296
1.000295
1.000293
1.000292
1.000290
1.000289
1.000287
1.000286
1.000284
1.000283
1.000282
1.000280
1.000279
1.000278
1.000276
1.000275
1.000273
1.000272
1.000271
1.000269
1.000268
1.000267
1.000265
1.000264
1.000263
1.000261
1.000260
1.000259
1.000257
1.000256
1.000255
1.000254
1.000252
1.000251
1.000250
1.000249
1.000247
1.000246
1.000245
1.000244
1.000242
1.000241
1.000240
1.000239
1.000238
1.000237
1.000235
1.000234
1.000233
1.000232
1.000231
1.000230
1.000228
1.000227
1.000226
1.000225
1.000224
1.000223
1.000222
1.000221
1.000219
1.000219
1.000217
1.000216
1.000215
1.000214
1.000213
1.000212
1.000211
1.000210
1.000209
1.000208
1.000207
1.000206
1.000205
1.000204
1.000203
1.000202
1.000201
1.000200
1.000199
1.000198
1.000197
1.000196
1.000195
1.000194
1.000193
1.000192
1.000191
1.000190
1.000189
1.000188
1.000187
1.000186
1.000185
1.000184
1.000183
1.000183
1.000182
1.000181
1.000180
1.000179
1.000178
1.000177
1.000176
1.000175
1.000174
1.000174
1.000173
1.000172
1.000171
1.000170
1.000169
1.000169
1.000168
1.000167
1.000166
1.000165
1.000164
1.000164
1.000163
1.000162
1.000161
1.000160
1.000159
1.000159
1.000158
1.000157
1.000156
1.000156
1.000155
1.000154
1.000153
1.000153
1.000152
1.000151
1.000150
1.000150
1.000149
1.000148
1.000147
1.000147
1.000146
1.000145
1.000144
1.000144
1.000143
1.000142
1.000141
1.000141
1.000140
1.000140
1.000139
1.000138
1.000137
1.000137
1.000136
1.000135
1.000135
1.000134
1.000133
1.000133
1.000132
1.000131
1.000131
1.000130
1.000129
1.000129
1.000128
1.000128
1.000127
1.000126
1.000125
1.000125
1.000124
1.000124
1.000123
1.000123
1.000122
1.000121
1.000121
1.000120
1.000119
1.000119
1.000118
1.000118
1.000117
1.000117
1.000116
1.000115
1.000115
1.000114
1.000114
1.000113
1.000112
1.000112
1.000111
1.000111
1.000110
1.000110
1.000109
1.000109
1.000108
1.000108
1.000107
1.000107
1.000106
1.000106
1.000105
1.000104
1.000104
1.000103
1.000103
1.000102
1.000102
1.000101
1.000101
1.000100
1.000100
1.000099
1.000099
1.000098
1.000098
1.000097
1.000097
1.000096
1.000096
1.000096
1.000095
1.000095
1.000094
1.000094
1.000093
1.000093
1.000092
1.000092
1.000091
1.000091
1.000090
1.000090
1.000089
1.000089
1.000088
1.000088
1.000088
1.000087
1.000087
1.000086
1.000086
1.000086
1.000085
1.000085
1.000084
1.000084
1.000083
1.000083
1.000083
1.000082
1.000082
1.000081
1.000081
1.000081
1.000080
1.000080
1.000079
1.000079
1.000078
1.000078
1.000078
1.000077
1.000077
1.000077
1.000076
1.000076
1.000075
1.000075
1.000075
1.000074
1.000074
1.000074
1.000073
1.000073
1.000072
1.000072
1.000072
1.000072
1.000071
1.000071
1.000070
1.000070
1.000070
1.000069
1.000069
1.000069
1.000068
1.000068
1.000068
1.000067
1.000067
1.000067
1.000066
1.000066
1.000066
1.000065
1.000065
1.000065
1.000064
1.000064
1.000064
1.000064
1.000063
1.000063
1.000062
1.000062
1.000062
1.000062
1.000061
1.000061
1.000061
1.000060
1.000060
1.000060
1.000059
1.000059
1.000059
1.000059
1.000058
1.000058
1.000058
1.000057
1.000057
1.000057
1.000056
1.000056
1.000056
1.000056
1.000055
1.000055
1.000055
1.000055
1.000054
1.000054
1.000054
1.000054
1.000053
1.000053
1.000053
1.000053
1.000052
1.000052
1.000052
1.000052
1.000051
1.000051
1.000051
1.000051
1.000050
1.000050
1.000050
1.000050
1.000049
1.000049
1.000049
1.000049
1.000048
1.000048
1.000048
1.000048
1.000047
1.000047
1.000047
1.000047
1.000046
1.000046
1.000046
1.000046
1.000045
1.000045
1.000045
1.000045
1.000044
1.000044
1.000044
1.000044
1.000044
1.000043
1.000043
1.000043
1.000043
1.000043
1.000042
1.000042
1.000042
1.000042
1.000041
1.000041
1.000041
1.000041
1.000041
1.000041
1.000040
1.000040
1.000040
1.000040
1.000039
1.000039
1.000039
1.000039
1.000039
1.000039
1.000038
1.000038
1.000038
1.000038
1.000037
1.000037
1.000037
1.000037
1.000037
1.000037
1.000036
1.000036
1.000036
1.000036
1.000036
1.000036
1.000035
1.000035
1.000035
1.000035
1.000035
1.000035
1.000034
1.000034
1.000034
1.000034
1.000034
1.000034
1.000033
1.000033
1.000033
1.000033
1.000033
1.000033
1.000032
1.000032
1.000032
1.000032
1.000032
1.000032
1.000031
1.000031
1.000031
1.000031
1.000031
1.000031
1.000030
1.000030
1.000030
1.000030
1.000030
1.000030
1.000029
1.000030
1.000029
1.000029
1.000029
1.000029
1.000029
1.000029
1.000028
1.000028
1.000028
1.000028
1.000028
1.000028
1.000027
1.000028
1.000027
1.000027
1.000027
1.000027
1.000027
1.000027
1.000026
1.000026
1.000026
1.000026
1.000026
1.000026
1.000026
1.000026
1.000025
1.000025
1.000025
1.000025
1.000025
1.000025
1.000025
1.000025
1.000024
1.000024
1.000024
1.000024
1.000024
1.000024
1.000024
1.000024
1.000023
1.000023
1.000023
1.000023
1.000023
1.000023
1.000023
1.000023
1.000022
1.000023
1.000022
1.000022
1.000022
1.000022
1.000022
1.000022
1.000022
1.000022
1.000021
1.000021
1.000021
1.000021
1.000021
1.000021
1.000021
1.000021
1.000021
1.000021
1.000020
1.000020
1.000020
1.000020
1.000020
1.000020
1.000020
1.000020
1.000020
1.000020
1.000019
1.000019
1.000019
1.000019
1.000019
1.000019
1.000019
1.000019
1.000019
1.000019
1.000018
1.000018
1.000018
1.000018
1.000018
1.000018
1.000018
1.000018
1.000018
1.000018
1.000018
1.000018
1.000017
1.000017
1.000017
1.000017
1.000017
1.000017
1.000017
1.000017
1.000017
1.000017
1.000016
1.000017
1.000016
1.000016
1.000016
1.000016
1.000016
1.000016
1.000016
1.000016
1.000016
1.000016
1.000016
1.000016
1.000015
1.000015
1.000015
1.000015
1.000015
1.000015
1.000015
1.000015
1.000015
1.000015
1.000015
1.000015
1.000014
1.000015
1.000014
1.000014
1.000014
1.000014
1.000014
1.000014
1.000014
1.000014
1.000014
1.000014
1.000014
1.000014
1.000013
1.000014
1.000013
1.000013
1.000013
1.000013
1.000013
1.000013
1.000013
1.000013
1.000013
1.000013
1.000013
1.000013
1.000013
1.000013
1.000012
1.000013
1.000012
1.000012
1.000012
1.000012
1.000012
1.000012
1.000012
1.000012
1.000012
1.000012
1.000012
1.000012
1.000012
1.000012
1.000011
1.000012
1.000011
1.000011
1.000011
1.000011
1.000011
1.000011
1.000011
1.000011
1.000011
1.000011
1.000011
1.000011
1.000011
1.000011
1.000011
1.000011
1.000010
1.000011
1.000010
1.000011
1.000010
1.000010
1.000010
1.000010
1.000010
1.000010
1.000010
1.000010
1.000010
1.000010
1.000010
1.000010
1.000010
1.000010
1.000010
1.000010
1.000009
1.000010
1.000009
1.000010
1.000009
1.000009
1.000009
1.000009
1.000009
1.000009
1.000009
1.000009
1.000009
1.000009
1.000009
1.000009
1.000009
1.000009
1.000009
1.000009
1.000009
1.000009
1.000008
1.000009
1.000008
1.000009
1.000008
1.000008
1.000008
1.000008
1.000008
1.000008
1.000008
1.000008
1.000008
1.000008
1.000008
1.000008
1.000008
1.000008
1.000008
1.000008
1.000008
1.000008
1.000008
1.000008
1.000008
1.000008
1.000007
1.000008
1.000007
1.000008
1.000007
1.000007
1.000007
1.000007
1.000007
1.000007
1.000007
1.000007
1.000007
1.000007
1.000007
1.000007
1.000007
1.000007
1.000007
1.000007
1.000007
1.000007
1.000007
1.000007
1.000007
1.000007
1.000007
1.000007
1.000006
1.000007
1.000006
1.000007
1.000006
1.000006
1.000006
1.000006
1.000006
1.000006
1.000006
1.000006
1.000006
1.000006
1.000006
1.000006
1.000006
1.000006
1.000006
1.000006
1.000006
1.000006
1.000006
1.000006
1.000006
1.000006
1.000006
1.000006
1.000006
1.000006
1.000006
1.000006
1.000005
1.000006
1.000005
1.000006
1.000005
1.000006
1.000005
1.000005
1.000005
1.000005
1.000005
1.000005
1.000005
1.000005
1.000005
1.000005
1.000005
1.000005
1.000005
1.000005
1.000005
1.000005
1.000005
1.000005
1.000005
1.000005
1.000005
1.000005
1.000005
1.000005
1.000005
1.000005
1.000005
1.000005
1.000005
1.000005
1.000005
1.000005
1.000005
1.000005
1.000004
1.000005
1.000004
1.000005
1.000004
1.000005
1.000004
1.000005
1.000004
1.000004
1.000004
1.000004
1.000004
1.000004
1.000004
1.000004
1.000004
1.000004
1.000004
1.000004
1.000004
1.000004
1.000004
1.000004
1.000004
1.000004
1.000004
1.000004
1.000004
1.000004
1.000004
1.000004
1.000004
1.000004
1.000004
1.000004
1.000004
1.000004
1.000004
1.000004
1.000004
1.000004
1.000004
1.000004
1.000004
1.000004
1.000004
1.000004
1.000004
1.000004
1.000003
1.000004
1.000003
1.000004
1.000003
1.000004
1.000003
1.000004
1.000003
1.000004
1.000003
1.000003
1.000003
1.000003
1.000003
1.000003
1.000003
1.000003
1.000003
1.000003
1.000003
1.000003
1.000003
1.000003
1.000003
1.000003
1.000003
1.000003
1.000003
1.000003
1.000003
1.000003
1.000003
1.000003
1.000003
1.000003
1.000003
1.000003
1.000003
1.000003
1.000003
1.000003
1.000003
1.000003
1.000003
1.000003
1.000003
1.000003
1.000003
1.000003
1.000003
1.000003
1.000003
1.000003
1.000003
1.000003
1.000003
1.000003
1.000003
1.000003
1.000003
1.000003
1.000003
1.000003
1.000003
1.000003
1.000002
1.000003
1.000002
1.000003
1.000002
1.000003
1.000002
1.000003
1.000002
1.000003
1.000002
1.000003
1.000002
1.000002
1.000002
1.000002
1.000002
1.000002
1.000002
1.000002
1.000002
1.000002
1.000002
1.000002
1.000002
1.000002
1.000002
1.000002
1.000002
1.000002
1.000002
1.000002
1.000002
1.000002
1.000002
1.000002
1.000002
1.000002
1.000002
1.000002
1.000002
1.000002
1.000002
1.000002
1.000002
1.000002
1.000002
1.000002
1.000002
1.000002
1.000002
1.000002
1.000002
1.000002
1.000002
1.000002
1.000002
1.000002
1.000002
1.000002
1.000002
1.000002
1.000002
1.000002
1.000002
1.000002
1.000002
1.000002
1.000002
1.000002
1.000002
1.000002
1.000002
1.000002
1.000002
1.000002
1.000002
1.000002
1.000002
1.000002
1.000002
1.000002
1.000002
1.000002
1.000002
1.000002
1.000002
1.000002
1.000002
1.000002
1.000002
1.000002
1.000002
1.000002
1.000002
1.000002
1.000002
1.000002
1.000001
1.000002
1.000001
1.000002
1.000001
1.000002
1.000001
1.000002
1.000001
1.000002
1.000001
1.000002
1.000001
1.000002
1.000001
1.000002
1.000001
1.000002
1.000001
1.000002
1.000001
1.000002
1.000001
1.000001
1.000001
1.000001
1.000001
1.000001
1.000001
1.000001
1.000001
1.000001
1.000001
1.000001
1.000001
1.000001
1.000001
1.000001
1.000001
1.000001
1.000001
1.000001
1.000001
1.000001
1.000001
1.000001
1.000001
1.000001
1.000001
1.000001
1.000001
1.000001
1.000001
1.000001
1.000001
1.000001
1.000001
1.000001
1.000001
1.000001
1.000001
1.000001
1.000001
1.000001
1.000001
1.000001
1.000001
1.000001
1.000001
1.000001
1.000001
1.000001
1.000001
1.000001
1.000001
1.000001
1.000001
1.000001
1.000001
1.000001
1.000001
1.000001
1.000001
1.000001
1.000001
1.000001
1.000001
1.000001
1.000001
1.000001
1.000001
1.000001
1.000001
1.000001
1.000001
1.000001
1.000001
1.000001
1.000001
1.000001
1.000001
1.000001
1.000001
1.000001
1.000001
1.000001
1.000001
1.000001
1.000001
1.000001
1.000001
1.000001
1.000001
1.000001
1.000001
1.000001
1.000001
1.000001
1.000001
1.000001
1.000001
1.000001
1.000001
1.000001
1.000001
1.000001
1.000001
1.000001
1.000001
1.000001
1.000001
1.000001
1.000001
1.000001
1.000001
1.000001
1.000001
1.000001
1.000001
1.000001
1.000001
1.000001
1.000001
1.000001
1.000001
1.000001
1.000001
1.000001
1.000001
1.000001
1.000001
1.000001
1.000001
1.000001
1.000001
1.000001
1.000001
1.000001
1.000001
1.000001
1.000001
1.000001
1.000001
1.000001
1.000001
1.000001
1.000001
1.000001
1.000001
1.000001
1.000001
1.000001
1.000001
1.000001
1.000001
1.000001
1.000001
1.000001
1.000001
1.000001
1.000001
1.000001
1.000001
1.000001
1.000001
1.000001
1.000001
1.000001
1.000001
1.000001
1.000001
1.000001
1.000001
1.000001
1.000001
1.000001
1.000001
1.000001
1.000000
1.000001
1.000000
1.000001
1.000000
1.000001
1.000000
1.000001
1.000000
1.000001
1.000000
1.000001
1.000000
1.000001
1.000000
1.000001
1.000000
1.000001
1.000000
1.000001
1.000000
1.000001
1.000000
1.000001
1.000000
1.000001
1.000000
1.000001
1.000000
1.000001
1.000000
1.000001
1.000000
1.000001
1.000000
1.000001
1.000000
1.000001
1.000000
1.000001
1.000000
1.000001
1.000000
1.000001
1.000000
1.000001
1.000000
1.000001
1.000000
1.000001
1.000000
1.000001
1.000000
1.000001
1.000000
1.000001
1.000000
1.000001
1.000000
1.000001
1.000000
1.000001
1.000000
1.000001
1.000000
1.000001
1.000000
1.000001
1.000000
1.000001
1.000000
1.000001
1.000000
1.000000
1.000000
1.000000
1.000000
1.000000
1.000000
1.000000
1.000000
1.000000
1.000000
1.000000
1.000000
1.000000
1.000000
1.000000
1.000000
1.000000
1.000000
1.000000
1.000000
1.000000
1.000000
1.000000
1.000000
1.000000
1.000000
1.000000
1.000000
1.000000
1.000000
1.000000
1.000000
1.000000
1.000000
1.000000
1.000000
1.000000
1.000000
1.000000
1.000000
1.000000
1.000000
1.000000
1.000000
1.000000
1.000000
1.000000
1.000000
1.000000
1.000000
1.000000
1.000000
1.000000
1.000000
1.000000
1.000000
1.000000
1.000000
1.000000
1.000000
1.000000
1.000000
1.000000
1.000000
1.000000
1.000000
1.000000
1.000000
1.000000
1.000000
1.000000
1.000000
1.000000
1.000000
1.000000
1.000000
1.000000
1.000000
1.000000
1.000000
1.000000
1.000000
1.000000
1.000000
1.000000
1.000000
1.000000
1.000000
1.000000
1.000000
1.000000
1.000000
1.000000
1.000000
1.000000
1.000000
1.000000
1.000000
1.000000
1.000000
1.000000
1.000000
1.000000
1.000000
1.000000
1.000000
1.000000
1.000000
1.000000
1.000000
1.000000
1.000000
1.000000
1.000000
1.000000
1.000000
1.000000
1.000000
1.000000
1.000000
1.000000
1.000000
1.000000
1.000000
1.000000
1.000000
1.000000
1.000000
1.000000
1.000000
1.000000
1.000000
1.000000
1.000000
1.000000
1.000000
1.000000
1.000000
1.000000
1.000000
1.000000
1.000000
1.000000
1.000000
1.000000
1.000000
1.000000
1.000000
1.000000
1.000000
1.000000
1.000000
1.000000
1.000000
1.000000
1.000000
1.000000
1.000000
1.000000
1.000000
1.000000
1.000000
1.000000
1.000000
1.000000
1.000000
1.000000
1.000000
1.000000
1.000000
1.000000
1.000000
1.000000
1.000000
1.000000
1.000000
1.000000
1.000000
1.000000
1.000000
1.000000
1.000000
1.000000
1.000000
1.000000
1.000000
1.000000
1.000000
1.000000
1.000000
1.000000
1.000000
1.000000
1.000000
1.000000
1.000000
1.000000
1.000000
1.000000
1.000000
1.000000
1.000000
1.000000
1.000000
1.000000
1.000000
1.000000
1.000000
1.000000
1.000000
1.000000
1.000000
1.000000
1.000000
1.000000
1.000000
1.000000
1.000000
1.000000
1.000000
1.000000
1.000000
1.000000
1.000000
1.000000
1.000000
1.000000
1.000000
1.000000
1.000000
1.000000
1.000000
1.000000
1.000000
1.000000
1.000000
1.000000
1.000000
1.000000
1.000000
1.000000
1.000000
1.000000
1.000000
1.000000
1.000000
1.000000
1.000000
1.000000
1.000000
1.000000
1.000000
1.000000
1.000000
1.000000
1.000000
1.000000
1.000000
1.000000
1.000000
1.000000
1.000000
1.000000
1.000000
1.000000
1.000000
1.000000
1.000000
1.000000
1.000000
1.000000
1.000000
1.000000
1.000000
1.000000
1.000000
1.000000
1.000000
1.000000
1.000000
1.000000
1.000000
1.000000
1.000000
1.000000
1.000000
1.000000
1.000000
1.000000
1.000000
1.000000
1.000000
1.000000
1.000000
1.000000
1.000000
1.000000
1.000000
1.000000
1.000000
1.000000
1.000000
1.000000
1.000000
1.000000
1.000000
1.000000
1.000000
1.000000
1.000000
1.000000
1.000000
1.000000
1.000000
1.000000
1.000000
1.000000
1.000000
1.000000
1.000000
1.000000
1.000000
1.000000
1.000000
1.000000
1.000000
1.000000
1.000000
1.000000
1.000000
1.000000
1.000000
1.000000
1.000000
1.000000
1.000000
1.000000
1.000000
1.000000
1.000000
1.000000
1.000000
1.000000
1.000000
1.000000
1.000000
1.000000
1.000000
1.000000
1.000000
1.000000
1.000000
1.000000
1.000000
1.000000
1.000000
1.000000
1.000000
1.000000
1.000000
1.000000
1.000000
1.000000
1.000000
1.000000
1.000000
1.000000
1.000000
1.000000
1.000000
1.000000
1.000000
1.000000
1.000000
1.000000
1.000000
1.000000
1.000000
1.000000
1.000000
1.000000
1.000000
1.000000
1.000000
1.000000
1.000000
1.000000
1.000000
1.000000
1.000000
1.000000
1.000000
1.000000
1.000000
1.000000
1.000000
1.000000
1.000000
1.000000
1.000000
1.000000
1.000000
1.000000
1.000000
1.000000
1.000000
1.000000
1.000000
1.000000
1.000000
1.000000
1.000000
1.000000
1.000000
1.000000
1.000000
1.000000
1.000000
1.000000
1.000000
1.000000
1.000000
1.000000
1.000000
1.000000
1.000000
1.000000
1.000000
1.000000
1.000000
1.000000
1.000000
1.000000
1.000000
1.000000
1.000000
1.000000
1.000000
1.000000
1.000000
1.000000
1.000000
1.000000
1.000000
1.000000
1.000000
1.000000
1.000000
1.000000
1.000000
1.000000
1.000000
1.000000
1.000000
1.000000
1.000000
1.000000
1.000000
1.000000
1.000000
1.000000
1.000000
1.000000
1.000000
1.000000
1.000000
1.000000
1.000000
1.000000
1.000000
1.000000
1.000000
1.000000
1.000000
1.000000
1.000000
1.000000
1.000000
1.000000
1.000000
1.000000
1.000000
1.000000
1.000000
1.000000
1.000000
1.000000
1.000000
1.000000
1.000000
1.000000
1.000000
1.000000
1.000000
1.000000
1.000000
1.000000
1.000000
1.000000
1.000000
1.000000
1.000000
1.000000
1.000000
1.000000
1.000000
1.000000
1.000000
1.000000
1.000000
1.000000
1.000000
1.000000
1.000000
1.000000
1.000000
1.000000
1.000000
1.000000
1.000000
1.000000
1.000000
1.000000
1.000000
1.000000
1.000000
1.000000
1.000000
1.000000
1.000000
1.000000
1.000000
1.000000
1.000000
1.000000
1.000000
1.000000
1.000000
1.000000
1.000000
1.000000
1.000000
1.000000
1.000000
1.000000
1.000000
1.000000
1.000000
1.000000
1.000000
1.000000
1.000000
1.000000
1.000000
1.000000
1.000000
1.000000
1.000000
1.000000
1.000000
1.000000
1.000000
1.000000
1.000000
1.000000
1.000000
1.000000
1.000000
1.000000
1.000000
1.000000
1.000000
1.000000
1.000000
1.000000
1.000000
1.000000
1.000000
1.000000
1.000000
1.000000
1.000000
1.000000
1.000000
1.000000
1.000000
1.000000
1.000000
1.000000
1.000000
1.000000
1.000000
1.000000
1.000000
1.000000
1.000000
1.000000
1.000000
1.000000
1.000000
1.000000
1.000000
1.000000
1.000000
1.000000
1.000000
1.000000
1.000000
1.000000
1.000000
1.000000
1.000000
1.000000
1.000000
1.000000
1.000000
1.000000
1.000000
1.000000
1.000000
1.000000
1.000000
1.000000
1.000000
1.000000
1.000000
1.000000
1.000000
1.000000
1.000000
1.000000
1.000000
1.000000
1.000000
1.000000
1.000000
1.000000
1.000000
1.000000
1.000000
1.000000
1.000000
1.000000
1.000000
1.000000
1.000000
1.000000
1.000000
1.000000
1.000000
1.000000
1.000000
1.000000
1.000000
1.000000
1.000000
1.000000
1.000000
1.000000
1.000000
1.000000
1.000000
1.000000
1.000000
1.000000
1.000000
1.000000
1.000000
1.000000
1.000000
1.000000
1.000000
1.000000
1.000000
1.000000
1.000000
1.000000
1.000000
1.000000
1.000000
1.000000
1.000000
1.000000
1.000000
1.000000
1.000000
1.000000
1.000000
1.000000
1.000000
1.000000
1.000000
1.000000
1.000000
1.000000
1.000000
1.000000
1.000000
1.000000
1.000000
1.000000
1.000000
1.000000
1.000000
1.000000
1.000000
1.000000
1.000000
1.000000
1.000000
1.000000
1.000000
1.000000
1.000000
1.000000
1.000000
1.000000
1.000000
1.000000
1.000000
1.000000
1.000000
1.000000
1.000000
1.000000
1.000000
1.000000
1.000000
1.000000
1.000000
1.000000
1.000000
1.000000
1.000000
1.000000
1.000000
1.000000
1.000000
1.000000
1.000000
1.000000
1.000000
1.000000
1.000000
1.000000
1.000000
1.000000
1.000000
1.000000
1.000000
1.000000
1.000000
1.000000
1.000000
1.000000
1.000000
1.000000
1.000000
1.000000
1.000000
1.000000
1.000000
1.000000
1.000000
1.000000
1.000000
1.000000
1.000000
1.000000
1.000000
1.000000
1.000000
1.000000
1.000000
1.000000
1.000000
1.000000
1.000000
1.000000
1.000000
1.000000
1.000000
1.000000
1.000000
1.000000
1.000000
1.000000
1.000000
1.000000
1.000000
1.000000
1.000000
1.000000
1.000000
1.000000
1.000000
1.000000
1.000000
1.000000
1.000000
1.000000
1.000000
1.000000
1.000000
1.000000
1.000000
1.000000
1.000000
1.000000
1.000000
1.000000
1.000000
1.000000
1.000000
1.000000
1.000000
1.000000
1.000000
1.000000
1.000000
1.000000
1.000000
1.000000
1.000000
1.000000
1.000000
1.000000
1.000000
1.000000
1.000000
1.000000
1.000000
1.000000
1.000000
1.000000
1.000000
1.000000
1.000000
1.000000
1.000000
1.000000
1.000000
1.000000
1.000000
1.000000
1.000000
1.000000
1.000000
1.000000
1.000000
1.000000
1.000000
1.000000
1.000000
1.000000
1.000000
1.000000
1.000000
1.000000
1.000000
1.000000
1.000000
1.000000
1.000000
1.000000
1.000000
1.000000
1.000000
1.000000
1.000000
1.000000
1.000000
1.000000
1.000000
1.000000
1.000000
1.000000
1.000000
1.000000
1.000000
1.000000
1.000000
1.000000
1.000000
1.000000
1.000000
1.000000
1.000000
1.000000
1.000000
1.000000
1.000000
1.000000
1.000000
1.000000
1.000000
1.000000
1.000000
1.000000
1.000000
1.000000
1.000000
1.000000
1.000000
1.000000
1.000000
1.000000
1.000000
1.000000
1.000000
1.000000
1.000000
1.000000
1.000000
1.000000
1.000000
1.000000
1.000000
1.000000
1.000000
1.000000
1.000000
1.000000
1.000000
1.000000
1.000000
1.000000
1.000000
1.000000
1.000000
1.000000
1.000000
1.000000
1.000000
1.000000
1.000000
1.000000
1.000000
1.000000
1.000000
1.000000
1.000000
1.000000
1.000000
1.000000
1.000000
1.000000
1.000000
1.000000
1.000000
1.000000
1.000000
1.000000
1.000000
1.000000
1.000000
1.000000
1.000000
1.000000
1.000000
1.000000
1.000000
1.000000
1.000000
1.000000
1.000000
1.000000
1.000000
1.000000
1.000000
1.000000
1.000000
1.000000
1.000000
1.000000
1.000000
1.000000
1.000000
1.000000
1.000000
1.000000
1.000000
1.000000
1.000000
1.000000
1.000000
1.000000
1.000000
1.000000
1.000000
1.000000
1.000000
1.000000
1.000000
1.000000
1.000000
1.000000
1.000000
1.000000
1.000000
1.000000
1.000000
1.000000
1.000000
1.000000
1.000000
1.000000
1.000000
1.000000
1.000000
1.000000
1.000000
1.000000
1.000000
1.000000
1.000000
1.000000
1.000000
1.000000
1.000000
1.000000
1.000000
1.000000
1.000000
1.000000
1.000000
1.000000
1.000000
1.000000
1.000000
1.000000
1.000000
1.000000
1.000000
1.000000
1.000000
1.000000
1.000000
1.000000
1.000000
1.000000
1.000000
1.000000
1.000000
1.000000
1.000000
1.000000
1.000000
1.000000
1.000000
1.000000
1.000000
1.000000
1.000000
1.000000
1.000000
1.000000
1.000000
1.000000
1.000000
1.000000
1.000000
1.000000
1.000000
1.000000
1.000000
1.000000
1.000000
1.000000
1.000000
1.000000
1.000000
1.000000
1.000000
1.000000
1.000000
1.000000
1.000000
1.000000
1.000000
1.000000
1.000000
1.000000
1.000000
1.000000
1.000000
1.000000
1.000000
1.000000
1.000000
1.000000
1.000000
1.000000
1.000000
1.000000
1.000000
1.000000
1.000000
1.000000
1.000000
1.000000
1.000000
1.000000
1.000000
1.000000
1.000000
1.000000
1.000000
1.000000
1.000000
1.000000
1.000000
1.000000
1.000000
1.000000
1.000000
1.000000
1.000000
1.000000
1.000000
1.000000
1.000000
1.000000
1.000000
1.000000
1.000000
1.000000
1.000000
1.000000
1.000000
1.000000
1.000000
1.000000
1.000000
1.000000
1.000000
1.000000
1.000000
1.000000
1.000000
1.000000
1.000000
1.000000
1.000000
1.000000
1.000000
1.000000
1.000000
1.000000
1.000000
1.000000
1.000000
1.000000
1.000000
1.000000
1.000000
1.000000
1.000000
1.000000
1.000000
1.000000
1.000000
1.000000
1.000000
1.000000
1.000000
1.000000
1.000000
1.000000
1.000000
1.000000
1.000000
1.000000
1.000000
1.000000
1.000000
1.000000
1.000000
1.000000
1.000000
1.000000
1.000000
1.000000
1.000000
1.000000
1.000000
1.000000
1.000000
1.000000
1.000000
1.000000
1.000000
1.000000
1.000000
1.000000
1.000000
1.000000
1.000000
1.000000
1.000000
1.000000
1.000000
1.000000
1.000000
1.000000
1.000000
1.000000
1.000000
1.000000
1.000000
1.000000
1.000000
1.000000
1.000000
1.000000
1.000000
1.000000
1.000000
1.000000
1.000000
1.000000
1.000000
1.000000
1.000000
1.000000
1.000000
1.000000
1.000000
1.000000
1.000000
1.000000
1.000000
1.000000
1.000000
1.000000
1.000000
1.000000
1.000000
1.000000
1.000000
1.000000
1.000000
1.000000
1.000000
1.000000
1.000000
1.000000
1.000000
1.000000
1.000000
1.000000
1.000000
1.000000
1.000000
1.000000
1.000000
1.000000
1.000000
1.000000
1.000000
1.000000
1.000000
1.000000
1.000000
1.000000
1.000000
1.000000
1.000000
1.000000
1.000000
1.000000
1.000000
1.000000
1.000000
1.000000
1.000000
1.000000
1.000000
1.000000
1.000000
1.000000
1.000000
1.000000
1.000000
1.000000
1.000000
1.000000
1.000000
1.000000
1.000000
1.000000
1.000000
1.000000
1.000000
1.000000
1.000000
1.000000
1.000000
1.000000
1.000000
1.000000
1.000000
1.000000
1.000000
1.000000
1.000000
1.000000
1.000000
1.000000
1.000000
1.000000
1.000000
1.000000
1.000000
1.000000
1.000000
1.000000
1.000000
1.000000
1.000000
1.000000
1.000000
1.000000
1.000000
1.000000
1.000000
1.000000
1.000000
1.000000
1.000000
1.000000
1.000000
1.000000
1.000000
1.000000
1.000000
1.000000
1.000000
1.000000
1.000000
1.000000
1.000000
1.000000
1.000000
1.000000
1.000000
1.000000
1.000000
1.000000
1.000000
1.000000
1.000000
1.000000
1.000000
1.000000
1.000000
1.000000
1.000000
1.000000
1.000000
1.000000
1.000000
1.000000
1.000000
1.000000
1.000000
1.000000
1.000000
1.000000
1.000000
1.000000
1.000000
1.000000
1.000000
1.000000
1.000000
1.000000
1.000000
1.000000
1.000000
1.000000
1.000000
1.000000
1.000000
1.000000
1.000000
1.000000
1.000000
1.000000
1.000000
1.000000
1.000000
1.000000
1.000000
1.000000
1.000000
1.000000
1.000000
1.000000
1.000000
1.000000
1.000000
1.000000
1.000000
1.000000
1.000000
1.000000
1.000000
1.000000
1.000000
1.000000
1.000000
1.000000
1.000000
1.000000
1.000000
1.000000
1.000000
1.000000
1.000000
1.000000
1.000000
1.000000
1.000000
1.000000
1.000000
1.000000
1.000000
1.000000
1.000000
1.000000
1.000000
1.000000
1.000000
1.000000
1.000000
1.000000
1.000000
1.000000
1.000000
1.000000
1.000000
1.000000
1.000000
1.000000
1.000000
1.000000
1.000000
1.000000
1.000000
1.000000
1.000000
1.000000
1.000000
1.000000
1.000000
1.000000
1.000000
1.000000
1.000000
1.000000
1.000000
1.000000
1.000000
1.000000
1.000000
1.000000
1.000000
1.000000
1.000000
1.000000
1.000000
1.000000
1.000000
1.000000
1.000000
1.000000
1.000000
1.000000
1.000000
1.000000
1.000000
1.000000
1.000000
1.000000
1.000000
1.000000
1.000000
1.000000
1.000000
1.000000
1.000000
1.000000
1.000000
1.000000
1.000000
1.000000
1.000000
1.000000
1.000000
1.000000
1.000000
1.000000
1.000000
1.000000
1.000000
1.000000
1.000000
1.000000
1.000000
1.000000
1.000000
1.000000
1.000000
1.000000
1.000000
1.000000
1.000000
1.000000
1.000000
1.000000
1.000000
1.000000
1.000000
1.000000
1.000000
1.000000
1.000000
1.000000
1.000000
1.000000
1.000000
1.000000
1.000000
1.000000
1.000000
1.000000
1.000000
1.000000
1.000000
1.000000
1.000000
1.000000
1.000000
1.000000
1.000000
1.000000
1.000000
1.000000
1.000000
1.000000
1.000000
1.000000
1.000000
1.000000
1.000000
1.000000
1.000000
1.000000
1.000000
1.000000
1.000000
1.000000
1.000000
1.000000
1.000000
1.000000
1.000000
1.000000
1.000000
1.000000
1.000000
1.000000
1.000000
1.000000
1.000000
1.000000
1.000000
1.000000
1.000000
1.000000
1.000000
1.000000
1.000000
1.000000
1.000000
1.000000
1.000000
1.000000
1.000000
1.000000
1.000000
1.000000
1.000000
1.000000
1.000000
1.000000
1.000000
1.000000
1.000000
1.000000
1.000000
1.000000
1.000000
1.000000
1.000000
1.000000
1.000000
1.000000
1.000000
1.000000
1.000000
1.000000
1.000000
1.000000
1.000000
1.000000
1.000000
1.000000
1.000000
1.000000
1.000000
1.000000
1.000000
1.000000
1.000000
1.000000
1.000000
1.000000
1.000000
1.000000
1.000000
1.000000
1.000000
1.000000
1.000000
1.000000
1.000000
1.000000
1.000000
1.000000
1.000000
1.000000
1.000000
1.000000
1.000000
1.000000
1.000000
1.000000
1.000000
1.000000
1.000000
1.000000
1.000000
1.000000
1.000000
1.000000
1.000000
1.000000
1.000000
1.000000
1.000000
1.000000
1.000000
1.000000
1.000000
1.000000
1.000000
1.000000
1.000000
1.000000
1.000000
1.000000
1.000000
1.000000
1.000000
1.000000
1.000000
1.000000
1.000000
1.000000
1.000000
1.000000
1.000000
1.000000
1.000000
1.000000
1.000000
1.000000
1.000000
1.000000
1.000000
1.000000
1.000000
1.000000
1.000000
1.000000
1.000000
1.000000
1.000000
1.000000
1.000000
1.000000
1.000000
1.000000
1.000000
1.000000
1.000000
1.000000
1.000000
1.000000
1.000000
1.000000
1.000000
1.000000
1.000000
1.000000
1.000000
1.000000
1.000000
1.000000
1.000000
1.000000
1.000000
1.000000
1.000000
1.000000
1.000000
1.000000
1.000000
1.000000
1.000000
1.000000
1.000000
1.000000
1.000000
1.000000
1.000000
1.000000
1.000000
1.000000
1.000000
1.000000
1.000000
1.000000
1.000000
1.000000
1.000000
1.000000
1.000000
1.000000
1.000000
1.000000
1.000000
1.000000
1.000000
1.000000
1.000000
1.000000
1.000000
1.000000
1.000000
1.000000
1.000000
1.000000
1.000000
1.000000
1.000000
1.000000
1.000000
1.000000
1.000000
1.000000
1.000000
1.000000
1.000000
1.000000
1.000000
1.000000
1.000000
1.000000
1.000000
1.000000
1.000000
1.000000
1.000000
1.000000
1.000000
1.000000
1.000000
1.000000
1.000000
1.000000
1.000000
1.000000
1.000000
1.000000
1.000000
1.000000
1.000000
1.000000
1.000000
1.000000
1.000000
1.000000
1.000000
1.000000
1.000000
1.000000
1.000000
1.000000
1.000000
1.000000
1.000000
1.000000
1.000000
1.000000
1.000000
1.000000
1.000000
1.000000
1.000000
1.000000
1.000000
1.000000
1.000000
1.000000
1.000000
1.000000
1.000000
1.000000
1.000000
1.000000
1.000000
1.000000
1.000000
1.000000
1.000000
1.000000
1.000000
1.000000
1.000000
1.000000
1.000000
1.000000
1.000000
1.000000
1.000000
1.000000
1.000000
1.000000
1.000000
1.000000
1.000000
1.000000
1.000000
1.000000
1.000000
1.000000
1.000000
1.000000
1.000000
1.000000
1.000000
1.000000
1.000000
1.000000
1.000000
1.000000
1.000000
1.000000
1.000000
1.000000
1.000000
1.000000
1.000000
1.000000
1.000000
1.000000
1.000000
1.000000
1.000000
1.000000
1.000000
1.000000
1.000000
1.000000
1.000000
1.000000
1.000000
1.000000
1.000000
1.000000
1.000000
1.000000
1.000000
1.000000
1.000000
1.000000
1.000000
1.000000
1.000000
1.000000
1.000000
1.000000
1.000000
1.000000
1.000000
1.000000
1.000000
1.000000
1.000000
1.000000
1.000000
1.000000
1.000000
1.000000
1.000000
1.000000
1.000000
1.000000
1.000000
1.000000
1.000000
1.000000
1.000000
1.000000
1.000000
1.000000
1.000000
1.000000
1.000000
1.000000
1.000000
1.000000
1.000000
1.000000
1.000000
1.000000
1.000000
1.000000
1.000000
1.000000
1.000000
1.000000
1.000000
1.000000
1.000000
1.000000
1.000000
1.000000
1.000000
1.000000
1.000000
1.000000
1.000000
1.000000
1.000000
1.000000
1.000000
1.000000
1.000000
1.000000
1.000000
1.000000
1.000000
1.000000
1.000000
1.000000
1.000000
1.000000
1.000000
1.000000
1.000000
1.000000
1.000000
1.000000
1.000000
1.000000
1.000000
1.000000
1.000000
1.000000
1.000000
1.000000
1.000000
1.000000
1.000000
1.000000
1.000000
1.000000
1.000000
1.000000
1.000000
1.000000
1.000000
1.000000
1.000000
1.000000
1.000000
1.000000
1.000000
1.000000
1.000000
1.000000
1.000000
1.000000
1.000000
1.000000
1.000000
1.000000
1.000000
1.000000
1.000000
1.000000
1.000000
1.000000
1.000000
1.000000
1.000000
1.000000
1.000000
1.000000
1.000000
1.000000
1.000000
1.000000
1.000000
1.000000
1.000000
1.000000
1.000000
1.000000
1.000000
1.000000
1.000000
1.000000
1.000000
1.000000
1.000000
1.000000
1.000000
1.000000
1.000000
1.000000
1.000000
1.000000
1.000000
1.000000
1.000000
1.000000
1.000000
1.000000
1.000000
1.000000
1.000000
1.000000
1.000000
1.000000
1.000000
1.000000
1.000000
1.000000
1.000000
1.000000
1.000000
1.000000
1.000000
1.000000
1.000000
1.000000
1.000000
1.000000
1.000000
1.000000
1.000000
1.000000
1.000000
1.000000
1.000000
1.000000
1.000000
1.000000
1.000000
1.000000
1.000000
1.000000
1.000000
1.000000
1.000000
1.000000
1.000000
1.000000
1.000000
1.000000
1.000000
1.000000
1.000000
1.000000
1.000000
1.000000
1.000000
1.000000
1.000000
1.000000
1.000000
1.000000
1.000000
1.000000
1.000000
1.000000
1.000000
1.000000
1.000000
1.000000
1.000000
1.000000
1.000000
1.000000
1.000000
1.000000
1.000000
1.000000
1.000000
1.000000
1.000000
1.000000
1.000000
1.000000
1.000000
1.000000
1.000000
1.000000
1.000000
1.000000
1.000000
1.000000
1.000000
1.000000
1.000000
1.000000
1.000000
1.000000
1.000000
1.000000
1.000000
1.000000
1.000000
1.000000
1.000000
1.000000
1.000000
1.000000
1.000000
1.000000
1.000000
1.000000
1.000000
1.000000
1.000000
1.000000
1.000000
1.000000
1.000000
1.000000
1.000000
1.000000
1.000000
1.000000
1.000000
1.000000
1.000000
1.000000
1.000000
1.000000
1.000000
1.000000
1.000000
1.000000
1.000000
1.000000
1.000000
1.000000
1.000000
1.000000
1.000000
1.000000
1.000000
1.000000
1.000000
1.000000
1.000000
1.000000
1.000000
1.000000
1.000000
1.000000
1.000000
1.000000
1.000000
1.000000
1.000000
1.000000
1.000000
1.000000
1.000000
1.000000
1.000000
1.000000
1.000000
1.000000
1.000000
1.000000
1.000000
1.000000
1.000000
1.000000
1.000000
1.000000
1.000000
1.000000
1.000000
1.000000
1.000000
1.000000
1.000000
1.000000
1.000000
1.000000
1.000000
1.000000
1.000000
1.000000
1.000000
1.000000
1.000000
1.000000
1.000000
1.000000
1.000000
1.000000
1.000000
1.000000
1.000000
1.000000
1.000000
1.000000
1.000000
1.000000
1.000000
1.000000
1.000000
1.000000
1.000000
1.000000
1.000000
1.000000
1.000000
1.000000
1.000000
1.000000
1.000000
1.000000
1.000000
1.000000
1.000000
1.000000
1.000000
1.000000
1.000000
1.000000
1.000000
1.000000
1.000000
1.000000
1.000000
1.000000
1.000000
1.000000
1.000000
1.000000
1.000000
1.000000
1.000000
1.000000
1.000000
1.000000
1.000000
1.000000
1.000000
1.000000
1.000000
1.000000
1.000000
1.000000
1.000000
1.000000
1.000000
1.000000
1.000000
1.000000
1.000000
1.000000
1.000000
1.000000
1.000000
1.000000
1.000000
1.000000
1.000000
1.000000
1.000000
1.000000
1.000000
1.000000
1.000000
1.000000
1.000000
1.000000
1.000000
1.000000
1.000000
1.000000
1.000000
1.000000
1.000000
1.000000
1.000000
1.000000
1.000000
1.000000
1.000000
1.000000
1.000000
1.000000
1.000000
1.000000
1.000000
1.000000
1.000000
1.000000
1.000000
1.000000
1.000000
1.000000
1.000000
1.000000
1.000000
1.000000
1.000000
1.000000
1.000000
1.000000
1.000000
1.000000
1.000000
1.000000
1.000000
1.000000
1.000000
1.000000
1.000000
1.000000
1.000000
1.000000
1.000000
1.000000
1.000000
1.000000
1.000000
1.000000
1.000000
1.000000
1.000000
1.000000
1.000000
1.000000
1.000000
1.000000
1.000000
1.000000
1.000000
1.000000
1.000000
1.000000
1.000000
1.000000
1.000000
1.000000
1.000000
1.000000
1.000000
1.000000
1.000000
1.000000
1.000000
1.000000
1.000000
1.000000
1.000000
1.000000
1.000000
1.000000
1.000000
1.000000
1.000000
1.000000
1.000000
1.000000
1.000000
1.000000
1.000000
1.000000
1.000000
1.000000
1.000000
1.000000
1.000000
1.000000
1.000000
1.000000
1.000000
1.000000
1.000000
1.000000
1.000000
1.000000
1.000000
1.000000
1.000000
1.000000
1.000000
1.000000
1.000000
1.000000
1.000000
1.000000
1.000000
1.000000
1.000000
1.000000
1.000000
1.000000
1.000000
1.000000
1.000000
1.000000
1.000000
1.000000
1.000000
1.000000
1.000000
1.000000
1.000000
1.000000
1.000000
1.000000
1.000000
1.000000
1.000000
1.000000
1.000000
1.000000
1.000000
1.000000
1.000000
1.000000
1.000000
1.000000
1.000000
1.000000
1.000000
1.000000
1.000000
1.000000
1.000000
1.000000
1.000000
1.000000
1.000000
1.000000
1.000000
1.000000
1.000000
1.000000
1.000000
1.000000
1.000000
1.000000
1.000000
1.000000
1.000000
1.000000
1.000000
1.000000
1.000000
1.000000
1.000000
1.000000
1.000000
1.000000
1.000000
1.000000
1.000000
1.000000
1.000000
1.000000
1.000000
1.000000
1.000000
1.000000
1.000000
1.000000
1.000000
1.000000
1.000000
1.000000
1.000000
1.000000
1.000000
1.000000
1.000000
1.000000
1.000000
1.000000
1.000000
1.000000
1.000000
1.000000
1.000000
1.000000
1.000000
1.000000
1.000000
1.000000
1.000000
1.000000
1.000000
1.000000
1.000000
1.000000
1.000000
1.000000
1.000000
1.000000
1.000000
1.000000
1.000000
1.000000
1.000000
1.000000
1.000000
1.000000
1.000000
1.000000
1.000000
1.000000
1.000000
1.000000
1.000000
1.000000
1.000000
1.000000
1.000000
1.000000
1.000000
1.000000
1.000000
1.000000
1.000000
1.000000
1.000000
1.000000
1.000000
1.000000
1.000000
1.000000
1.000000
1.000000
1.000000
1.000000
1.000000
1.000000
1.000000
1.000000
1.000000
1.000000
1.000000
1.000000
1.000000
1.000000
1.000000
1.000000
1.000000
1.000000
1.000000
1.000000
1.000000
1.000000
1.000000
1.000000
1.000000
1.000000
1.000000
1.000000
1.000000
1.000000
1.000000
1.000000
1.000000
1.000000
1.000000
1.000000
1.000000
1.000000
1.000000
1.000000
1.000000
1.000000
1.000000
1.000000
1.000000
1.000000
1.000000
1.000000
1.000000
1.000000
1.000000
1.000000
1.000000
1.000000
1.000000
1.000000
1.000000
1.000000
1.000000
1.000000
1.000000
1.000000
1.000000
1.000000
1.000000
1.000000
1.000000
1.000000
1.000000
1.000000
1.000000
1.000000
1.000000
1.000000
1.000000
1.000000
1.000000
1.000000
1.000000
1.000000
1.000000
1.000000
1.000000
1.000000
1.000000
1.000000
1.000000
1.000000
1.000000
1.000000
1.000000
1.000000
1.000000
1.000000
1.000000
1.000000
1.000000
1.000000
1.000000
1.000000
1.000000
1.000000
1.000000
1.000000
1.000000
1.000000
1.000000
1.000000
1.000000
1.000000
1.000000
1.000000
1.000000
1.000000
1.000000
1.000000
1.000000
1.000000
1.000000
1.000000
1.000000
1.000000
1.000000
1.000000
1.000000
1.000000
1.000000
1.000000
1.000000
1.000000
1.000000
1.000000
1.000000
1.000000
1.000000
1.000000
1.000000
1.000000
1.000000
1.000000
1.000000
1.000000
1.000000
1.000000
1.000000
1.000000
1.000000
1.000000
1.000000
1.000000
1.000000
1.000000
1.000000
1.000000
1.000000
1.000000
1.000000
1.000000
1.000000
1.000000
1.000000
1.000000
1.000000
1.000000
1.000000
1.000000
1.000000
1.000000
1.000000
1.000000
1.000000
1.000000
1.000000
1.000000
1.000000
1.000000
1.000000
1.000000
1.000000
1.000000
1.000000
1.000000
1.000000
1.000000
1.000000
1.000000
1.000000
1.000000
1.000000
1.000000
1.000000
1.000000
1.000000
1.000000
1.000000
1.000000
1.000000
1.000000
1.000000
1.000000
1.000000
1.000000
1.000000
1.000000
1.000000
1.000000
1.000000
1.000000
1.000000
1.000000
1.000000
1.000000
1.000000
1.000000
1.000000
1.000000
1.000000
1.000000
1.000000
1.000000
1.000000
1.000000
1.000000
1.000000
1.000000
1.000000
1.000000
1.000000
1.000000
1.000000
1.000000
1.000000
1.000000
1.000000
1.000000
1.000000
1.000000
1.000000
1.000000
1.000000
1.000000
1.000000
1.000000
1.000000
1.000000
1.000000
1.000000
1.000000
1.000000
1.000000
1.000000
1.000000
1.000000
1.000000
1.000000
1.000000
1.000000
1.000000
1.000000
1.000000
1.000000
1.000000
1.000000
1.000000
1.000000
1.000000
1.000000
1.000000
1.000000
1.000000
1.000000
1.000000
1.000000
1.000000
1.000000
1.000000
1.000000
1.000000
1.000000
1.000000
1.000000
1.000000
1.000000
1.000000
1.000000
1.000000
1.000000
1.000000
1.000000
1.000000
1.000000
1.000000
1.000000
1.000000
1.000000
1.000000
1.000000
1.000000
1.000000
1.000000
1.000000
1.000000
1.000000
1.000000
1.000000
1.000000
1.000000
1.000000
1.000000
1.000000
1.000000
1.000000
1.000000
1.000000
1.000000
1.000000
1.000000
1.000000
1.000000
1.000000
1.000000
1.000000
1.000000
1.000000
1.000000
1.000000
1.000000
1.000000
1.000000
1.000000
1.000000
1.000000
1.000000
1.000000
1.000000
1.000000
1.000000
1.000000
1.000000
1.000000
1.000000
1.000000
1.000000
1.000000
1.000000
1.000000
1.000000
1.000000
1.000000
1.000000
1.000000
1.000000
1.000000
1.000000
1.000000
1.000000
1.000000
1.000000
1.000000
1.000000
1.000000
1.000000
1.000000
1.000000
1.000000
1.000000
1.000000
1.000000
1.000000
1.000000
1.000000
1.000000
1.000000
1.000000
1.000000
1.000000
1.000000
1.000000
1.000000
1.000000
1.000000
1.000000
1.000000
1.000000
1.000000
1.000000
1.000000
1.000000
1.000000
1.000000
1.000000
1.000000
1.000000
1.000000
1.000000
1.000000
1.000000
1.000000
1.000000
1.000000
1.000000
1.000000
1.000000
1.000000
1.000000
1.000000
1.000000
1.000000
1.000000
1.000000
1.000000
1.000000
1.000000
1.000000
1.000000
1.000000
1.000000
1.000000
1.000000
1.000000
1.000000
1.000000
1.000000
1.000000
1.000000
1.000000
1.000000
1.000000
1.000000
1.000000
1.000000
1.000000
1.000000
1.000000
1.000000
1.000000
1.000000
1.000000
1.000000
1.000000
1.000000
1.000000
1.000000
1.000000
1.000000
1.000000
1.000000
1.000000
1.000000
1.000000
1.000000
1.000000
1.000000
1.000000
1.000000
1.000000
1.000000
1.000000
1.000000
1.000000
1.000000
1.000000
1.000000
1.000000
1.000000
1.000000
1.000000
1.000000
1.000000
1.000000
1.000000
1.000000
1.000000
1.000000
1.000000
1.000000
1.000000
1.000000
1.000000
1.000000
1.000000
1.000000
1.000000
1.000000
1.000000
1.000000
1.000000
1.000000
1.000000
1.000000
1.000000
1.000000
1.000000
1.000000
1.000000
1.000000
1.000000
1.000000
1.000000
1.000000
1.000000
1.000000
1.000000
1.000000
1.000000
1.000000
1.000000
1.000000
1.000000
1.000000
1.000000
1.000000
1.000000
1.000000
1.000000
1.000000
1.000000
1.000000
1.000000
1.000000
1.000000
1.000000
1.000000
1.000000
1.000000
1.000000
1.000000
1.000000
1.000000
1.000000
1.000000
1.000000
1.000000
1.000000
1.000000
1.000000
1.000000
1.000000
1.000000
1.000000
1.000000
1.000000
1.000000
1.000000
1.000000
1.000000
1.000000
1.000000
1.000000
1.000000
1.000000
1.000000
1.000000
1.000000
1.000000
1.000000
1.000000
1.000000
1.000000
1.000000
1.000000
1.000000
1.000000
1.000000
1.000000
1.000000
1.000000
1.000000
1.000000
1.000000
1.000000
1.000000
1.000000
1.000000
1.000000
1.000000
1.000000
1.000000
1.000000
1.000000
1.000000
1.000000
1.000000
1.000000
1.000000
1.000000
1.000000
1.000000
1.000000
1.000000
1.000000
1.000000
1.000000
1.000000
1.000000
1.000000
1.000000
1.000000
1.000000
1.000000
1.000000
1.000000
1.000000
1.000000
1.000000
1.000000
1.000000
1.000000
1.000000
1.000000
1.000000
1.000000
1.000000
1.000000
1.000000
1.000000
1.000000
1.000000
1.000000
1.000000
1.000000
1.000000
1.000000
1.000000
1.000000
1.000000
1.000000
1.000000
1.000000
1.000000
1.000000
1.000000
1.000000
1.000000
1.000000
1.000000
1.000000
1.000000
1.000000
1.000000
1.000000
1.000000
1.000000
1.000000
1.000000
1.000000
1.000000
1.000000
1.000000
1.000000
1.000000
1.000000
1.000000
1.000000
1.000000
1.000000
1.000000
1.000000
1.000000
1.000000
1.000000
1.000000
1.000000
1.000000
1.000000
1.000000
1.000000
1.000000
1.000000
1.000000
1.000000
1.000000
1.000000
1.000000
1.000000
1.000000
1.000000
1.000000
1.000000
1.000000
1.000000
1.000000
1.000000
1.000000
1.000000
1.000000
1.000000
1.000000
1.000000
1.000000
1.000000
1.000000
1.000000
1.000000
1.000000
1.000000
1.000000
1.000000
1.000000
1.000000
1.000000
1.000000
1.000000
1.000000
1.000000
1.000000
1.000000
1.000000
1.000000
1.000000
1.000000
1.000000
1.000000
1.000000
1.000000
1.000000
1.000000
1.000000
1.000000
1.000000
1.000000
1.000000
1.000000
1.000000
1.000000
1.000000
1.000000
1.000000
1.000000
1.000000
1.000000
1.000000
1.000000
1.000000
1.000000
1.000000
1.000000
1.000000
1.000000
1.000000
1.000000
1.000000
1.000000
1.000000
1.000000
1.000000
1.000000
1.000000
1.000000
1.000000
1.000000
1.000000
1.000000
1.000000
1.000000
1.000000
1.000000
1.000000
1.000000
1.000000
1.000000
1.000000
1.000000
1.000000
1.000000
1.000000
1.000000
1.000000
1.000000
1.000000
1.000000
1.000000
1.000000
1.000000
1.000000
1.000000
1.000000
1.000000
1.000000
1.000000
1.000000
1.000000
1.000000
1.000000
1.000000
1.000000
1.000000
1.000000
1.000000
1.000000
1.000000
1.000000
1.000000
1.000000
1.000000
1.000000
1.000000
1.000000
1.000000
1.000000
1.000000
1.000000
1.000000
1.000000
1.000000
1.000000
1.000000
1.000000
1.000000
1.000000
1.000000
1.000000
1.000000
1.000000
1.000000
1.000000
1.000000
1.000000
1.000000
1.000000
1.000000
1.000000
1.000000
1.000000
1.000000
1.000000
1.000000
1.000000
1.000000
1.000000
1.000000
1.000000
1.000000
1.000000
1.000000
1.000000
1.000000
1.000000
1.000000
1.000000
1.000000
1.000000
1.000000
1.000000
1.000000
1.000000
1.000000
1.000000
1.000000
1.000000
1.000000
1.000000
1.000000
1.000000
1.000000
1.000000
1.000000
1.000000
1.000000
1.000000
1.000000
1.000000
1.000000
1.000000
1.000000
1.000000
1.000000
1.000000
1.000000
1.000000
1.000000
1.000000
1.000000
1.000000
1.000000
1.000000
1.000000
1.000000
1.000000
1.000000
1.000000
1.000000
1.000000
1.000000
1.000000
1.000000
1.000000
1.000000
1.000000
1.000000
1.000000
1.000000
1.000000
1.000000
1.000000
1.000000
1.000000
1.000000
1.000000
1.000000
1.000000
1.000000
1.000000
1.000000
1.000000
1.000000
1.000000
1.000000
1.000000
1.000000
1.000000
1.000000
1.000000
1.000000
1.000000
1.000000
1.000000
1.000000
1.000000
1.000000
1.000000
1.000000
1.000000
1.000000
1.000000
1.000000
1.000000
1.000000
1.000000
1.000000
1.000000
1.000000
1.000000
1.000000
1.000000
1.000000
1.000000
1.000000
1.000000
1.000000
1.000000
1.000000
1.000000
1.000000
1.000000
1.000000
1.000000
1.000000
1.000000
1.000000
1.000000
1.000000
1.000000
1.000000
1.000000
1.000000
1.000000
1.000000
1.000000
1.000000
1.000000
1.000000
1.000000
1.000000
1.000000
1.000000
1.000000
1.000000
1.000000
1.000000
1.000000
1.000000
1.000000
1.000000
1.000000
1.000000
1.000000
1.000000
1.000000
1.000000
1.000000
1.000000
1.000000
1.000000
1.000000
1.000000
1.000000
1.000000
1.000000
1.000000
1.000000
1.000000
1.000000
1.000000
1.000000
1.000000
1.000000
1.000000
1.000000
1.000000
1.000000
1.000000
1.000000
1.000000
1.000000
1.000000
1.000000
1.000000
1.000000
1.000000
1.000000
1.000000
1.000000
1.000000
1.000000
1.000000
1.000000
1.000000
1.000000
1.000000
1.000000
1.000000
1.000000
1.000000
1.000000
1.000000
1.000000
1.000000
1.000000
1.000000
1.000000
1.000000
1.000000
1.000000
1.000000
1.000000
1.000000
1.000000
1.000000
1.000000
1.000000
1.000000
1.000000
1.000000
1.000000
1.000000
1.000000
1.000000
1.000000
1.000000
1.000000
1.000000
1.000000
1.000000
1.000000
1.000000
1.000000
1.000000
1.000000
1.000000
1.000000
1.000000
1.000000
1.000000
1.000000
1.000000
1.000000
1.000000
1.000000
1.000000
1.000000
1.000000
1.000000
1.000000
1.000000
1.000000
1.000000
1.000000
1.000000
1.000000
1.000000
1.000000
1.000000
1.000000
1.000000
1.000000
1.000000
1.000000
1.000000
1.000000
1.000000
1.000000
1.000000
1.000000
1.000000
1.000000
1.000000
1.000000
1.000000
1.000000
1.000000
1.000000
1.000000
1.000000
1.000000
1.000000
1.000000
1.000000
1.000000
1.000000
1.000000
1.000000
1.000000
1.000000
1.000000
1.000000
1.000000
1.000000
1.000000
1.000000
1.000000
1.000000
1.000000
1.000000
1.000000
1.000000
1.000000
1.000000
1.000000
1.000000
1.000000
1.000000
1.000000
1.000000
1.000000
1.000000
1.000000
1.000000
1.000000
1.000000
1.000000
1.000000
1.000000
1.000000
1.000000
1.000000
1.000000
1.000000
1.000000
1.000000
1.000000
1.000000
1.000000
1.000000
1.000000
1.000000
1.000000
1.000000
1.000000
1.000000
1.000000
1.000000
1.000000
1.000000
1.000000
1.000000
1.000000
1.000000
1.000000
1.000000
1.000000
1.000000
1.000000
1.000000
1.000000
1.000000
1.000000
1.000000
1.000000
1.000000
1.000000
1.000000
1.000000
1.000000
1.000000
1.000000
1.000000
1.000000
1.000000
1.000000
1.000000
1.000000
1.000000
1.000000
1.000000
1.000000
1.000000
1.000000
1.000000
1.000000
1.000000
1.000000
1.000000
1.000000
1.000000
1.000000
1.000000
1.000000
1.000000
1.000000
1.000000
1.000000
1.000000
1.000000
1.000000
1.000000
1.000000
1.000000
1.000000
1.000000
1.000000
1.000000
1.000000
1.000000
1.000000
1.000000
1.000000
1.000000
1.000000
1.000000
1.000000
1.000000
1.000000
1.000000
1.000000
1.000000
1.000000
1.000000
1.000000
1.000000
1.000000
1.000000
1.000000
1.000000
1.000000
1.000000
1.000000
1.000000
1.000000
1.000000
1.000000
1.000000
1.000000
1.000000
1.000000
1.000000
1.000000
1.000000
1.000000
1.000000
1.000000
1.000000
1.000000
1.000000
1.000000
1.000000
1.000000
1.000000
1.000000
1.000000
1.000000
1.000000
1.000000
1.000000
1.000000
1.000000
1.000000
1.000000
1.000000
1.000000
1.000000
1.000000
1.000000
1.000000
1.000000
1.000000
1.000000
1.000000
1.000000
1.000000
1.000000
1.000000
1.000000
1.000000
1.000000
1.000000
1.000000
1.000000
1.000000
1.000000
1.000000
1.000000
1.000000
1.000000
1.000000
1.000000
1.000000
1.000000
1.000000
1.000000
1.000000
1.000000
1.000000
1.000000
1.000000
1.000000
1.000000
1.000000
1.000000
1.000000
1.000000
1.000000
1.000000
1.000000
1.000000
1.000000
1.000000
1.000000
1.000000
1.000000
1.000000
1.000000
1.000000
1.000000
1.000000
1.000000
1.000000
1.000000
1.000000
1.000000
1.000000
1.000000
1.000000
1.000000
1.000000
1.000000
1.000000
1.000000
1.000000
1.000000
1.000000
1.000000
1.000000
1.000000
1.000000
1.000000
1.000000
1.000000
1.000000
1.000000
1.000000
1.000000
1.000000
1.000000
1.000000
1.000000
1.000000
1.000000
1.000000
1.000000
1.000000
1.000000
1.000000
1.000000
1.000000
1.000000
1.000000
1.000000
1.000000
1.000000
1.000000
1.000000
1.000000
1.000000
1.000000
1.000000
1.000000
1.000000
1.000000
1.000000
1.000000
1.000000
1.000000
1.000000
1.000000
1.000000
1.000000
1.000000
1.000000
1.000000
1.000000
1.000000
1.000000
1.000000
1.000000
1.000000
1.000000
1.000000
1.000000
1.000000
1.000000
1.000000
1.000000
1.000000
1.000000
1.000000
1.000000
1.000000
1.000000
1.000000
1.000000
1.000000
1.000000
1.000000
1.000000
1.000000
1.000000
1.000000
1.000000
1.000000
1.000000
1.000000
1.000000
1.000000
1.000000
1.000000
1.000000
1.000000
1.000000
1.000000
1.000000
1.000000
1.000000
1.000000
1.000000
1.000000
1.000000
1.000000
1.000000
1.000000
1.000000
1.000000
1.000000
1.000000
1.000000
1.000000
1.000000
1.000000
1.000000
1.000000
1.000000
1.000000
1.000000
1.000000
1.000000
1.000000
1.000000
1.000000
1.000000
1.000000
1.000000
1.000000
1.000000
1.000000
1.000000
1.000000
1.000000
1.000000
1.000000
1.000000
1.000000
1.000000
1.000000
1.000000
1.000000
1.000000
1.000000
1.000000
1.000000
1.000000
1.000000
1.000000
1.000000
1.000000
1.000000
1.000000
1.000000
1.000000
1.000000
1.000000
1.000000
1.000000
1.000000
1.000000
1.000000
1.000000
1.000000
1.000000
1.000000
1.000000
1.000000
1.000000
1.000000
1.000000
1.000000
1.000000
1.000000
1.000000
1.000000
1.000000
1.000000
1.000000
1.000000
1.000000
1.000000
1.000000
1.000000
1.000000
1.000000
1.000000
1.000000
1.000000
1.000000
1.000000
1.000000
1.000000
1.000000
1.000000
1.000000
1.000000
1.000000
1.000000
1.000000
1.000000
1.000000
1.000000
1.000000
1.000000
1.000000
1.000000
1.000000
1.000000
1.000000
1.000000
1.000000
1.000000
1.000000
1.000000
1.000000
1.000000
1.000000
1.000000
1.000000
1.000000
1.000000
1.000000
1.000000
1.000000
1.000000
1.000000
1.000000
1.000000
1.000000
1.000000
1.000000
1.000000
1.000000
1.000000
1.000000
1.000000
1.000000
1.000000
1.000000
1.000000
1.000000
1.000000
1.000000
1.000000
1.000000
1.000000
1.000000
1.000000
1.000000
1.000000
1.000000
1.000000
1.000000
1.000000
1.000000
1.000000
1.000000
1.000000
1.000000
1.000000
1.000000
1.000000
1.000000
1.000000
1.000000
1.000000
1.000000
1.000000
1.000000
1.000000
1.000000
1.000000
1.000000
1.000000
1.000000
1.000000
1.000000
1.000000
1.000000
1.000000
1.000000
1.000000
1.000000
1.000000
1.000000
1.000000
1.000000
1.000000
1.000000
1.000000
1.000000
1.000000
1.000000
1.000000
1.000000
1.000000
1.000000
1.000000
1.000000
1.000000
1.000000
1.000000
1.000000
1.000000
1.000000
1.000000
1.000000
1.000000
1.000000
1.000000
1.000000
1.000000
1.000000
1.000000
1.000000
1.000000
1.000000
1.000000
1.000000
1.000000
1.000000
1.000000
1.000000
1.000000
1.000000
1.000000
1.000000
1.000000
1.000000
1.000000
1.000000
1.000000
1.000000
1.000000
1.000000
1.000000
1.000000
1.000000
1.000000
1.000000
1.000000
1.000000
1.000000
1.000000
1.000000
1.000000
1.000000
1.000000
1.000000
1.000000
1.000000
1.000000
1.000000
1.000000
1.000000
1.000000
1.000000
1.000000
1.000000
1.000000
1.000000
1.000000
1.000000
1.000000
1.000000
1.000000
1.000000
1.000000
1.000000
1.000000
1.000000
1.000000
1.000000
1.000000
1.000000
1.000000
1.000000
1.000000
1.000000
1.000000
1.000000
1.000000
1.000000
1.000000
1.000000
1.000000
1.000000
1.000000
1.000000
1.000000
1.000000
1.000000
1.000000
1.000000
1.000000
1.000000
1.000000
1.000000
1.000000
1.000000
1.000000
1.000000
1.000000
1.000000
1.000000
1.000000
1.000000
1.000000
1.000000
1.000000
1.000000
1.000000
1.000000
1.000000
1.000000
1.000000
1.000000
1.000000
1.000000
1.000000
1.000000
1.000000
1.000000
1.000000
1.000000
1.000000
1.000000
1.000000
1.000000
1.000000
1.000000
1.000000
1.000000
1.000000
1.000000
1.000000
1.000000
1.000000
1.000000
1.000000
1.000000
1.000000
1.000000
1.000000
1.000000
1.000000
1.000000
1.000000
1.000000
1.000000
1.000000
1.000000
1.000000
1.000000
1.000000
1.000000
1.000000
1.000000
1.000000
1.000000
1.000000
1.000000
1.000000
1.000000
1.000000
1.000000
1.000000
1.000000
1.000000
1.000000
1.000000
1.000000
1.000000
1.000000
1.000000
1.000000
1.000000
1.000000
1.000000
1.000000
1.000000
1.000000
1.000000
1.000000
1.000000
1.000000
1.000000
1.000000
1.000000
1.000000
1.000000
1.000000
1.000000
1.000000
1.000000
1.000000
1.000000
1.000000
1.000000
1.000000
1.000000
1.000000
1.000000
1.000000
1.000000
1.000000
1.000000
1.000000
1.000000
1.000000
1.000000
1.000000
1.000000
1.000000
1.000000
1.000000
1.000000
1.000000
1.000000
1.000000
1.000000
1.000000
1.000000
1.000000
1.000000
1.000000
1.000000
1.000000
1.000000
1.000000
1.000000
1.000000
1.000000
1.000000
1.000000
1.000000
1.000000
1.000000
1.000000
1.000000
1.000000
1.000000
1.000000
1.000000
1.000000
1.000000
1.000000
1.000000
1.000000
1.000000
1.000000
1.000000
1.000000
1.000000
1.000000
1.000000
1.000000
1.000000
1.000000
1.000000
1.000000
1.000000
1.000000
1.000000
1.000000
1.000000
1.000000
1.000000
1.000000
1.000000
1.000000
1.000000
1.000000
1.000000
1.000000
1.000000
1.000000
1.000000
1.000000
1.000000
1.000000
1.000000
1.000000
1.000000
1.000000
1.000000
1.000000
1.000000
1.000000
1.000000
1.000000
1.000000
1.000000
1.000000
1.000000
1.000000
1.000000
1.000000
1.000000
1.000000
1.000000
1.000000
1.000000
1.000000
1.000000
1.000000
1.000000
1.000000
1.000000
1.000000
1.000000
1.000000
1.000000
1.000000
1.000000
1.000000
1.000000
1.000000
1.000000
1.000000
1.000000
1.000000
1.000000
1.000000
1.000000
1.000000
1.000000
1.000000
1.000000
1.000000
1.000000
1.000000
1.000000
1.000000
1.000000
1.000000
1.000000
1.000000
1.000000
1.000000
1.000000
1.000000
1.000000
1.000000
1.000000
1.000000
1.000000
1.000000
1.000000
1.000000
1.000000
1.000000
1.000000
1.000000
1.000000
1.000000
1.000000
1.000000
1.000000
1.000000
1.000000
1.000000
1.000000
1.000000
1.000000
1.000000
1.000000
1.000000
1.000000
1.000000
1.000000
1.000000
1.000000
1.000000
1.000000
1.000000
1.000000
1.000000
1.000000
1.000000
1.000000
1.000000
1.000000
1.000000
1.000000
1.000000
1.000000
1.000000
1.000000
1.000000
1.000000
1.000000
1.000000
1.000000
1.000000
1.000000
1.000000
1.000000
1.000000
1.000000
1.000000
1.000000
1.000000
1.000000
1.000000
1.000000
1.000000
1.000000
1.000000
1.000000
1.000000
1.000000
1.000000
1.000000
1.000000
1.000000
1.000000
1.000000
1.000000
1.000000
1.000000
1.000000
1.000000
1.000000
1.000000
1.000000
1.000000
1.000000
1.000000
1.000000
1.000000
1.000000
1.000000
1.000000
1.000000
1.000000
1.000000
1.000000
1.000000
1.000000
1.000000
1.000000
1.000000
1.000000
1.000000
1.000000
1.000000
1.000000
1.000000
1.000000
1.000000
1.000000
1.000000
1.000000
1.000000
1.000000
1.000000
1.000000
1.000000
1.000000
1.000000
1.000000
1.000000
1.000000
1.000000
1.000000
1.000000
1.000000
1.000000
1.000000
1.000000
1.000000
1.000000
1.000000
1.000000
1.000000
1.000000
1.000000
1.000000
1.000000
1.000000
1.000000
1.000000
1.000000
1.000000
1.000000
1.000000
1.000000
1.000000
1.000000
1.000000
1.000000
1.000000
1.000000
1.000000
1.000000
1.000000
1.000000
1.000000
1.000000
1.000000
1.000000
1.000000
1.000000
1.000000
1.000000
1.000000
1.000000
1.000000
1.000000
1.000000
1.000000
1.000000
1.000000
1.000000
1.000000
1.000000
1.000000
1.000000
1.000000
1.000000
1.000000
1.000000
1.000000
1.000000
1.000000
1.000000
1.000000
1.000000
1.000000
1.000000
1.000000
1.000000
1.000000
1.000000
1.000000
1.000000
1.000000
1.000000
1.000000
1.000000
1.000000
1.000000
1.000000
1.000000
1.000000
1.000000
1.000000
1.000000
1.000000
1.000000
1.000000
1.000000
1.000000
1.000000
1.000000
1.000000
1.000000
1.000000
1.000000
1.000000
1.000000
1.000000
1.000000
1.000000
1.000000
1.000000
1.000000
1.000000
1.000000
1.000000
1.000000
1.000000
1.000000
1.000000
1.000000
1.000000
1.000000
1.000000
1.000000
1.000000
1.000000
1.000000
1.000000
1.000000
1.000000
1.000000
1.000000
1.000000
1.000000
1.000000
1.000000
1.000000
1.000000
1.000000
1.000000
1.000000
1.000000
1.000000
1.000000
1.000000
1.000000
1.000000
1.000000
1.000000
1.000000
1.000000
1.000000
1.000000
1.000000
1.000000
1.000000
1.000000
1.000000
1.000000
1.000000
1.000000
1.000000
1.000000
1.000000
1.000000
1.000000
1.000000
1.000000
1.000000
1.000000
1.000000
1.000000
1.000000
1.000000
1.000000
1.000000
1.000000
1.000000
1.000000
1.000000
1.000000
1.000000
1.000000
1.000000
1.000000
1.000000
1.000000
1.000000
1.000000
1.000000
1.000000
1.000000
1.000000
1.000000
1.000000
1.000000
1.000000
1.000000
1.000000
1.000000
1.000000
1.000000
1.000000
1.000000
1.000000
1.000000
1.000000
1.000000
1.000000
1.000000
1.000000
1.000000
1.000000
1.000000
1.000000
1.000000
1.000000
1.000000
1.000000
1.000000
1.000000
1.000000
1.000000
1.000000
1.000000
1.000000
1.000000
1.000000
1.000000
1.000000
1.000000
1.000000
1.000000
1.000000
1.000000
1.000000
1.000000
1.000000
1.000000
1.000000
1.000000
1.000000
1.000000
1.000000
1.000000
1.000000
1.000000
1.000000
1.000000
1.000000
1.000000
1.000000
1.000000
1.000000
1.000000
1.000000
1.000000
1.000000
1.000000
1.000000
1.000000
1.000000
1.000000
1.000000
1.000000
1.000000
1.000000
1.000000
1.000000
1.000000
1.000000
1.000000
1.000000
1.000000
1.000000
1.000000
1.000000
1.000000
1.000000
1.000000
1.000000
1.000000
1.000000
1.000000
1.000000
1.000000
1.000000
1.000000
1.000000
1.000000
1.000000
1.000000
1.000000
1.000000
1.000000
1.000000
1.000000
1.000000
1.000000
1.000000
1.000000
1.000000
1.000000
1.000000
1.000000
1.000000
1.000000
1.000000
1.000000
1.000000
1.000000
1.000000
1.000000
1.000000
1.000000
1.000000
1.000000
1.000000
1.000000
1.000000
1.000000
1.000000
1.000000
1.000000
1.000000
1.000000
1.000000
1.000000
1.000000
1.000000
1.000000
1.000000
1.000000
1.000000
1.000000
1.000000
1.000000
1.000000
1.000000
1.000000
1.000000
1.000000
1.000000
1.000000
1.000000
1.000000
1.000000
1.000000
1.000000
1.000000
1.000000
1.000000
1.000000
1.000000
1.000000
1.000000
1.000000
1.000000
1.000000
1.000000
1.000000
1.000000
1.000000
1.000000
1.000000
1.000000
1.000000
1.000000
1.000000
1.000000
1.000000
1.000000
1.000000
1.000000
1.000000
1.000000
1.000000
1.000000
1.000000
1.000000
1.000000
1.000000
1.000000
1.000000
1.000000
1.000000
1.000000
1.000000
1.000000
1.000000
1.000000
1.000000
1.000000
1.000000
1.000000
1.000000
1.000000
1.000000
1.000000
1.000000
1.000000
1.000000
1.000000
1.000000
1.000000
1.000000
1.000000
1.000000
1.000000
1.000000
1.000000
1.000000
1.000000
1.000000
1.000000
1.000000
1.000000
1.000000
1.000000
1.000000
1.000000
1.000000
1.000000
1.000000
1.000000
1.000000
1.000000
1.000000
1.000000
1.000000
1.000000
1.000000
1.000000
1.000000
1.000000
1.000000
1.000000
1.000000
1.000000
1.000000
1.000000
1.000000
1.000000
1.000000
1.000000
1.000000
1.000000
1.000000
1.000000
1.000000
1.000000
1.000000
1.000000
1.000000
1.000000
1.000000
1.000000
1.000000
1.000000
1.000000
1.000000
1.000000
1.000000
1.000000
1.000000
1.000000
1.000000
1.000000
1.000000
1.000000
1.000000
1.000000
1.000000
1.000000
1.000000
1.000000
1.000000
1.000000
1.000000
1.000000
1.000000
1.000000
1.000000
1.000000
1.000000
1.000000
1.000000
1.000000
1.000000
1.000000
1.000000
1.000000
1.000000
1.000000
1.000000
1.000000
1.000000
1.000000
1.000000
1.000000
1.000000
1.000000
1.000000
1.000000
1.000000
1.000000
1.000000
1.000000
1.000000
1.000000
1.000000
1.000000
1.000000
1.000000
1.000000
1.000000
1.000000
1.000000
1.000000
1.000000
1.000000
1.000000
1.000000
1.000000
1.000000
1.000000
1.000000
1.000000
1.000000
1.000000
1.000000
1.000000
1.000000
1.000000
1.000000
1.000000
1.000000
1.000000
1.000000
1.000000
1.000000
1.000000
1.000000
1.000000
1.000000
1.000000
1.000000
1.000000
1.000000
1.000000
1.000000
1.000000
1.000000
1.000000
1.000000
1.000000
1.000000
1.000000
1.000000
1.000000
1.000000
1.000000
1.000000
1.000000
1.000000
1.000000
1.000000
1.000000
1.000000
1.000000
1.000000
1.000000
1.000000
1.000000
1.000000
1.000000
1.000000
1.000000
1.000000
1.000000
1.000000
1.000000
1.000000
1.000000
1.000000
1.000000
1.000000
1.000000
1.000000
1.000000
1.000000
1.000000
1.000000
1.000000
1.000000
1.000000
1.000000
1.000000
1.000000
1.000000
1.000000
1.000000
1.000000
1.000000
1.000000
1.000000
1.000000
1.000000
1.000000
1.000000
1.000000
1.000000
1.000000
1.000000
1.000000
1.000000
1.000000
1.000000
1.000000
1.000000
1.000000
1.000000
1.000000
1.000000
1.000000
1.000000
1.000000
1.000000
1.000000
1.000000
1.000000
1.000000
1.000000
1.000000
1.000000
1.000000
1.000000
1.000000
1.000000
1.000000
1.000000
1.000000
1.000000
1.000000
1.000000
1.000000
1.000000
1.000000
1.000000
1.000000
1.000000
1.000000
1.000000
1.000000
1.000000
1.000000
1.000000
1.000000
1.000000
1.000000
1.000000
1.000000
1.000000
1.000000
1.000000
1.000000
1.000000
1.000000
1.000000
1.000000
1.000000
1.000000
1.000000
1.000000
1.000000
1.000000
1.000000
1.000000
1.000000
1.000000
1.000000
1.000000
1.000000
1.000000
1.000000
1.000000
1.000000
1.000000
1.000000
1.000000
1.000000
1.000000
1.000000
1.000000
1.000000
1.000000
1.000000
1.000000
1.000000
1.000000
1.000000
1.000000
1.000000
1.000000
1.000000
1.000000
1.000000
1.000000
1.000000
1.000000
1.000000
1.000000
1.000000
1.000000
1.000000
1.000000
1.000000
1.000000
1.000000
1.000000
1.000000
1.000000
1.000000
1.000000
1.000000
1.000000
1.000000
1.000000
1.000000
1.000000
1.000000
1.000000
1.000000
1.000000
1.000000
1.000000
1.000000
1.000000
1.000000
1.000000
1.000000
1.000000
1.000000
1.000000
1.000000
1.000000
1.000000
1.000000
1.000000
1.000000
1.000000
1.000000
1.000000
1.000000
1.000000
1.000000
1.000000
1.000000
1.000000
1.000000
1.000000
1.000000
1.000000
1.000000
1.000000
1.000000
1.000000
1.000000
1.000000
1.000000
1.000000
1.000000
1.000000
1.000000
1.000000
1.000000
1.000000
1.000000
1.000000
1.000000
1.000000
1.000000
1.000000
1.000000
1.000000
1.000000
1.000000
1.000000
1.000000
1.000000
1.000000
1.000000
1.000000
1.000000
1.000000
1.000000
1.000000
1.000000
1.000000
1.000000
1.000000
1.000000
1.000000
1.000000
1.000000
1.000000
1.000000
1.000000
1.000000
1.000000
1.000000
1.000000
1.000000
1.000000
1.000000
1.000000
1.000000
1.000000
1.000000
1.000000
1.000000
1.000000
1.000000
1.000000
1.000000
1.000000
1.000000
1.000000
1.000000
1.000000
1.000000
1.000000
1.000000
1.000000
1.000000
1.000000
1.000000
1.000000
1.000000
1.000000
1.000000
1.000000
1.000000
1.000000
1.000000
1.000000
1.000000
1.000000
1.000000
1.000000
1.000000
1.000000
1.000000
1.000000
1.000000
1.000000
1.000000
1.000000
1.000000
1.000000
1.000000
1.000000
1.000000
1.000000
1.000000
1.000000
1.000000
1.000000
1.000000
1.000000
1.000000
1.000000
1.000000
1.000000
1.000000
1.000000
1.000000
1.000000
1.000000
1.000000
1.000000
1.000000
1.000000
1.000000
1.000000
1.000000
1.000000
1.000000
1.000000
1.000000
1.000000
1.000000
1.000000
1.000000
1.000000
1.000000
1.000000
1.000000
1.000000
1.000000
1.000000
1.000000
1.000000
1.000000
1.000000
1.000000
1.000000
1.000000
1.000000
1.000000
1.000000
1.000000
1.000000
1.000000
1.000000
1.000000
1.000000
1.000000
1.000000
1.000000
1.000000
1.000000
1.000000
1.000000
1.000000
1.000000
1.000000
1.000000
1.000000
1.000000
1.000000
1.000000
1.000000
1.000000
1.000000
1.000000
1.000000
1.000000
1.000000
1.000000
1.000000
1.000000
1.000000
1.000000
1.000000
1.000000
1.000000
1.000000
1.000000
1.000000
1.000000
1.000000
1.000000
1.000000
1.000000
1.000000
1.000000
1.000000
1.000000
1.000000
1.000000
1.000000
1.000000
1.000000
1.000000
1.000000
1.000000
1.000000
1.000000
1.000000
1.000000
1.000000
1.000000
1.000000
1.000000
1.000000
1.000000
1.000000
1.000000
1.000000
1.000000
1.000000
1.000000
1.000000
1.000000
1.000000
1.000000
1.000000
1.000000
1.000000
1.000000
1.000000
1.000000
1.000000
1.000000
1.000000
1.000000
1.000000
1.000000
1.000000
1.000000
1.000000
1.000000
1.000000
1.000000
1.000000
1.000000
1.000000
1.000000
1.000000
1.000000
1.000000
1.000000
1.000000
1.000000
1.000000
1.000000
1.000000
1.000000
1.000000
1.000000
1.000000
1.000000
1.000000
1.000000
1.000000
1.000000
1.000000
1.000000
1.000000
1.000000
1.000000
1.000000
1.000000
1.000000
1.000000
1.000000
1.000000
1.000000
1.000000
1.000000
1.000000
1.000000
1.000000
1.000000
1.000000
1.000000
1.000000
1.000000
1.000000
1.000000
1.000000
1.000000
1.000000
1.000000
1.000000
1.000000
1.000000
1.000000
1.000000
1.000000
1.000000
1.000000
1.000000
1.000000
1.000000
1.000000
1.000000
1.000000
1.000000
1.000000
1.000000
1.000000
1.000000
1.000000
1.000000
1.000000
1.000000
1.000000
1.000000
1.000000
1.000000
1.000000
1.000000
1.000000
1.000000
1.000000
1.000000
1.000000
1.000000
1.000000
1.000000
1.000000
1.000000
1.000000
1.000000
1.000000
1.000000
1.000000
1.000000
1.000000
1.000000
1.000000
1.000000
1.000000
1.000000
1.000000
1.000000
1.000000
1.000000
1.000000
1.000000
1.000000
1.000000
1.000000
1.000000
1.000000
1.000000
1.000000
1.000000
1.000000
1.000000
1.000000
1.000000
1.000000
1.000000
1.000000
1.000000
1.000000
1.000000
1.000000
1.000000
1.000000
1.000000
1.000000
1.000000
1.000000
1.000000
1.000000
1.000000
1.000000
1.000000
1.000000
1.000000
1.000000
1.000000
1.000000
1.000000
1.000000
1.000000
1.000000
1.000000
1.000000
1.000000
1.000000
1.000000
1.000000
1.000000
1.000000
1.000000
1.000000
1.000000
1.000000
1.000000
1.000000
1.000000
1.000000
1.000000
1.000000
1.000000
1.000000
1.000000
1.000000
1.000000
1.000000
1.000000
1.000000
1.000000
1.000000
1.000000
1.000000
1.000000
1.000000
1.000000
1.000000
1.000000
1.000000
1.000000
1.000000
1.000000
1.000000
1.000000
1.000000
1.000000
1.000000
1.000000
1.000000
1.000000
1.000000
1.000000
1.000000
1.000000
1.000000
1.000000
1.000000
1.000000
1.000000
1.000000
1.000000
1.000000
1.000000
1.000000
1.000000
1.000000
1.000000
1.000000
1.000000
1.000000
1.000000
1.000000
1.000000
1.000000
1.000000
1.000000
1.000000
1.000000
1.000000
1.000000
1.000000
1.000000
1.000000
1.000000
1.000000
1.000000
1.000000
1.000000
1.000000
1.000000
1.000000
1.000000
1.000000
1.000000
1.000000
1.000000
1.000000
1.000000
1.000000
1.000000
1.000000
1.000000
1.000000
1.000000
1.000000
1.000000
1.000000
1.000000
1.000000
1.000000
1.000000
1.000000
1.000000
1.000000
1.000000
1.000000
1.000000
1.000000
1.000000
1.000000
1.000000
1.000000
1.000000
1.000000
1.000000
1.000000
1.000000
1.000000
1.000000
1.000000
1.000000
1.000000
1.000000
1.000000
1.000000
1.000000
1.000000
1.000000
1.000000
1.000000
1.000000
1.000000
1.000000
1.000000
1.000000
1.000000
1.000000
1.000000
1.000000
1.000000
1.000000
1.000000
1.000000
1.000000
1.000000
1.000000
1.000000
1.000000
1.000000
1.000000
1.000000
1.000000
1.000000
1.000000
1.000000
1.000000
1.000000
1.000000
1.000000
1.000000
1.000000
1.000000
1.000000
1.000000
1.000000
1.000000
1.000000
1.000000
1.000000
1.000000
1.000000
1.000000
1.000000
1.000000
1.000000
1.000000
1.000000
1.000000
1.000000
1.000000
1.000000
1.000000
1.000000
1.000000
1.000000
1.000000
1.000000
1.000000
1.000000
1.000000
1.000000
1.000000
1.000000
1.000000
1.000000
1.000000
1.000000
1.000000
1.000000
1.000000
1.000000
1.000000
1.000000
1.000000
1.000000
1.000000
1.000000
1.000000
1.000000
1.000000
1.000000
1.000000
1.000000
1.000000
1.000000
1.000000
1.000000
1.000000
1.000000
1.000000
1.000000
1.000000
1.000000
1.000000
1.000000
1.000000
1.000000
1.000000
1.000000
1.000000
1.000000
1.000000
1.000000
1.000000
1.000000
1.000000
1.000000
1.000000
1.000000
1.000000
1.000000
1.000000
1.000000
1.000000
1.000000
1.000000
1.000000
1.000000
1.000000
1.000000
1.000000
1.000000
1.000000
1.000000
1.000000
1.000000
1.000000
1.000000
1.000000
1.000000
1.000000
1.000000
1.000000
1.000000
1.000000
1.000000
1.000000
1.000000
1.000000
1.000000
1.000000
1.000000
1.000000
1.000000
1.000000
1.000000
1.000000
1.000000
1.000000
1.000000
1.000000
1.000000
1.000000
1.000000
1.000000
1.000000
1.000000
1.000000
1.000000
1.000000
1.000000
1.000000
1.000000
1.000000
1.000000
1.000000
1.000000
1.000000
1.000000
1.000000
1.000000
1.000000
1.000000
1.000000
1.000000
1.000000
1.000000
1.000000
1.000000
1.000000
1.000000
1.000000
1.000000
1.000000
1.000000
1.000000
1.000000
1.000000
1.000000
1.000000
1.000000
1.000000
1.000000
1.000000
1.000000
1.000000
1.000000
1.000000
1.000000
1.000000
1.000000
1.000000
1.000000
1.000000
1.000000
1.000000
1.000000
1.000000
1.000000
1.000000
1.000000
1.000000
1.000000
1.000000
1.000000
1.000000
1.000000
1.000000
1.000000
1.000000
1.000000
1.000000
1.000000
1.000000
1.000000
1.000000
1.000000
1.000000
1.000000
1.000000
1.000000
1.000000
1.000000
1.000000
1.000000
1.000000
1.000000
1.000000
1.000000
1.000000
1.000000
1.000000
1.000000
1.000000
1.000000
1.000000
1.000000
1.000000
1.000000
1.000000
1.000000
1.000000
1.000000
1.000000
1.000000
1.000000
1.000000
1.000000
1.000000
1.000000
1.000000
1.000000
1.000000
1.000000
1.000000
1.000000
1.000000
1.000000
1.000000
1.000000
1.000000
1.000000
1.000000
1.000000
1.000000
1.000000
1.000000
1.000000
1.000000
1.000000
1.000000
1.000000
1.000000
1.000000
1.000000
1.000000
1.000000
1.000000
1.000000
1.000000
1.000000
1.000000
1.000000
1.000000
1.000000
1.000000
1.000000
1.000000
1.000000
1.000000
1.000000
1.000000
1.000000
1.000000
1.000000
1.000000
1.000000
1.000000
1.000000
1.000000
1.000000
1.000000
1.000000
1.000000
1.000000
1.000000
1.000000
1.000000
1.000000
1.000000
1.000000
1.000000
1.000000
1.000000
1.000000
1.000000
1.000000
1.000000
1.000000
1.000000
1.000000
1.000000
1.000000
1.000000
1.000000
1.000000
1.000000
1.000000
1.000000
1.000000
1.000000
1.000000
1.000000
1.000000
1.000000
1.000000
1.000000
1.000000
1.000000
1.000000
1.000000
1.000000
1.000000
1.000000
1.000000
1.000000
1.000000
1.000000
1.000000
1.000000
1.000000
1.000000
1.000000
1.000000
1.000000
1.000000
1.000000
1.000000
1.000000
1.000000
1.000000
1.000000
1.000000
1.000000
1.000000
1.000000
1.000000
1.000000
1.000000
1.000000
1.000000
1.000000
1.000000
1.000000
1.000000
1.000000
1.000000
1.000000
1.000000
1.000000
1.000000
1.000000
1.000000
1.000000
1.000000
1.000000
1.000000
1.000000
1.000000
1.000000
1.000000
1.000000
1.000000
1.000000
1.000000
1.000000
1.000000
1.000000
1.000000
1.000000
1.000000
1.000000
1.000000
1.000000
1.000000
1.000000
1.000000
1.000000
1.000000
1.000000
1.000000
1.000000
1.000000
1.000000
1.000000
1.000000
1.000000
1.000000
1.000000
1.000000
1.000000
1.000000
1.000000
1.000000
1.000000
1.000000
1.000000
1.000000
1.000000
1.000000
1.000000
1.000000
1.000000
1.000000
1.000000
1.000000
1.000000
1.000000
1.000000
1.000000
1.000000
1.000000
1.000000
1.000000
1.000000
1.000000
1.000000
1.000000
1.000000
1.000000
1.000000
1.000000
1.000000
1.000000
1.000000
1.000000
1.000000
1.000000
1.000000
1.000000
1.000000
1.000000
