-90.572601
-102.253645
-105.651459
-109.182980
-116.234833
-125.831133
-134.729993
-139.655965
-138.629211
-131.213349
-118.706913
-102.188190
-82.796025
-61.251297
-37.889070
-12.850278
13.713278
41.513224
70.100936
98.917624
127.371167
154.900723
181.010818
205.276350
227.331020
246.853143
263.557856
277.198147
287.572135
294.532133
297.991726
297.928996
294.185967
287.241307
277.092539
263.955370
248.084530
229.773815
209.355268
187.195723
163.690514
139.255279
114.317091
89.305879
64.646618
40.752309
18.017541
-3.187560
-22.523081
-39.684711
-54.408612
-66.475577
-75.714357
-82.004054
-85.275574
-85.512142
-82.748920
-76.871754
-68.390881
-57.324846
-43.900536
-28.374373
-11.032131
7.812246
27.820241
48.634767
69.887650
91.207454
112.226847
132.589130
151.953970
170.002556
186.442348
201.011511
213.482954
223.667858
231.418534
236.630511
239.243811
239.243398
236.658849
231.317834
223.817885
214.097110
202.338442
188.756016
173.595017
157.128360
139.650861
121.472227
102.910078
84.283655
65.908354
48.090849
31.124517
15.284981
0.825750
-12.025908
-23.072689
-32.150399
-39.130442
-43.921580
-46.471011
-46.764752
-44.827380
-40.521138
-34.320177
-26.195395
-16.315254
-4.868174
7.936347
21.867488
36.675200
52.094621
67.851940
83.670586
99.276954
114.405353
128.802227
142.229884
154.469954
165.326656
174.629832
182.237630
188.038700
191.953810
193.936831
193.975104
192.089213
188.132195
182.564037
175.336585
166.595056
156.500794
145.232883
132.988962
119.983761
106.445330
92.609854
78.716126
65.000459
51.692363
39.010912
27.161562
16.333206
6.695363
-1.604467
-8.443160
-13.723915
-17.377683
-19.364059
-19.671609
-18.317683
-15.147744
-10.610175
-4.640886
2.634152
11.076040
20.531008
30.829178
41.785541
53.203173
64.877857
76.603050
88.174430
99.393697
110.071703
120.031146
129.109056
137.159184
144.054267
149.688067
153.977067
156.861714
158.307191
158.303700
156.666295
153.810459
149.636390
144.233349
137.702746
130.160622
121.739473
112.587943
102.868269
92.752290
82.417027
72.040594
61.798772
51.862181
42.393837
33.546846
25.462133
18.266209
12.069089
6.962465
3.018252
0.287546
-1.200003
-1.436407
-0.435183
1.969146
5.345357
9.782921
15.185821
21.450221
28.462193
36.095924
44.213860
52.668944
61.308228
69.976891
78.521927
86.795160
94.655610
101.971448
108.621753
114.498208
119.506759
123.569133
126.624126
128.628561
129.557866
129.406284
127.986713
125.707248
122.452307
118.291682
113.302492
107.571665
101.198084
94.292927
86.977976
79.382538
71.639848
63.883713
56.245741
48.853158
41.827019
35.280585
29.317730
24.031334
19.501756
15.795464
12.963936
11.042885
10.051811
9.993880
10.856099
12.809754
15.433408
18.834582
22.937388
27.661803
32.921549
38.622107
44.660268
50.925521
57.302777
63.675601
69.929268
75.953248
81.643085
86.901835
91.641277
95.783056
99.259814
102.016262
104.010112
105.212780
105.609800
105.200934
103.800001
101.812879
99.113147
95.758491
91.810493
87.336702
82.412740
77.123081
71.560119
65.821906
60.009295
54.223130
48.561910
43.120001
37.986281
33.243009
28.964772
25.217421
22.057014
19.528865
17.666746
16.492340
16.014963
16.231541
17.326843
18.894532
21.065111
23.784899
26.997621
30.642647
34.653028
38.954589
43.466542
48.103347
52.777231
57.400742
61.888916
66.160931
70.141321
73.760911
76.957656
79.677458
81.874994
83.514472
84.570277
85.027400
84.881647
83.939599
82.598750
80.715885
78.333038
75.494616
72.248926
68.650069
64.759007
60.643319
56.375748
52.032047
47.688673
43.420742
39.300430
35.395797
31.769898
28.480034
25.577009
23.104394
21.097803
19.584243
18.581634
18.098507
18.133926
18.877625
19.928753
21.431920
23.345905
25.628088
28.233332
31.112348
34.210626
37.468470
40.822102
44.205494
47.552418
50.798344
53.881943
56.746181
59.339091
61.614362
63.531864
65.058169
66.167060
66.839997
67.066463
66.844156
65.978993
64.867693
63.357406
61.482393
59.278162
56.782305
54.035918
51.084684
47.979064
44.773528
41.525067
38.291396
35.129201
32.092689
29.232499
26.594944
24.221462
22.148163
20.405405
19.017361
18.001622
17.368857
17.122603
17.259209
17.967948
18.847206
20.049708
21.540317
23.283433
25.242542
27.379100
29.651562
32.015074
34.421991
36.823053
39.168923
41.411754
43.506536
45.412116
47.091880
48.514201
49.652723
50.486598
51.000698
51.185822
51.038853
50.362838
49.552278
48.443698
47.063101
45.437398
43.594696
41.565238
39.382318
37.082697
34.706328
32.295457
29.893336
27.542815
25.285057
23.158503
21.198127
19.434943
17.895660
16.602435
15.572643
14.818658
14.347656
14.161467
14.256525
14.823919
15.462877
16.335159
17.412357
18.665910
20.067119
21.586506
23.193056
24.853774
26.533798
28.197044
29.807242
31.329139
32.729640
33.978756
35.050276
35.922185
36.576886
37.001292
37.186868
37.129641
36.630203
36.081602
35.311043
34.337331
33.180005
31.859335
30.396914
28.816371
27.143853
25.408041
23.639679
21.870716
20.133248
18.458443
16.875603
15.411429
14.089520
12.930053
11.949597
11.160994
10.573268
10.191541
10.016972
10.046723
10.473994
10.872358
11.466565
12.213133
13.085765
14.058592
15.106786
16.206420
17.333933
18.465576
19.577129
20.644003
21.641734
22.546743
23.337212
23.993906
24.500826
24.845645
25.019908
25.019045
24.642252
24.282699
23.760785
23.090228
22.285136
21.359828
20.329212
19.209388
18.018185
16.775401
15.502660
14.222914
12.959688
11.736216
10.574607
9.495135
8.515718
7.651581
6.915077
6.315615
5.859654
5.550717
5.389406
5.373433
5.497658
5.954167
6.340655
6.831592
7.407690
8.049998
8.740350
9.461328
10.195947
10.927304
11.638371
12.312022
12.931327
13.480046
13.943224
14.307799
14.563108
14.701251
14.717281
14.609239
14.155947
13.798148
13.337006
12.782203
12.143302
11.430063
10.652965
9.823713
8.955531
8.063173
7.162627
6.270591
5.403807
4.578375
3.809137
3.109197
2.489595
1.959136
1.524335
1.189444
0.956515
0.825477
0.794210
0.858618
1.212701
1.434137
1.744317
2.113948
2.526681
2.966744
3.419594
3.872114
4.312480
4.729853
5.114066
5.455412
5.744628
5.973042
6.132883
6.217661
6.222542
5.925069
5.777540
5.538082
5.225556
4.847148
4.410581
3.923851
3.395173
2.833063
2.246476
1.644891
1.038312
0.437143
-0.148060
-0.706909
-1.229563
-1.707084
-2.131761
-2.497346
-2.799217
-3.034444
-3.201788
-3.301647
-3.335956
-3.308078
-3.022671
-2.899721
-2.736388
-2.520683
-2.294945
-2.036953
-1.788976
-1.528278
-1.277860
-1.048253
-0.866147
-0.704400
-0.580613
-0.500224
-0.467623
-0.503360
-0.775347
-0.899022
-1.067866
-1.278322
-1.526694
-1.809210
-2.121937
-2.460619
-2.820504
-3.196235
-3.581824
-3.970744
-4.356113
-4.730954
-5.088479
-5.422384
-5.727096
-5.997967
-6.231402
-6.424918
-6.577148
-6.687799
-6.757590
-6.788168
-6.782025
-6.542412
-6.487217
-6.411755
-6.319513
-6.198683
-6.084728
-5.972238
-5.865500
-5.752750
-5.668093
-5.604613
-5.564475
-5.533651
-5.543212
-5.783646
-5.840446
-5.921454
-6.026503
-6.154956
-6.305661
-6.476916
-6.666460
-6.871504
-7.088789
-7.314689
-7.545327
-7.776716
-8.004887
-8.226026
-8.436586
-8.633380
-8.813654
-8.975147
-9.116116
-9.235365
-9.332249
-9.406674
-9.459082
-9.490436
-9.502191
-9.496250
-9.274924
-9.254750
-9.229786
-9.201763
-9.172670
-9.144759
-9.120489
-9.102409
-9.093010
-9.094561
-9.308966
-9.323767
-9.348650
-9.385284
-9.434662
-9.497052
-9.572044
-9.658650
-9.755456
-9.860773
-9.972780
-10.089642
-10.209579
-10.330910
-10.452057
-10.571537
-10.687948
-10.799951
-10.906271
-11.005710
-11.097181
-11.179740
-11.252640
-11.315369
-11.367686
-11.409648
-11.441611
-11.464221
-11.478389
-11.485253
-11.486126
-11.482450
-11.275739
-11.481444
-11.278491
-11.489618
-11.493654
-11.499349
-11.508040
-11.520976
-11.539218
-11.563563
-11.594490
-11.632156
-11.676405
-11.726812
-11.782737
-11.843384
-11.907854
-11.975195
-12.044441
-12.114628
-12.184819
-12.254105
-12.321618
-12.386531
-12.448073
-12.505537
-12.558304
-12.605857
-12.647804
-12.683895
-12.714036
-12.738298
-12.756915
-12.770278
-12.778921
-12.783499
-12.784765
-12.783540
-12.580685
-12.791090
-12.793002
-12.794583
-12.796603
-12.799839
-12.805021
-12.812775
-12.823591
-12.837795
-12.855543
-12.876821
-12.901469
-12.929198
-12.959623
-12.992289
-13.026691
-13.062302
-13.098584
-13.134999
-13.171020
-13.206137
-13.239862
-13.271739
-13.301351
-13.328332
-13.352376
-13.373248
-13.390795
-13.404953
-13.415749
-13.423305
-13.427831
-13.429619
-13.429033
-13.226492
-13.436613
-13.437158
-13.435985
-13.233564
-13.444601
-13.446897
-13.448337
-13.449357
-13.450385
-13.451801
-13.453905
-13.456896
-13.460873
-13.465842
-13.471736
-13.478438
-13.485803
-13.493679
-13.501920
-13.510398
-13.519001
-13.527634
-13.536208
-13.544638
-13.552830
-13.560684
-13.568089
-13.574924
-13.581070
-13.586407
-13.590833
-13.594266
-13.596653
-13.597971
-13.598237
-13.597497
-13.395834
-13.607677
-13.610239
-13.611071
-13.610279
-13.408045
-13.618950
-13.620301
-13.619759
-13.417493
-13.628086
-13.628801
-13.627291
-13.423718
-13.632688
-13.631464
-13.427745
-13.636146
-13.633948
-13.428918
-13.635767
-13.431846
-13.639438
-13.435881
-13.643488
-13.439622
-13.646652
-13.441975
-13.648017
-13.442197
-13.646990
-13.439831
-13.643231
-13.434641
-13.436610
-13.641090
-13.433080
-13.435149
-13.639291
-13.430575
-13.431686
-13.634716
-13.424813
-13.424753
-13.426675
-13.630267
-13.420636
-13.420571
-13.422202
-13.625234
-13.414787
-13.413712
-13.414184
-13.615965
-13.404219
-13.401879
-13.401169
-13.401903
-13.603852
-13.392181
-13.389886
-13.389223
-13.390048
-13.592168
-13.380759
-13.378861
-13.378727
-13.380213
-13.583116
-13.372575
-13.371640
-13.372539
-13.575112
-13.364507
-13.363803
-13.365213
-13.568564
-13.358967
-13.359496
-13.562334
-13.352620
-13.353451
-13.556998
-13.348362
-13.350615
-13.555875
-13.349181
-13.553569
-13.346413
-13.550783
-13.344040
-13.549237
-13.343683
-13.550384
-13.346582
-13.555231
-13.553509
-13.349611
-13.558814
-13.558281
-13.356180
-13.567729
-13.569998
-13.571064
-13.571320
-13.571184
-13.571075
-13.571387
-13.572478
-13.574657
-13.578181
-13.583258
-13.590046
-13.598660
-13.609178
-13.621638
-13.636046
-13.652374
-13.670556
-13.690495
-13.712055
-13.735068
-13.759335
-13.784631
-13.810713
-13.837329
-13.864231
-13.891181
-13.917963
-13.944393
-13.970328
-13.995667
-14.020357
-14.044393
-14.067816
-14.090710
-14.113197
-14.135428
-14.157583
-14.179855
-14.202451
-14.225581
-14.249451
-14.274259
-14.300190
-14.327409
-14.356058
-14.386252
-14.418078
-14.451590
-14.486812
-14.523735
-14.562320
-14.602498
-14.644175
-14.686794
-13.326858
-11.560102
-9.200620
-6.293259
-2.914503
0.827765
4.798577
8.843634
12.799389
16.504178
19.801297
22.570435
24.715705
26.174224
26.917231
26.948669
26.309482
24.850753
23.061952
20.822907
18.229842
15.383484
12.377895
9.319816
6.307544
3.433572
0.782877
-1.568618
-3.555508
-5.124330
-6.234917
-6.861602
-6.994150
-6.638300
-5.608050
-4.361874
-2.744357
-0.819628
1.338890
3.651378
6.034718
8.405641
10.683764
12.794399
14.671004
16.257228
17.508461
18.392903
18.892126
19.001167
18.728175
17.893664
16.936412
15.695975
14.222989
12.574053
10.809610
8.991826
7.182532
5.441285
3.823574
2.379211
1.150943
0.173295
-0.528318
-0.938180
-1.050574
-0.869746
-0.209563
0.500153
1.430658
2.543558
3.795497
5.139887
6.528652
7.913909
9.249554
10.492692
11.604892
12.553248
13.311230
13.859312
14.185379
14.284897
14.160868
13.623540
13.096919
12.401972
11.567689
10.626773
9.614329
8.566563
7.519536
6.507994
5.564322
4.717613
3.992891
3.410460
2.985431
2.727387
2.640232
2.722191
3.165999
3.552233
4.065925
4.685257
5.385610
6.140585
6.923009
7.705874
8.463210
9.170842
9.807066
10.353198
10.794033
11.118184
11.318323
11.391294
11.338128
10.963924
10.684624
10.310562
9.857954
9.345068
8.791439
8.217110
7.641935
7.084957
6.563861
6.094514
5.690585
5.363231
5.120861
4.968973
4.910057
4.943576
5.266037
5.464127
5.731054
6.054909
6.422335
6.819127
7.230805
7.643116
8.042470
8.416308
8.753395
9.044067
9.280421
9.456465
9.568228
9.613825
9.593481
9.309506
9.173212
8.996394
8.773310
8.518157
8.241289
7.953359
7.664859
7.385729
7.125036
6.890734
6.689502
6.526639
6.406008
6.330026
6.299671
6.314521
6.572805
6.656745
6.778528
6.919732
7.087841
7.270998
7.453974
7.643687
7.828531
8.001961
8.158120
8.292053
8.399855
8.478760
8.527162
8.544588
8.531632
8.289857
8.236417
8.158058
8.071688
7.975612
7.865075
7.757381
7.643166
7.531756
7.435324
7.343514
7.264253
7.200298
7.161467
7.134780
7.125418
7.133418
7.366009
7.393101
7.426452
7.473178
7.518232
7.573056
7.622447
7.677843
7.724183
7.773175
7.810123
7.847183
7.870162
7.891750
7.898311
7.903090
7.892994
7.681785
7.671592
7.667939
7.657446
7.645661
7.641371
7.631333
7.628873
7.620694
7.620116
7.613872
7.615318
7.611222
7.814950
7.598510
7.598625
7.594427
7.799208
7.584781
7.587603
7.586502
7.794476
7.583090
7.788611
7.575020
7.578689
7.578415
7.787212
7.576687
7.783168
7.570691
7.575663
7.776891
7.572620
7.572554
7.781995
7.572495
7.780284
7.569277
7.775751
7.563658
7.769298
7.556630
7.561954
7.763958
7.560775
7.762014
7.558170
7.558901
7.769476
7.561412
7.770910
7.561849
7.770468
7.560668
7.768688
7.558413
7.766064
7.555507
7.762943
7.552230
7.759568
7.548819
7.756194
7.545566
7.753160
7.542854
7.750871
7.541082
7.749693
7.540551
7.749831
7.541351
7.751253
7.543327
7.753692
7.546118
7.756715
7.549251
7.759838
7.552252
7.762617
7.554725
7.764717
7.556401
7.765934
7.557140
7.766192
7.556927
7.765530
7.555851
7.764086
7.554092
7.762075
7.551900
7.759776
7.549573
7.757499
7.547421
7.755543
7.545724
7.754158
7.544691
7.753504
7.544429
7.753633
7.544935
7.754487
7.546097
7.755909
7.547723
7.757679
7.549573
7.759545
7.551393
7.761259
7.552949
7.762611
7.554058
7.763448
7.554604
7.763693
7.554549
7.763348
7.553933
7.762491
7.552870
7.761263
7.551523
7.759845
7.550084
7.758435
7.548751
7.757220
7.547692
7.756350
7.547035
7.755922
7.546844
7.755968
7.547119
7.756457
7.547800
7.757303
7.548777
7.758374
7.549906
7.759521
7.551033
7.760591
7.552012
7.761450
7.552726
7.761999
7.553097
7.762185
7.553097
7.762005
7.552747
7.761503
7.552115
7.760766
7.551300
7.759903
7.550420
7.759036
7.549596
7.758280
7.548932
7.757729
7.548509
7.757445
7.548370
7.757452
7.548518
7.757733
7.548919
7.758238
7.549509
7.758890
7.550200
7.759596
7.550898
7.760263
7.551513
7.760807
7.551969
7.761164
7.552218
7.761300
7.552240
7.761210
7.552045
7.760919
7.551671
7.760479
7.551180
7.759955
7.550643
7.759423
7.550134
7.758953
7.549719
7.758605
7.549448
7.758418
7.549349
7.758409
7.549428
7.758571
7.549665
7.758873
7.550021
7.759270
7.550444
7.759705
7.550877
7.760121
7.551262
7.760464
7.551554
7.760697
7.551721
7.760794
7.551747
7.760752
7.551640
7.760585
7.551421
7.760323
7.551126
7.760006
7.550799
7.759680
7.550486
7.759389
7.550226
7.759170
7.550054
7.759048
7.549986
7.759035
7.550027
7.759128
7.550167
7.759309
7.550383
7.759551
7.550642
7.759819
7.550910
7.760079
7.551152
7.760296
7.551339
7.760447
7.551450
7.760515
7.551475
7.760498
7.551418
7.760403
7.551290
7.760248
7.551114
7.760057
7.550915
7.759858
7.550723
7.759679
7.550562
7.759541
7.550452
7.759463
7.550407
7.759451
7.550428
7.759504
7.550511
7.759613
7.550641
7.759761
7.550801
7.759926
7.550967
7.760088
7.551120
7.760226
7.551239
7.760324
7.551313
7.760372
7.551334
7.760367
7.551304
7.760314
7.551231
7.760223
7.551126
7.760109
7.551006
7.759988
7.550888
7.759877
7.550789
7.759792
7.550720
7.759742
7.550690
7.759732
7.550701
7.759763
7.550750
7.759829
7.550830
7.759919
7.550928
7.760021
7.551031
7.760123
7.551127
7.760210
7.551204
7.760274
7.551253
7.760307
7.551270
7.760308
7.551256
7.760279
7.551214
7.760226
7.551152
7.760158
7.551080
7.760085
7.551008
7.760017
7.550947
7.759964
7.550904
7.759933
7.550885
7.759926
7.550890
7.759944
7.550920
7.759984
7.550969
7.760040
7.551029
7.760103
7.551094
7.760167
7.551155
7.760223
7.551204
7.760264
7.551237
7.760287
7.551250
7.760291
7.551244
7.760275
7.551220
7.760245
7.551184
7.760205
7.551141
7.760161
7.551098
7.760120
7.551060
7.760087
7.551034
7.760068
7.551022
7.760063
7.551025
7.760074
7.551043
7.760098
7.551073
7.760133
7.551111
7.760173
7.551151
7.760213
7.551190
7.760249
7.551222
7.760276
7.551244
7.760292
7.551254
7.760296
7.551252
7.760288
7.551239
7.760271
7.551218
7.760247
7.551193
7.760221
7.551167
7.760197
7.551145
7.760177
7.551128
7.760165
7.551121
7.760163
7.551123
7.760169
7.551134
7.760184
7.551153
7.760206
7.551176
7.760231
7.551202
7.760256
7.551227
7.760279
7.551248
7.760297
7.551262
7.760309
7.551270
7.760312
7.551270
7.760309
7.551263
7.760300
7.551252
7.760286
7.551237
7.760271
7.551222
7.760256
7.551208
7.760245
7.551199
7.760238
7.551195
7.760236
7.551196
7.760240
7.551203
7.760250
7.551215
7.760264
7.551230
7.760280
7.551246
7.760296
7.551262
7.760311
7.551276
7.760323
7.551286
7.760331
7.551291
7.760334
7.551292
7.760333
7.551289
7.760328
7.551283
7.760321
7.551275
7.760312
7.551266
7.760303
7.551258
7.760297
7.551253
7.760293
7.551250
7.760292
7.551252
7.760295
7.551256
7.760301
7.551264
7.760310
7.551273
7.760320
7.551284
7.760331
7.551294
7.760341
7.551303
7.760349
7.551310
7.760354
7.551315
7.760357
7.551316
7.760357
7.551315
7.760355
7.551311
7.760351
7.551307
7.760346
7.551302
7.760341
7.551298
7.760338
7.551295
7.760335
7.551294
7.760335
7.551295
7.760338
7.551298
7.760342
7.551303
7.760347
7.551309
7.760354
7.551316
7.760361
7.551323
7.760368
7.551329
7.760373
7.551334
7.760377
7.551337
7.760380
7.551339
7.760380
7.551338
7.760379
7.551337
7.760377
7.551335
7.760375
7.551332
7.760372
7.551330
7.760370
7.551328
7.760369
7.551328
7.760370
7.551329
7.760371
7.551331
7.760374
7.551334
7.760378
7.551339
7.760382
7.551343
7.760387
7.551348
7.760392
7.551352
7.760395
7.551355
7.760398
7.551358
7.760400
7.551359
7.760401
7.551360
7.760401
7.551359
7.760400
7.551358
7.760399
7.551357
7.760398
7.551356
7.760397
7.551355
7.760397
7.551355
7.760397
7.551356
7.760398
7.551358
7.760400
7.551360
7.760403
7.551363
7.760406
7.551366
7.760409
7.551369
7.760412
7.551372
7.760415
7.551375
7.760417
7.551377
7.760419
7.551378
7.760420
7.551378
7.760420
7.551378
7.760420
7.551378
7.760419
7.551378
7.760419
7.551377
7.760419
7.551377
7.760419
7.551378
7.760419
7.551378
7.760420
7.551380
7.760422
7.551381
7.760424
7.551383
7.760426
7.551386
7.760428
7.551388
7.760430
7.551390
7.760432
7.551392
7.760434
7.551393
7.760435
7.551394
7.760436
7.551395
7.760437
7.551395
7.760437
7.551395
7.760437
7.551395
7.760437
7.551395
7.760437
7.551395
7.760437
7.551396
7.760438
7.551397
7.760438
7.551398
7.760440
7.551399
7.760441
7.551400
7.760443
7.551402
7.760444
7.551403
7.760446
7.551405
7.760447
7.551406
7.760448
7.551408
7.760449
7.551408
7.760450
7.551409
7.760451
7.551409
7.760451
7.551410
7.760451
7.551410
7.760452
7.551410
7.760452
7.551410
7.760452
7.551411
7.760453
7.551412
7.760453
7.551412
7.760454
7.551413
7.760455
7.551414
7.760456
7.551416
7.760458
7.551417
7.760459
7.551418
7.760460
7.551419
7.760461
7.551420
7.760462
7.551421
7.760462
7.551421
7.760463
7.551422
7.760463
7.551422
7.760464
7.551422
7.760464
7.551423
7.760464
7.551423
7.760465
7.551423
7.760465
7.551424
7.760466
7.551425
7.760467
7.551425
7.760467
7.551426
7.760468
7.551427
7.760469
7.551428
7.760470
7.551429
7.760471
7.551430
7.760472
7.551430
7.760472
7.551431
7.760473
7.551432
7.760473
7.551432
7.760474
7.551432
7.760474
7.551433
7.760474
7.551433
7.760475
7.551434
7.760475
7.551434
7.760476
7.551434
7.760476
7.551435
7.760477
7.551436
7.760477
7.551436
7.760478
7.551437
7.760479
7.551438
7.760479
7.551438
7.760480
7.551439
7.760481
7.551440
7.760481
7.551440
7.760482
7.551441
7.760482
7.551441
7.760483
7.551441
7.760483
7.551442
7.760483
7.551442
7.760484
7.551442
7.760484
7.551443
7.760484
7.551443
7.760485
7.551444
7.760485
7.551444
7.760486
7.551445
7.760486
7.551445
7.760487
7.551446
7.760487
7.551446
7.760488
7.551447
7.760488
7.551447
7.760489
7.551448
7.760489
7.551448
7.760490
7.551448
7.760490
7.551449
7.760490
7.551449
7.760491
7.551449
7.760491
7.551450
7.760491
7.551450
7.760492
7.551450
7.760492
7.551451
7.760492
7.551451
7.760493
7.551452
7.760493
7.551452
7.760494
7.551453
7.760494
7.551453
7.760495
7.551453
7.760495
7.551454
7.760495
7.551454
7.760496
7.551455
7.760496
7.551455
7.760496
7.551455
7.760497
7.551455
7.760497
7.551456
7.760497
7.551456
7.760498
7.551456
7.760498
7.551457
7.760498
7.551457
7.760499
7.551457
7.760499
7.551458
7.760499
7.551458
7.760500
7.551458
7.760500
7.551459
7.760500
7.551459
7.760501
7.551459
7.760501
7.551460
7.760501
7.551460
7.760502
7.551460
7.760502
7.551460
7.760502
7.551461
7.760502
7.551461
7.760503
7.551461
7.760503
7.551462
7.760503
7.551462
7.760503
7.551462
7.760504
7.551462
7.760504
7.551463
7.760504
7.551463
7.760504
7.551463
7.760505
7.551463
7.760505
7.551464
7.760505
7.551464
7.760506
7.551464
7.760506
7.551465
7.760506
7.551465
7.760506
7.551465
7.760507
7.551465
7.760507
7.551465
7.760507
7.551466
7.760507
7.551466
7.760507
7.551466
7.760508
7.551466
7.760508
7.551467
7.760508
7.551467
7.760508
7.551467
7.760509
7.551467
7.760509
7.551468
7.760509
7.551468
7.760509
7.551468
7.760510
7.551468
7.760510
7.551468
7.760510
7.551469
7.760510
7.551469
7.760510
7.551469
7.760511
7.551469
7.760511
7.551469
7.760511
7.551470
7.760511
7.551470
7.760511
7.551470
7.760511
7.551470
7.760512
7.551470
7.760512
7.551471
7.760512
7.551471
7.760512
7.551471
7.760512
7.551471
7.760513
7.551471
7.760513
7.551472
7.760513
7.551472
7.760513
7.551472
7.760513
7.551472
7.760514
7.551472
7.760514
7.551472
7.760514
7.551473
7.760514
7.551473
7.760514
7.551473
7.760514
7.551473
7.760515
7.551473
7.760515
7.551473
7.760515
7.551474
7.760515
7.551474
7.760515
7.551474
7.760515
7.551474
7.760516
7.551474
7.760516
7.551474
7.760516
7.551474
7.760516
7.551475
7.760516
7.551475
7.760516
7.551475
7.760516
7.551475
7.760517
7.551475
7.760517
7.551475
7.760517
7.551475
7.760517
7.551476
7.760517
7.551476
7.760517
7.551476
7.760517
7.551476
7.760518
7.551476
7.760518
7.551476
7.760518
7.551476
7.760518
7.551477
7.760518
7.551477
7.760518
7.551477
7.760518
7.551477
7.760518
7.551477
7.760519
7.551477
7.760519
7.551477
7.760519
7.551477
7.760519
7.551478
7.760519
7.551478
7.760519
7.551478
7.760519
7.551478
7.760519
7.551478
7.760519
7.551478
7.760520
7.551478
7.760520
7.551478
7.760520
7.551478
7.760520
7.551479
7.760520
7.551479
7.760520
7.551479
7.760520
7.551479
7.760520
7.551479
7.760520
7.551479
7.760521
7.551479
7.760521
7.551479
7.760521
7.551479
7.760521
7.551480
7.760521
7.551480
7.760521
7.551480
7.760521
7.551480
7.760521
7.551480
7.760521
7.551480
7.760521
7.551480
7.760522
7.551480
7.760522
7.551480
7.760522
7.551480
7.760522
7.551480
7.760522
7.551481
7.760522
7.551481
7.760522
7.551481
7.760522
7.551481
7.760522
7.551481
7.760522
7.551481
7.760522
7.551481
7.760523
7.551481
7.760523
7.551481
7.760523
7.551481
7.760523
7.551481
7.760523
7.551482
7.760523
7.551482
7.760523
7.551482
7.760523
7.551482
7.760523
7.551482
7.760523
7.551482
7.760523
7.551482
7.760523
7.551482
7.760523
7.551482
7.760524
7.551482
7.760524
7.551482
7.760524
7.551482
7.760524
7.551482
7.760524
7.551482
7.760524
7.551483
7.760524
7.551483
7.760524
7.551483
7.760524
7.551483
7.760524
7.551483
7.760524
7.551483
7.760524
7.551483
7.760524
7.551483
7.760524
7.551483
7.760525
7.551483
7.760525
7.551483
7.760525
7.551483
7.760525
7.551483
7.760525
7.551483
7.760525
7.551483
7.760525
7.551484
7.760525
7.551484
7.760525
7.551484
7.760525
7.551484
7.760525
7.551484
7.760525
7.551484
7.760525
7.551484
7.760525
7.551484
7.760525
7.551484
7.760525
7.551484
7.760525
7.551484
7.760526
7.551484
7.760526
7.551484
7.760526
7.551484
7.760526
7.551484
7.760526
7.551484
7.760526
7.551484
7.760526
7.551484
7.760526
7.551485
7.760526
7.551485
7.760526
7.551485
7.760526
7.551485
7.760526
7.551485
7.760526
7.551485
7.760526
7.551485
7.760526
7.551485
7.760526
7.551485
7.760526
7.551485
7.760526
7.551485
7.760526
7.551485
7.760526
7.551485
7.760527
7.551485
7.760527
7.551485
7.760527
7.551485
7.760527
7.551485
7.760527
7.551485
7.760527
7.551485
7.760527
7.551485
7.760527
7.551485
7.760527
7.551485
7.760527
7.551486
7.760527
7.551486
7.760527
7.551486
7.760527
7.551486
7.760527
7.551486
7.760527
7.551486
7.760527
7.551486
7.760527
7.551486
7.760527
7.551486
7.760527
7.551486
7.760527
7.551486
7.760527
7.551486
7.760527
7.551486
7.760527
7.551486
7.760527
7.551486
7.760527
7.551486
7.760527
7.551486
7.760528
7.551486
7.760528
7.551486
7.760528
7.551486
7.760528
7.551486
7.760528
7.551486
7.760528
7.551486
7.760528
7.551486
7.760528
7.551486
7.760528
7.551486
7.760528
7.551486
7.760528
7.551486
7.760528
7.551487
7.760528
7.551487
7.760528
7.551487
7.760528
7.551487
7.760528
7.551487
7.760528
7.551487
7.760528
7.551487
7.760528
7.551487
7.760528
7.551487
7.760528
7.551487
7.760528
7.551487
7.760528
7.551487
7.760528
7.551487
7.760528
7.551487
7.760528
7.551487
7.760528
7.551487
7.760528
7.551487
7.760528
7.551487
7.760528
7.551487
7.760528
7.551487
7.760528
7.551487
7.760528
7.551487
7.760528
7.551487
7.760529
7.551487
7.760529
7.551487
7.760529
7.551487
7.760529
7.551487
7.760529
7.551487
7.760529
7.551487
7.760529
7.551487
7.760529
7.551487
7.760529
7.551487
7.760529
7.551487
7.760529
7.551487
7.760529
7.551487
7.760529
7.551487
7.760529
7.551487
7.760529
7.551487
7.760529
7.551487
7.760529
7.551487
7.760529
7.551488
7.760529
7.551488
7.760529
7.551488
7.760529
7.551488
7.760529
7.551488
7.760529
7.551488
7.760529
7.551488
7.760529
7.551488
7.760529
7.551488
7.760529
7.551488
7.760529
7.551488
7.760529
7.551488
7.760529
7.551488
7.760529
7.551488
7.760529
7.551488
7.760529
7.551488
7.760529
7.551488
7.760529
7.551488
7.760529
7.551488
7.760529
7.551488
7.760529
7.551488
7.760529
7.551488
7.760529
7.551488
7.760529
7.551488
7.760529
7.551488
7.760529
7.551488
7.760529
7.551488
7.760529
7.551488
7.760529
7.551488
7.760529
7.551488
7.760529
7.551488
7.760529
7.551488
7.760529
7.551488
7.760529
7.551488
7.760529
7.551488
7.760530
7.551488
7.760530
7.551488
7.760530
7.551488
7.760530
7.551488
7.760530
7.551488
7.760530
7.551488
7.760530
7.551488
7.760530
7.551488
7.760530
7.551488
7.760530
7.551488
7.760530
7.551488
7.760530
7.551488
7.760530
7.551488
7.760530
7.551488
7.760530
7.551488
7.760530
7.551488
7.760530
7.551488
7.760530
7.551488
7.760530
7.551488
7.760530
7.551488
7.760530
7.551488
7.760530
7.551488
7.760530
7.551488
7.760530
7.551488
7.760530
7.551488
7.760530
7.551488
7.760530
7.551488
7.760530
7.551488
7.760530
7.551488
7.760530
7.551488
7.760530
7.551488
7.760530
7.551489
7.760530
7.551489
7.760530
7.551489
7.760530
7.551489
7.760530
7.551489
7.760530
7.551489
7.760530
7.551489
7.760530
7.551489
7.760530
7.551489
7.760530
7.551489
7.760530
7.551489
7.760530
7.551489
7.760530
7.551489
7.760530
7.551489
7.760530
7.551489
7.760530
7.551489
7.760530
7.551489
7.760530
7.551489
7.760530
7.551489
7.760530
7.551489
7.760530
7.551489
7.760530
7.551489
7.760530
7.551489
7.760530
7.551489
7.760530
7.551489
7.760530
7.551489
7.760530
7.551489
7.760530
7.551489
7.760530
7.551489
7.760530
7.551489
7.760530
7.551489
7.760530
7.551489
7.760530
7.551489
7.760530
7.551489
7.760530
7.551489
7.760530
7.551489
7.760530
7.551489
7.760530
7.551489
7.760530
7.551489
7.760530
7.551489
7.760530
7.551489
7.760530
7.551489
7.760530
7.551489
7.760530
7.551489
7.760530
7.551489
7.760530
7.551489
7.760530
7.551489
7.760530
7.551489
7.760530
7.551489
7.760530
7.551489
7.760530
7.551489
7.760530
7.551489
7.760530
7.551489
7.760530
7.551489
7.760530
7.551489
7.760530
7.551489
7.760530
7.551489
7.760530
7.551489
7.760530
7.551489
7.760530
7.551489
7.760530
7.551489
7.760530
7.551489
7.760530
7.551489
7.760530
7.551489
7.760530
7.551489
7.760530
7.551489
7.760530
7.551489
7.760530
7.551489
7.760530
7.551489
7.760530
7.551489
7.760530
7.551489
7.760530
7.551489
7.760530
7.551489
7.760530
7.551489
7.760530
7.551489
7.760530
7.551489
7.760530
7.551489
7.760530
7.551489
7.760530
7.551489
7.760530
7.551489
7.760530
7.551489
7.760530
7.551489
7.760530
7.551489
7.760530
7.551489
7.760530
7.551489
7.760531
7.551489
7.760531
7.551489
7.760531
7.551489
7.760531
7.551489
7.760531
7.551489
7.760531
7.551489
7.760531
7.551489
7.760531
7.551489
7.760531
7.551489
7.760531
7.551489
7.760531
7.551489
7.760531
7.551489
7.760531
7.551489
7.760531
7.551489
7.760531
7.551489
7.760531
7.551489
7.760531
7.551489
7.760531
7.551489
7.760531
7.551489
7.760531
7.551489
7.760531
7.551489
7.760531
7.551489
7.760531
7.551489
7.760531
7.551489
7.760531
7.551489
7.760531
7.551489
7.760531
7.551489
7.760531
7.551489
7.760531
7.551489
7.760531
7.551489
7.760531
7.551489
7.760531
7.551489
7.760531
7.551489
7.760531
7.551489
7.760531
7.551489
7.760531
7.551489
7.760531
7.551489
7.760531
7.551489
7.760531
7.551489
7.760531
7.551489
7.760531
7.551489
7.760531
7.551489
7.760531
7.551489
7.760531
7.551489
7.760531
7.551489
7.760531
7.551489
7.760531
7.551489
7.760531
7.551489
7.760531
7.551489
7.760531
7.551489
7.760531
7.551489
7.760531
7.551489
7.760531
7.551489
7.760531
7.551489
7.760531
7.551489
7.760531
7.551489
7.760531
7.551489
7.760531
7.551489
7.760531
7.551489
7.760531
7.551489
7.760531
7.551489
7.760531
7.551489
7.760531
7.551489
7.760531
7.551489
7.760531
7.551489
7.760531
7.551489
7.760531
7.551489
7.760531
7.551489
7.760531
7.551489
7.760531
7.551489
7.760531
7.551489
7.760531
7.551489
7.760531
7.551489
7.760531
7.551489
7.760531
7.551489
7.760531
7.551489
7.760531
7.551489
7.760531
7.551489
7.760531
7.551489
7.760531
7.551489
7.760531
7.551489
7.760531
7.551489
7.760531
7.551489
7.760531
7.551489
7.760531
7.551489
7.760531
7.551489
7.760531
7.551489
7.760531
7.551489
7.760531
7.551489
7.760531
7.551489
7.760531
7.551489
7.760531
7.551489
7.760531
7.551489
7.760531
7.551489
7.760531
7.551489
7.760531
7.551489
7.760531
7.551489
7.760531
7.551489
7.760531
7.551489
7.760531
7.551489
7.760531
7.551489
7.760531
7.551489
7.760531
7.551489
7.760531
7.551489
7.760531
7.551489
7.760531
7.551489
7.760531
7.551489
7.760531
7.551489
7.760531
7.551489
7.760531
7.551489
7.760531
7.551489
7.760531
7.551489
7.760531
7.551489
7.760531
7.551489
7.760531
7.551489
7.760531
7.551489
7.760531
7.551489
7.760531
7.551489
7.760531
7.551489
7.760531
7.551489
7.760531
7.551489
7.760531
7.551489
7.760531
7.551489
7.760531
7.551489
7.760531
7.551489
7.760531
7.551489
7.760531
7.551489
7.760531
7.551489
7.760531
7.551489
7.760531
7.551489
7.760531
7.551489
7.760531
7.551489
7.760531
7.551489
7.760531
7.551489
7.760531
7.551489
7.760531
7.551489
7.760531
7.551489
7.760531
7.551489
7.760531
7.551489
7.760531
7.551489
7.760531
7.551489
7.760531
7.551489
7.760531
7.551489
7.760531
7.551489
7.760531
7.551489
7.760531
7.551489
7.760531
7.551489
7.760531
7.551489
7.760531
7.551489
7.760531
7.551489
7.760531
7.551489
7.760531
7.551489
7.760531
7.551489
7.760531
7.551489
7.760531
7.551489
7.760531
7.551489
7.760531
7.551489
7.760531
7.551489
7.760531
7.551489
7.760531
7.551489
7.760531
7.551489
7.760531
7.551489
7.760531
7.551489
7.760531
7.551489
7.760531
7.551489
7.760531
7.551489
7.760531
7.551489
7.760531
7.551489
7.760531
7.551489
7.760531
7.551489
7.760531
7.551489
7.760531
7.551489
7.760531
7.551489
7.760531
7.551489
7.760531
7.551489
7.760531
7.551489
7.760531
7.551489
7.760531
7.551489
7.760531
7.551489
7.760531
7.551489
7.760531
7.551489
7.760531
7.551489
7.760531
7.551489
7.760531
7.551489
7.760531
7.551489
7.760531
7.551489
7.760531
7.551489
7.760531
7.551489
7.760531
7.551489
7.760531
7.551489
7.760531
7.551489
7.760531
7.551489
7.760531
7.551489
7.760531
7.551489
7.760531
7.551490
7.760531
7.551490
7.760531
7.551490
7.760531
7.551490
7.760531
7.551490
7.760531
7.551490
7.760531
7.551490
7.760531
7.551490
7.760531
7.551490
7.760531
7.551490
7.760531
7.551490
7.760531
7.551490
7.760531
7.551490
7.760531
7.551490
7.760531
7.551490
7.760531
7.551490
7.760531
7.551490
7.760531
7.551490
7.760531
7.551490
7.760531
7.551490
7.760531
7.551490
7.760531
7.551490
7.760531
7.551490
7.760531
7.551490
7.760531
7.551490
7.760531
7.551490
7.760531
7.551490
7.760531
7.551490
7.760531
7.551490
7.760531
7.551490
7.760531
7.551490
7.760531
7.551490
7.760531
7.551490
7.760531
7.551490
7.760531
7.551490
7.760531
7.551490
7.760531
7.551490
7.760531
7.551490
7.760531
7.551490
7.760531
7.551490
7.760531
7.551490
7.760531
7.551490
7.760531
7.551490
7.760531
7.551490
7.760531
7.551490
7.760531
7.551490
7.760531
7.551490
7.760531
7.551490
7.760531
7.551490
7.760531
7.551490
7.760531
7.551490
7.760531
7.551490
7.760531
7.551490
7.760531
7.551490
7.760531
7.551490
7.760531
7.551490
7.760531
7.551490
7.760531
7.551490
7.760531
7.551490
7.760531
7.551490
7.760531
7.551490
7.760531
7.551490
7.760531
7.551490
7.760531
7.551490
7.760531
7.551490
7.760531
7.551490
7.760531
7.551490
7.760531
7.551490
7.760531
7.551490
7.760531
7.551490
7.760531
7.551490
7.760531
7.551490
7.760531
7.551490
7.760531
7.551490
7.760531
7.551490
7.760531
7.551490
7.760531
7.551490
7.760531
7.551490
7.760531
7.551490
7.760531
7.551490
7.760531
7.551490
7.760531
7.551490
7.760531
7.551490
7.760531
7.551490
7.760531
7.551490
7.760531
7.551490
7.760531
7.551490
7.760531
7.551490
7.760531
7.551490
7.760531
7.551490
7.760531
7.551490
7.760531
7.551490
7.760531
7.551490
7.760531
7.551490
7.760531
7.551490
7.760531
7.551490
7.760531
7.551490
7.760531
7.551490
7.760531
7.551490
7.760531
7.551490
7.760531
7.551490
7.760531
7.551490
7.760531
7.551490
7.760531
7.551490
7.760531
7.551490
7.760531
7.551490
7.760531
7.551490
7.760531
7.551490
7.760531
7.551490
7.760531
7.551490
7.760531
7.551490
7.760531
7.551490
7.760531
7.551490
7.760531
7.551490
7.760531
7.551490
7.760531
7.551490
7.760531
7.551490
7.760531
7.551490
7.760531
7.551490
7.760531
7.551490
7.760531
7.551490
7.760531
7.551490
7.760531
7.551490
7.760531
7.551490
7.760531
7.551490
7.760531
7.551490
7.760531
7.551490
7.760531
7.551490
7.760531
7.551490
7.760531
7.551490
7.760531
7.551490
7.760531
7.551490
7.760531
7.551490
7.760531
7.551490
7.760531
7.551490
7.760531
7.551490
7.760531
7.551490
7.760531
7.551490
7.760531
7.551490
7.760531
7.551490
7.760531
7.551490
7.760531
7.551490
7.760531
7.551490
7.760531
7.551490
7.760531
7.551490
7.760531
7.551490
7.760531
7.551490
7.760531
7.551490
7.760531
7.551490
7.760531
7.551490
7.760531
7.551490
7.760531
7.551490
7.760531
7.551490
7.760531
7.551490
7.760531
7.551490
7.760531
7.551490
7.760531
7.551490
7.760531
7.551490
7.760531
7.551490
7.760531
7.551490
7.760531
7.551490
7.760531
7.551490
7.760531
7.551490
7.760531
7.551490
7.760531
7.551490
7.760531
7.551490
7.760531
7.551490
7.760531
7.551490
7.760531
7.551490
7.760531
7.551490
7.760531
7.551490
7.760531
7.551490
7.760531
7.551490
7.760531
7.551490
7.760531
7.551490
7.760531
7.551490
7.760531
7.551490
7.760531
7.551490
7.760531
7.551490
7.760531
7.551490
7.760531
7.551490
7.760531
7.551490
7.760531
7.551490
7.760531
7.551490
7.760531
7.551490
7.760531
7.551490
7.760531
7.551490
7.760531
7.551490
7.760531
7.551490
7.760531
7.551490
7.760531
7.551490
7.760531
7.551490
7.760531
7.551490
7.760531
7.551490
7.760531
7.551490
7.760531
7.551490
7.760531
7.551490
7.760531
7.551490
7.760531
7.551490
7.760531
7.551490
7.760531
7.551490
7.760531
7.551490
7.760531
7.551490
7.760531
7.551490
7.760531
7.551490
7.760531
7.551490
7.760531
7.551490
7.760531
7.551490
7.760531
7.551490
7.760531
7.551490
7.760531
7.551490
7.760531
7.551490
7.760531
7.551490
7.760531
7.551490
7.760531
7.551490
7.760531
7.551490
7.760531
7.551490
7.760531
7.551490
7.760531
7.551490
7.760531
7.551490
7.760531
7.551490
7.760531
7.551490
7.760531
7.551490
7.760531
7.551490
7.760531
7.551490
7.760531
7.551490
7.760531
7.551490
7.760531
7.551490
7.760531
7.551490
7.760531
7.551490
7.760531
7.551490
7.760531
7.551490
7.760531
7.551490
7.760531
7.551490
7.760531
7.551490
7.760531
7.551490
7.760531
7.551490
7.760531
7.551490
7.760531
7.551490
7.760531
7.551490
7.760531
7.551490
7.760531
7.551490
7.760531
7.551490
7.760531
7.551490
7.760531
7.551490
7.760531
7.551490
7.760531
7.551490
7.760531
7.551490
7.760531
7.551490
7.760531
7.551490
7.760531
7.551490
7.760531
7.551490
7.760531
7.551490
7.760531
7.551490
7.760531
7.551490
7.760531
7.551490
7.760531
7.551490
7.760531
7.551490
7.760531
7.551490
7.760531
7.551490
7.760531
7.551490
7.760531
7.551490
7.760531
7.551490
7.760531
7.551490
7.760531
7.551490
7.760531
7.551490
7.760531
7.551490
7.760531
7.551490
7.760531
7.551490
7.760531
7.551490
7.760531
7.551490
7.760531
7.551490
7.760531
7.551490
7.760531
7.551490
7.760531
7.551490
7.760531
7.551490
7.760531
7.551490
7.760531
7.551490
7.760531
7.551490
7.760531
7.551490
7.760531
7.551490
7.760531
7.551490
7.760531
7.551490
7.760531
7.551490
7.760531
7.551490
7.760531
7.551490
7.760531
7.551490
7.760531
7.551490
7.760531
7.551490
7.760531
7.551490
7.760531
7.551490
7.760531
7.551490
7.760531
7.551490
7.760531
7.551490
7.760531
7.551490
7.760531
7.551490
7.760531
7.551490
7.760531
7.551490
7.760531
7.551490
7.760531
7.551490
7.760531
7.551490
7.760531
7.551490
7.760531
7.551490
7.760531
7.551490
7.760531
7.551490
7.760531
7.551490
7.760531
7.551490
7.760531
7.551490
7.760531
7.551490
7.760531
7.551490
7.760531
7.551490
7.760531
7.551490
7.760531
7.551490
7.760531
7.551490
7.760531
7.551490
7.760531
7.551490
7.760531
7.551490
7.760531
7.551490
7.760531
7.551490
7.760531
7.551490
7.760531
7.551490
7.760531
7.551490
7.760531
7.551490
7.760531
7.551490
7.760531
7.551490
7.760531
7.551490
7.760531
7.551490
7.760531
7.551490
7.760531
7.551490
7.760531
7.551490
7.760531
7.551490
7.760531
7.551490
7.760531
7.551490
7.760531
7.551490
7.760531
7.551490
7.760531
7.551490
7.760531
7.551490
7.760531
7.551490
7.760531
7.551490
7.760531
7.551490
7.760531
7.551490
7.760531
7.551490
7.760531
7.551490
7.760531
7.551490
7.760531
7.551490
7.760531
7.551490
7.760531
7.551490
7.760531
7.551490
7.760531
7.551490
7.760531
7.551490
7.760531
7.551490
7.760531
7.551490
7.760531
7.551490
7.760531
7.551490
7.760531
7.551490
7.760531
7.551490
7.760531
7.551490
7.760531
7.551490
7.760531
7.551490
7.760531
7.551490
7.760531
7.551490
7.760531
7.551490
7.760531
7.551490
7.760531
7.551490
7.760531
7.551490
7.760531
7.551490
7.760531
7.551490
7.760531
7.551490
7.760531
7.551490
7.760531
7.551490
7.760531
7.551490
7.760531
7.551490
7.760531
7.551490
7.760531
7.551490
7.760531
7.551490
7.760531
7.551490
7.760531
7.551490
7.760531
7.551490
7.760531
7.551490
7.760531
7.551490
7.760531
7.551490
7.760531
7.551490
7.760531
7.551490
7.760531
7.551490
7.760531
7.551490
7.760531
7.551490
7.760531
7.551490
7.760531
7.551490
7.760531
7.551490
7.760531
7.551490
7.760531
7.551490
7.760531
7.551490
7.760531
7.551490
7.760531
7.551490
7.760531
7.551490
7.760531
7.551490
7.760531
7.551490
7.760531
7.551490
7.760531
7.551490
7.760531
7.551490
7.760531
7.551490
7.760531
7.551490
7.760531
7.551490
7.760531
7.551490
7.760531
7.551490
7.760531
7.551490
7.760531
7.551490
7.760531
7.551490
7.760531
7.551490
7.760531
7.551490
7.760531
7.551490
7.760531
7.551490
7.760531
7.551490
7.760531
7.551490
7.760531
7.551490
7.760531
7.551490
7.760531
7.551490
7.760531
7.551490
7.760531
7.551490
7.760531
7.551490
7.760531
7.551490
7.760531
7.551490
7.760531
7.551490
7.760531
7.551490
7.760531
7.551490
7.760531
7.551490
7.760531
7.551490
7.760531
7.551490
7.760531
7.551490
7.760531
7.551490
7.760531
7.551490
7.760531
7.551490
7.760531
7.551490
7.760531
7.551490
7.760531
7.551490
7.760531
7.551490
7.760531
7.551490
7.760531
7.551490
7.760531
7.551490
7.760531
7.551490
7.760531
7.551490
7.760531
7.551490
7.760531
7.551490
7.760531
7.551490
7.760531
7.551490
7.760531
7.551490
7.760531
7.551490
7.760531
7.551490
7.760531
7.551490
7.760531
7.551490
7.760531
7.551490
7.760531
7.551490
7.760531
7.551490
7.760531
7.551490
7.760531
7.551490
7.760531
7.551490
7.760531
7.551490
7.760531
7.551490
7.760531
7.551490
7.760531
7.551490
7.760531
7.551490
7.760531
7.551490
7.760531
7.551490
7.760531
7.551490
7.760531
7.551490
7.760531
7.551490
7.760531
7.551490
7.760531
7.551490
7.760531
7.551490
7.760531
7.551490
7.760531
7.551490
7.760531
7.551490
7.760531
7.551490
7.760531
7.551490
7.760531
7.551490
7.760531
7.551490
7.760531
7.551490
7.760531
7.551490
7.760531
7.551490
7.760531
7.551490
7.760531
7.551490
7.760531
7.551490
7.760531
7.551490
7.760531
7.551490
7.760531
7.551490
7.760531
7.551490
7.760531
7.551490
7.760531
7.551490
7.760531
7.551490
7.760531
7.551490
7.760531
7.551490
7.760531
7.551490
7.760531
7.551490
7.760531
7.551490
7.760531
7.551490
7.760531
7.551490
7.760531
7.551490
7.760531
7.551490
7.760531
7.551490
7.760531
7.551490
7.760531
7.551490
7.760531
7.551490
7.760531
7.551490
7.760531
7.551490
7.760531
7.551490
7.760531
7.551490
7.760531
7.551490
7.760531
7.551490
7.760531
7.551490
7.760531
7.551490
7.760531
7.551490
7.760531
7.551490
7.760531
7.551490
7.760531
7.551490
7.760531
7.551490
7.760531
7.551490
7.760531
7.551490
7.760531
7.551490
7.760531
7.551490
7.760531
7.551490
7.760531
7.551490
7.760531
7.551490
7.760531
7.551490
7.760531
7.551490
7.760531
7.551490
7.760531
7.551490
7.760531
7.551490
7.760531
7.551490
7.760531
7.551490
7.760531
7.551490
7.760531
7.551490
7.760531
7.551490
7.760531
7.551490
7.760531
7.551490
7.760531
7.551490
7.760531
7.551490
7.760531
7.551490
7.760531
7.551490
7.760531
7.551490
7.760531
7.551490
7.760531
7.551490
7.760531
7.551490
7.760531
7.551490
7.760531
7.551490
7.760531
7.551490
7.760531
7.551490
7.760531
7.551490
7.760531
7.551490
7.760531
7.551490
7.760531
7.551490
7.760531
7.551490
7.760531
7.551490
7.760531
7.551490
7.760531
7.551490
7.760531
7.551490
7.760531
7.551490
7.760531
7.551490
7.760531
7.551490
7.760531
7.551490
7.760531
7.551490
7.760531
7.551490
7.760531
7.551490
7.760531
7.551490
7.760531
7.551490
7.760531
7.551490
7.760531
7.551490
7.760531
7.551490
7.760531
7.551490
7.760531
7.551490
7.760531
7.551490
7.760531
7.551490
7.760531
7.551490
7.760531
7.551490
7.760531
7.551490
7.760531
7.551490
7.760531
7.551490
7.760531
7.551490
7.760531
7.551490
7.760531
7.551490
7.760531
7.551490
7.760531
7.551490
7.760531
7.551490
7.760531
7.551490
7.760531
7.551490
7.760531
7.551490
7.760531
7.551490
7.760531
7.551490
7.760531
7.551490
7.760531
7.551490
7.760531
7.551490
7.760531
7.551490
7.760531
7.551490
7.760531
7.551490
7.760531
7.551490
7.760531
7.551490
7.760531
7.551490
7.760531
7.551490
7.760531
7.551490
7.760531
7.551490
7.760531
7.551490
7.760531
7.551490
7.760531
7.551490
7.760531
7.551490
7.760531
7.551490
7.760531
7.551490
7.760531
7.551490
7.760531
7.551490
7.760531
7.551490
7.760531
7.551490
7.760531
7.551490
7.760531
7.551490
7.760531
7.551490
7.760531
7.551490
7.760531
7.551490
7.760531
7.551490
7.760531
7.551490
7.760531
7.551490
7.760531
7.551490
7.760531
7.551490
7.760531
7.551490
7.760531
7.551490
7.760531
7.551490
7.760531
7.551490
7.760531
7.551490
7.760531
7.551490
7.760531
7.551490
7.760531
7.551490
7.760531
7.551490
7.760531
7.551490
7.760531
7.551490
7.760531
7.551490
7.760531
7.551490
7.760531
7.551490
7.760531
7.551490
7.760531
7.551490
7.760531
7.551490
7.760531
7.551490
7.760531
7.551490
7.760531
7.551490
7.760531
7.551490
7.760531
7.551490
7.760531
7.551490
7.760531
7.551490
7.760531
7.551490
7.760531
7.551490
7.760531
7.551490
7.760531
7.551490
7.760531
7.551490
7.760531
7.551490
7.760531
7.551490
7.760531
7.551490
7.760531
7.551490
7.760531
7.551490
7.760531
7.551490
7.760531
7.551490
7.760531
7.551490
7.760531
7.551490
7.760531
7.551490
7.760531
7.551490
7.760531
7.551490
7.760531
7.551490
7.760531
7.551490
7.760531
7.551490
7.760531
7.551490
7.760531
7.551490
7.760531
7.551490
7.760531
7.551490
7.760531
7.551490
7.760531
7.551490
7.760531
7.551490
7.760531
7.551490
7.760531
7.551490
7.760531
7.551490
7.760531
7.551490
7.760531
7.551490
7.760531
7.551490
7.760531
7.551490
7.760531
7.551490
7.760531
7.551490
7.760531
7.551490
7.760531
7.551490
7.760531
7.551490
7.760531
7.551490
7.760531
7.551490
7.760531
7.551490
7.760531
7.551490
7.760531
7.551490
7.760531
7.551490
7.760531
7.551490
7.760531
7.551490
7.760531
7.551490
7.760531
7.551490
7.760531
7.551490
7.760531
7.551490
7.760531
7.551490
7.760531
7.551490
7.760531
7.551490
7.760531
7.551490
7.760531
7.551490
7.760531
7.551490
7.760531
7.551490
7.760531
7.551490
7.760531
7.551490
7.760531
7.551490
7.760531
7.551490
7.760531
7.551490
7.760531
7.551490
7.760531
7.551490
7.760531
7.551490
7.760531
7.551490
7.760531
7.551490
7.760531
7.551490
7.760531
7.551490
7.760531
7.551490
7.760531
7.551490
7.760531
7.551490
7.760531
7.551490
7.760531
7.551490
7.760531
7.551490
7.760531
7.551490
7.760531
7.551490
7.760531
7.551490
7.760531
7.551490
7.760531
7.551490
7.760531
7.551490
7.760531
7.551490
7.760531
7.551490
7.760531
7.551490
7.760531
7.551490
7.760531
7.551490
7.760531
7.551490
7.760531
7.551490
7.760531
7.551490
7.760531
7.551490
7.760531
7.551490
7.760531
7.551490
7.760531
7.551490
7.760531
7.551490
7.760531
7.551490
7.760531
7.551490
7.760531
7.551490
7.760531
7.551490
7.760531
7.551490
7.760531
7.551490
7.760531
7.551490
7.760531
7.551490
7.760531
7.551490
7.760531
7.551490
7.760531
7.551490
7.760531
7.551490
7.760531
7.551490
7.760531
7.551490
7.760531
7.551490
7.760531
7.551490
7.760531
7.551490
7.760531
7.551490
7.760531
7.551490
7.760531
7.551490
7.760531
7.551490
7.760531
7.551490
7.760531
7.551490
7.760531
7.551490
7.760531
7.551490
7.760531
7.551490
7.760531
7.551490
7.760531
7.551490
7.760531
7.551490
7.760531
7.551490
7.760531
7.551490
7.760531
7.551490
7.760531
7.551490
7.760531
7.551490
7.760531
7.551490
7.760531
7.551490
7.760531
7.551490
7.760531
7.551490
7.760531
7.551490
7.760531
7.551490
7.760531
7.551490
7.760531
7.551490
7.760531
7.551490
7.760531
7.551490
7.760531
7.551490
7.760531
7.551490
7.760531
7.551490
7.760531
7.551490
7.760531
7.551490
7.760531
7.551490
7.760531
7.551490
7.760531
7.551490
7.760531
7.551490
7.760531
7.551490
7.760531
7.551490
7.760531
7.551490
7.760531
7.551490
7.760531
7.551490
7.760531
7.551490
7.760531
7.551490
7.760531
7.551490
7.760531
7.551490
7.760531
7.551490
7.760531
7.551490
7.760531
7.551490
7.760531
7.551490
7.760531
7.551490
7.760531
7.551490
7.760531
7.551490
7.760531
7.551490
7.760531
7.551490
7.760531
7.551490
7.760531
7.551490
7.760531
7.551490
7.760531
7.551490
7.760531
7.551490
7.760531
7.551490
7.760531
7.551490
7.760531
7.551490
7.760531
7.551490
7.760531
7.551490
7.760531
7.551490
7.760531
7.551490
7.760531
7.551490
7.760531
7.551490
7.760531
7.551490
7.760531
7.551490
7.760531
7.551490
7.760531
7.551490
7.760531
7.551490
7.760531
7.551490
7.760531
7.551490
7.760531
7.551490
7.760531
7.551490
7.760531
7.551490
7.760531
7.551490
7.760531
7.551490
7.760531
7.551490
7.760531
7.551490
7.760531
7.551490
7.760531
7.551490
7.760531
7.551490
7.760531
7.551490
7.760531
7.551490
7.760531
7.551490
7.760531
7.551490
7.760531
7.551490
7.760531
7.551490
7.760531
7.551490
7.760531
7.551490
7.760531
7.551490
7.760531
7.551490
7.760531
7.551490
7.760531
7.551490
7.760531
7.551490
7.760531
7.551490
7.760531
7.551490
7.760531
7.551490
7.760531
7.551490
7.760531
7.551490
7.760531
7.551490
7.760531
7.551490
7.760531
7.551490
7.760531
7.551490
7.760531
7.551490
7.760531
7.551490
7.760531
7.551490
7.760531
7.551490
7.760531
7.551490
7.760531
7.551490
7.760531
7.551490
7.760531
7.551490
7.760531
7.551490
7.760531
7.551490
7.760531
7.551490
7.760531
7.551490
7.760531
7.551490
7.760531
7.551490
7.760531
7.551490
7.760531
7.551490
7.760531
7.551490
7.760531
7.551490
7.760531
7.551490
7.760531
7.551490
7.760531
7.551490
7.760531
7.551490
7.760531
7.551490
7.760531
7.551490
7.760531
7.551490
7.760531
7.551490
7.760531
7.551490
7.760531
7.551490
7.760531
7.551490
7.760531
7.551490
7.760531
7.551490
7.760531
7.551490
7.760531
7.551490
7.760531
7.551490
7.760531
7.551490
7.760531
7.551490
7.760531
7.551490
7.760531
7.551490
7.760531
7.551490
7.760531
7.551490
7.760531
7.551490
7.760531
7.551490
7.760531
7.551490
7.760531
7.551490
7.760531
7.551490
7.760531
7.551490
7.760531
7.551490
7.760531
7.551490
7.760531
7.551490
7.760531
7.551490
7.760531
7.551490
7.760531
7.551490
7.760531
7.551490
7.760531
7.551490
7.760531
7.551490
7.760531
7.551490
7.760531
7.551490
7.760531
7.551490
7.760531
7.551490
7.760531
7.551490
7.760531
7.551490
7.760531
7.551490
7.760531
7.551490
7.760531
7.551490
7.760531
7.551490
7.760531
7.551490
7.760531
7.551490
7.760531
7.551490
7.760531
7.551490
7.760531
7.551490
7.760531
7.551490
7.760531
7.551490
7.760531
7.551490
7.760531
7.551490
7.760531
7.551490
7.760531
7.551490
7.760531
7.551490
7.760531
7.551490
7.760531
7.551490
7.760531
7.551490
7.760531
7.551490
7.760531
7.551490
7.760531
7.551490
7.760531
7.551490
7.760531
7.551490
7.760531
7.551490
7.760531
7.551490
7.760531
7.551490
7.760531
7.551490
7.760531
7.551490
7.760531
7.551490
7.760531
7.551490
7.760531
7.551490
7.760531
7.551490
7.760531
7.551490
7.760531
7.551490
7.760531
7.551490
7.760531
7.551490
7.760531
7.551490
7.760531
7.551490
7.760531
7.551490
7.760531
7.551490
7.760531
7.551490
7.760531
7.551490
7.760531
7.551490
7.760531
7.551490
7.760531
7.551490
7.760531
7.551490
7.760531
7.551490
7.760531
7.551490
7.760531
7.551490
7.760531
7.551490
7.760531
7.551490
7.760531
7.551490
7.760531
7.551490
7.760531
7.551490
7.760531
7.551490
7.760531
7.551490
7.760531
7.551490
7.760531
7.551490
7.760531
7.551490
7.760531
7.551490
7.760531
7.551490
7.760531
7.551490
7.760531
7.551490
7.760531
7.551490
7.760531
7.551490
7.760531
7.551490
7.760531
7.551490
7.760531
7.551490
7.760531
7.551490
7.760531
7.551490
7.760531
7.551490
7.760531
7.551490
7.760531
7.551490
7.760531
7.551490
7.760531
7.551490
7.760531
7.551490
7.760531
7.551490
7.760531
7.551490
7.760531
7.551490
7.760531
7.551490
7.760531
7.551490
7.760531
7.551490
7.760531
7.551490
7.760531
7.551490
7.760531
7.551490
7.760531
7.551490
7.760531
7.551490
7.760531
7.551490
7.760531
7.551490
7.760531
7.551490
7.760531
7.551490
7.760531
7.551490
7.760531
7.551490
7.760531
7.551490
7.760531
7.551490
7.760531
7.551490
7.760531
7.551490
7.760531
7.551490
7.760531
7.551490
7.760531
7.551490
7.760531
7.551490
7.760531
7.551490
7.760531
7.551490
7.760531
7.551490
7.760531
7.551490
7.760531
7.551490
7.760531
7.551490
7.760531
7.551490
7.760531
7.551490
7.760531
7.551490
7.760531
7.551490
7.760531
7.551490
7.760531
7.551490
7.760531
7.551490
7.760531
7.551490
7.760531
7.551490
7.760531
7.551490
7.760531
7.551490
7.760531
7.551490
7.760531
7.551490
7.760531
7.551490
7.760531
7.551490
7.760531
7.551490
7.760531
7.551490
7.760531
7.551490
7.760531
7.551490
7.760531
7.551490
7.760531
7.551490
7.760531
7.551490
7.760531
7.551490
7.760531
7.551490
7.760531
7.551490
7.760531
7.551490
7.760531
7.551490
7.760531
7.551490
7.760531
7.551490
7.760531
7.551490
7.760531
7.551490
7.760531
7.551490
7.760531
7.551490
7.760531
7.551490
7.760531
7.551490
7.760531
7.551490
7.760531
7.551490
7.760531
7.551490
7.760531
7.551490
7.760531
7.551490
7.760531
7.551490
7.760531
7.551490
7.760531
7.551490
7.760531
7.551490
7.760531
7.551490
7.760531
7.551490
7.760531
7.551490
7.760531
7.551490
7.760531
7.551490
7.760531
7.551490
7.760531
7.551490
7.760531
7.551490
7.760531
7.551490
7.760531
7.551490
7.760531
7.551490
7.760531
7.551490
7.760531
7.551490
7.760531
7.551490
7.760531
7.551490
7.760531
7.551490
7.760531
7.551490
7.760531
7.551490
7.760531
7.551490
7.760531
7.551490
7.760531
7.551490
7.760531
7.551490
7.760531
7.551490
7.760531
7.551490
7.760531
7.551490
7.760531
7.551490
7.760531
7.551490
7.760531
7.551490
7.760531
7.551490
7.760531
7.551490
7.760531
7.551490
7.760531
7.551490
7.760531
7.551490
7.760531
7.551490
7.760531
7.551490
7.760531
7.551490
7.760531
7.551490
7.760531
7.551490
7.760531
7.551490
7.760531
7.551490
7.760531
7.551490
7.760531
7.551490
7.760531
7.551490
7.760531
7.551490
7.760531
7.551490
7.760531
7.551490
7.760531
7.551490
7.760531
7.551490
7.760531
7.551490
7.760531
7.551490
7.760531
7.551490
7.760531
7.551490
7.760531
7.551490
7.760531
7.551490
7.760531
7.551490
7.760531
7.551490
7.760531
7.551490
7.760531
7.551490
7.760531
7.551490
7.760531
7.551490
7.760531
7.551490
7.760531
7.551490
7.760531
7.551490
7.760531
7.551490
7.760531
7.551490
7.760531
7.551490
7.760531
7.551490
7.760531
7.551490
7.760531
7.551490
7.760531
7.551490
7.760531
7.551490
7.760531
7.551490
7.760531
7.551490
7.760531
7.551490
7.760531
7.551490
7.760531
7.551490
7.760531
7.551490
7.760531
7.551490
7.760531
7.551490
7.760531
7.551490
7.760531
7.551490
7.760531
7.551490
7.760531
7.551490
7.760531
7.551490
7.760531
7.551490
7.760531
7.551490
7.760531
7.551490
7.760531
7.551490
7.760531
7.551490
7.760531
7.551490
7.760531
7.551490
7.760531
7.551490
7.760531
7.551490
7.760531
7.551490
7.760531
7.551490
7.760531
7.551490
7.760531
7.551490
7.760531
7.551490
7.760531
7.551490
7.760531
7.551490
7.760531
7.551490
7.760531
7.551490
7.760531
7.551490
7.760531
7.551490
7.760531
7.551490
7.760531
7.551490
7.760531
7.551490
7.760531
7.551490
7.760531
7.551490
7.760531
7.551490
7.760531
7.551490
7.760531
7.551490
7.760531
7.551490
7.760531
7.551490
7.760531
7.551490
7.760531
7.551490
7.760531
7.551490
7.760531
7.551490
7.760531
7.551490
7.760531
7.551490
7.760531
7.551490
7.760531
7.551490
7.760531
7.551490
7.760531
7.551490
7.760531
7.551490
7.760531
7.551490
7.760531
7.551490
7.760531
7.551490
7.760531
7.551490
7.760531
7.551490
7.760531
7.551490
7.760531
7.551490
7.760531
7.551490
7.760531
7.551490
7.760531
7.551490
7.760531
7.551490
7.760531
7.551490
7.760531
7.551490
7.760531
7.551490
7.760531
7.551490
7.760531
7.551490
7.760531
7.551490
7.760531
7.551490
7.760531
7.551490
7.760531
7.551490
7.760531
7.551490
7.760531
7.551490
7.760531
7.551490
7.760531
7.551490
7.760531
7.551490
7.760531
7.551490
7.760531
7.551490
7.760531
7.551490
7.760531
7.551490
7.760531
7.551490
7.760531
7.551490
7.760531
7.551490
7.760531
7.551490
7.760531
7.551490
7.760531
7.551490
7.760531
7.551490
7.760531
7.551490
7.760531
7.551490
7.760531
7.551490
7.760531
7.551490
7.760531
7.551490
7.760531
7.551490
7.760531
7.551490
7.760531
7.551490
7.760531
7.551490
7.760531
7.551490
7.760531
7.551490
7.760531
7.551490
7.760531
7.551490
7.760531
7.551490
7.760531
7.551490
7.760531
7.551490
7.760531
7.551490
7.760531
7.551490
7.760531
7.551490
7.760531
7.551490
7.760531
7.551490
7.760531
7.551490
7.760531
7.551490
7.760531
7.551490
7.760531
7.551490
7.760531
7.551490
7.760531
7.551490
7.760531
7.551490
7.760531
7.551490
7.760531
7.551490
7.760531
7.551490
7.760531
7.551490
7.760531
7.551490
7.760531
7.551490
7.760531
7.551490
7.760531
7.551490
7.760531
7.551490
7.760531
7.551490
7.760531
7.551490
7.760531
7.551490
7.760531
7.551490
7.760531
7.551490
7.760531
7.551490
7.760531
7.551490
7.760531
7.551490
7.760531
7.551490
7.760531
7.551490
7.760531
7.551490
7.760531
7.551490
7.760531
7.551490
7.760531
7.551490
7.760531
7.551490
7.760531
7.551490
7.760531
7.551490
7.760531
7.551490
7.760531
7.551490
7.760531
7.551490
7.760531
7.551490
7.760531
7.551490
7.760531
7.551490
7.760531
7.551490
7.760531
7.551490
7.760531
7.551490
7.760531
7.551490
7.760531
7.551490
7.760531
7.551490
7.760531
7.551490
7.760531
7.551490
7.760531
7.551490
7.760531
7.551490
7.760531
7.551490
7.760531
7.551490
7.760531
7.551490
7.760531
7.551490
7.760531
7.551490
7.760531
7.551490
7.760531
7.551490
7.760531
7.551490
7.760531
7.551490
7.760531
7.551490
7.760531
7.551490
7.760531
7.551490
7.760531
7.551490
7.760531
7.551490
7.760531
7.551490
7.760531
7.551490
7.760531
7.551490
7.760531
7.551490
7.760531
7.551490
7.760531
7.551490
7.760531
7.551490
7.760531
7.551490
7.760531
7.551490
7.760531
7.551490
7.760531
7.551490
7.760531
7.551490
7.760531
7.551490
7.760531
7.551490
7.760531
7.551490
7.760531
7.551490
7.760531
7.551490
7.760531
7.551490
7.760531
7.551490
7.760531
7.551490
7.760531
7.551490
7.760531
7.551490
7.760531
7.551490
7.760531
7.551490
7.760531
7.551490
7.760531
7.551490
7.760531
7.551490
7.760531
7.551490
7.760531
7.551490
7.760531
7.551490
7.760531
7.551490
7.760531
7.551490
7.760531
7.551490
7.760531
7.551490
7.760531
7.551490
7.760531
7.551490
7.760531
7.551490
7.760531
7.551490
7.760531
7.551490
7.760531
7.551490
7.760531
7.551490
7.760531
7.551490
7.760531
7.551490
7.760531
7.551490
7.760531
7.551490
7.760531
7.551490
7.760531
7.551490
7.760531
7.551490
7.760531
7.551490
7.760531
7.551490
7.760531
7.551490
7.760531
7.551490
7.760531
7.551490
7.760531
7.551490
7.760531
7.551490
7.760531
7.551490
7.760531
7.551490
7.760531
7.551490
7.760531
7.551490
7.760531
7.551490
7.760531
7.551490
7.760531
7.551490
7.760531
7.551490
7.760531
7.551490
7.760531
7.551490
7.760531
7.551490
7.760531
7.551490
7.760531
7.551490
7.760531
7.551490
7.760531
7.551490
7.760531
7.551490
7.760531
7.551490
7.760531
7.551490
7.760531
7.551490
7.760531
7.551490
7.760531
7.551490
7.760531
7.551490
7.760531
7.551490
7.760531
7.551490
7.760531
7.551490
7.760531
7.551490
7.760531
7.551490
7.760531
7.551490
7.760531
7.551490
7.760531
7.551490
7.760531
7.551490
7.760531
7.551490
7.760531
7.551490
7.760531
7.551490
7.760531
7.551490
7.760531
7.551490
7.760531
7.551490
7.760531
7.551490
7.760531
7.551490
7.760531
7.551490
7.760531
7.551490
7.760531
7.551490
7.760531
7.551490
7.760531
7.551490
7.760531
7.551490
7.760531
7.551490
7.760531
7.551490
7.760531
7.551490
7.760531
7.551490
7.760531
7.551490
7.760531
7.551490
7.760531
7.551490
7.760531
7.551490
7.760531
7.551490
7.760531
7.551490
7.760531
7.551490
7.760531
7.551490
7.760531
7.551490
7.760531
7.551490
7.760531
7.551490
7.760531
7.551490
7.760531
7.551490
7.760531
7.551490
7.760531
7.551490
7.760531
7.551490
7.760531
7.551490
7.760531
7.551490
7.760531
7.551490
7.760531
7.551490
7.760531
7.551490
7.760531
7.551490
7.760531
7.551490
7.760531
7.551490
7.760531
7.551490
7.760531
7.551490
7.760531
7.551490
7.760531
7.551490
7.760531
7.551490
7.760531
7.551490
7.760531
7.551490
7.760531
7.551490
7.760531
7.551490
7.760531
7.551490
7.760531
7.551490
7.760531
7.551490
7.760531
7.551490
7.760531
7.551490
7.760531
7.551490
7.760531
7.551490
7.760531
7.551490
7.760531
7.551490
7.760531
7.551490
7.760531
7.551490
7.760531
7.551490
7.760531
7.551490
7.760531
7.551490
7.760531
7.551490
7.760531
7.551490
7.760531
7.551490
7.760531
7.551490
7.760531
7.551490
7.760531
7.551490
7.760531
7.551490
7.760531
7.551490
7.760531
7.551490
7.760531
7.551490
7.760531
7.551490
7.760531
7.551490
7.760531
7.551490
7.760531
7.551490
7.760531
7.551490
7.760531
7.551490
7.760531
7.551490
7.760531
7.551490
7.760531
7.551490
7.760531
7.551490
7.760531
7.551490
7.760531
7.551490
7.760531
7.551490
7.760531
7.551490
7.760531
7.551490
7.760531
7.551490
7.760531
7.551490
7.760531
7.551490
7.760531
7.551490
7.760531
7.551490
7.760531
7.551490
7.760531
7.551490
7.760531
7.551490
7.760531
7.551490
7.760531
7.551490
7.760531
7.551490
7.760531
7.551490
7.760531
7.551490
7.760531
7.551490
7.760531
7.551490
7.760531
7.551490
7.760531
7.551490
7.760531
7.551490
7.760531
7.551490
7.760531
7.551490
7.760531
7.551490
7.760531
7.551490
7.760531
7.551490
7.760531
7.551490
7.760531
7.551490
7.760531
7.551490
7.760531
7.551490
7.760531
7.551490
7.760531
7.551490
7.760531
7.551490
7.760531
7.551490
7.760531
7.551490
7.760531
7.551490
7.760531
7.551490
7.760531
7.551490
7.760531
7.551490
7.760531
7.551490
7.760531
7.551490
7.760531
7.551490
7.760531
7.551490
7.760531
7.551490
7.760531
7.551490
7.760531
7.551490
7.760531
7.551490
7.760531
7.551490
7.760531
7.551490
7.760531
7.551490
7.760531
7.551490
7.760531
7.551490
7.760531
7.551490
7.760531
7.551490
7.760531
7.551490
7.760531
7.551490
7.760531
7.551490
7.760531
7.551490
7.760531
7.551490
7.760531
7.551490
7.760531
7.551490
7.760531
7.551490
7.760531
7.551490
7.760531
7.551490
7.760531
7.551490
7.760531
7.551490
7.760531
7.551490
7.760531
7.551490
7.760531
7.551490
7.760531
7.551490
7.760531
7.551490
7.760531
7.551490
7.760531
7.551490
7.760531
7.551490
7.760531
7.551490
7.760531
7.551490
7.760531
7.551490
7.760531
7.551490
7.760531
7.551490
7.760531
7.551490
7.760531
7.551490
7.760531
7.551490
7.760531
7.551490
7.760531
7.551490
7.760531
7.551490
7.760531
7.551490
7.760531
7.551490
7.760531
7.551490
7.760531
7.551490
7.760531
7.551490
7.760531
7.551490
7.760531
7.551490
7.760531
7.551490
7.760531
7.551490
7.760531
7.551490
7.760531
7.551490
7.760531
7.551490
7.760531
7.551490
7.760531
7.551490
7.760531
7.551490
7.760531
7.551490
7.760531
7.551490
7.760531
7.551490
7.760531
7.551490
7.760531
7.551490
7.760531
7.551490
7.760531
7.551490
7.760531
7.551490
7.760531
7.551490
7.760531
7.551490
7.760531
7.551490
7.760531
7.551490
7.760531
7.551490
7.760531
7.551490
7.760531
7.551490
7.760531
7.551490
7.760531
7.551490
7.760531
7.551490
7.760531
7.551490
7.760531
7.551490
7.760531
7.551490
7.760531
7.551490
7.760531
7.551490
7.760531
7.551490
7.760531
7.551490
7.760531
7.551490
7.760531
7.551490
7.760531
7.551490
7.760531
7.551490
7.760531
7.551490
7.760531
7.551490
7.760531
7.551490
7.760531
7.551490
7.760531
7.551490
7.760531
7.551490
7.760531
7.551490
7.760531
7.551490
7.760531
7.551490
7.760531
7.551490
7.760531
7.551490
7.760531
7.551490
7.760531
7.551490
7.760531
7.551490
7.760531
7.551490
7.760531
7.551490
7.760531
7.551490
7.760531
7.551490
7.760531
7.551490
7.760531
7.551490
7.760531
7.551490
7.760531
7.551490
7.760531
7.551490
7.760531
7.551490
7.760531
7.551490
7.760531
7.551490
7.760531
7.551490
7.760531
7.551490
7.760531
7.551490
7.760531
7.551490
7.760531
7.551490
7.760531
7.551490
7.760531
7.551490
7.760531
7.551490
7.760531
7.551490
7.760531
7.551490
7.760531
7.551490
7.760531
7.551490
7.760531
7.551490
7.760531
7.551490
7.760531
7.551490
7.760531
7.551490
7.760531
7.551490
7.760531
7.551490
7.760531
7.551490
7.760531
7.551490
7.760531
7.551490
7.760531
7.551490
7.760531
7.551490
7.760531
7.551490
7.760531
7.551490
7.760531
7.551490
7.760531
7.551490
7.760531
7.551490
7.760531
7.551490
7.760531
7.551490
7.760531
7.551490
7.760531
7.551490
7.760531
7.551490
7.760531
7.551490
7.760531
7.551490
7.760531
7.551490
7.760531
7.551490
7.760531
7.551490
7.760531
7.551490
7.760531
7.551490
7.760531
7.551490
7.760531
7.551490
7.760531
7.551490
7.760531
7.551490
7.760531
7.551490
7.760531
7.551490
7.760531
7.551490
7.760531
7.551490
7.760531
7.551490
7.760531
7.551490
7.760531
7.551490
7.760531
7.551490
7.760531
7.551490
7.760531
7.551490
7.760531
7.551490
7.760531
7.551490
7.760531
7.551490
7.760531
7.551490
7.760531
7.551490
7.760531
7.551490
7.760531
7.551490
7.760531
7.551490
7.760531
7.551490
7.760531
7.551490
7.760531
7.551490
7.760531
7.551490
7.760531
7.551490
7.760531
7.551490
7.760531
7.551490
7.760531
7.551490
7.760531
7.551490
7.760531
7.551490
7.760531
7.551490
7.760531
7.551490
7.760531
7.551490
7.760531
7.551490
7.760531
7.551490
7.760531
7.551490
7.760531
7.551490
7.760531
7.551490
7.760531
7.551490
7.760531
7.551490
7.760531
7.551490
7.760531
7.551490
7.760531
7.551490
7.760531
7.551490
7.760531
7.551490
7.760531
7.551490
7.760531
7.551490
7.760531
7.551490
7.760531
7.551490
7.760531
7.551490
7.760531
7.551490
7.760531
7.551490
7.760531
7.551490
7.760531
7.551490
7.760531
7.551490
7.760531
7.551490
7.760531
7.551490
7.760531
7.551490
7.760531
7.551490
7.760531
7.551490
7.760531
7.551490
7.760531
7.551490
7.760531
7.551490
7.760531
7.551490
7.760531
7.551490
7.760531
7.551490
7.760531
7.551490
7.760531
7.551490
7.760531
7.551490
7.760531
7.551490
7.760531
7.551490
7.760531
7.551490
7.760531
7.551490
7.760531
7.551490
7.760531
7.551490
7.760531
7.551490
7.760531
7.551490
7.760531
7.551490
7.760531
7.551490
7.760531
7.551490
7.760531
7.551490
7.760531
7.551490
7.760531
7.551490
7.760531
7.551490
7.760531
7.551490
7.760531
7.551490
7.760531
7.551490
7.760531
7.551490
7.760531
7.551490
7.760531
7.551490
7.760531
7.551490
7.760531
7.551490
7.760531
7.551490
7.760531
7.551490
7.760531
7.551490
7.760531
7.551490
7.760531
7.551490
7.760531
7.551490
7.760531
7.551490
7.760531
7.551490
7.760531
7.551490
7.760531
7.551490
7.760531
7.551490
7.760531
7.551490
7.760531
7.551490
7.760531
7.551490
7.760531
7.551490
7.760531
7.551490
7.760531
7.551490
7.760531
7.551490
7.760531
7.551490
7.760531
7.551490
7.760531
7.551490
7.760531
7.551490
7.760531
7.551490
7.760531
7.551490
7.760531
7.551490
7.760531
7.551490
7.760531
7.551490
7.760531
7.551490
7.760531
7.551490
7.760531
7.551490
7.760531
7.551490
7.760531
7.551490
7.760531
7.551490
7.760531
7.551490
7.760531
7.551490
7.760531
7.551490
7.760531
7.551490
7.760531
7.551490
7.760531
7.551490
7.760531
7.551490
7.760531
7.551490
7.760531
7.551490
7.760531
7.551490
7.760531
7.551490
7.760531
7.551490
7.760531
7.551490
7.760531
7.551490
7.760531
7.551490
7.760531
7.551490
7.760531
7.551490
7.760531
7.551490
7.760531
7.551490
7.760531
7.551490
7.760531
7.551490
7.760531
7.551490
7.760531
7.551490
7.760531
7.551490
7.760531
7.551490
7.760531
7.551490
7.760531
7.551490
7.760531
7.551490
7.760531
7.551490
7.760531
7.551490
7.760531
7.551490
7.760531
7.551490
7.760531
7.551490
7.760531
7.551490
7.760531
7.551490
7.760531
7.551490
7.760531
7.551490
7.760531
7.551490
7.760531
7.551490
7.760531
7.551490
7.760531
7.551490
7.760531
7.551490
7.760531
7.551490
7.760531
7.551490
7.760531
7.551490
7.760531
7.551490
7.760531
7.551490
7.760531
7.551490
7.760531
7.551490
7.760531
7.551490
7.760531
7.551490
7.760531
7.551490
7.760531
7.551490
7.760531
7.551490
7.760531
7.551490
7.760531
7.551490
7.760531
7.551490
7.760531
7.551490
7.760531
7.551490
7.760531
7.551490
7.760531
7.551490
7.760531
7.551490
7.760531
7.551490
7.760531
7.551490
7.760531
7.551490
7.760531
7.551490
7.760531
7.551490
7.760531
7.551490
7.760531
7.551490
7.760531
7.551490
7.760531
7.551490
7.760531
7.551490
7.760531
7.551490
7.760531
7.551490
7.760531
7.551490
7.760531
7.551490
7.760531
7.551490
7.760531
7.551490
7.760531
7.551490
7.760531
7.551490
7.760531
7.551490
7.760531
7.551490
7.760531
7.551490
7.760531
7.551490
7.760531
7.551490
7.760531
7.551490
7.760531
7.551490
7.760531
7.551490
7.760531
7.551490
7.760531
7.551490
7.760531
7.551490
7.760531
7.551490
7.760531
7.551490
7.760531
7.551490
7.760531
7.551490
7.760531
7.551490
7.760531
7.551490
7.760531
7.551490
7.760531
7.551490
7.760531
7.551490
7.760531
7.551490
7.760531
7.551490
7.760531
7.551490
7.760531
7.551490
7.760531
7.551490
7.760531
7.551490
7.760531
7.551490
7.760531
7.551490
7.760531
7.551490
7.760531
7.551490
7.760531
7.551490
7.760531
7.551490
7.760531
7.551490
7.760531
7.551490
7.760531
7.551490
7.760531
7.551490
7.760531
7.551490
7.760531
7.551490
7.760531
7.551490
7.760531
7.551490
7.760531
7.551490
7.760531
7.551490
7.760531
7.551490
7.760531
7.551490
7.760531
7.551490
7.760531
7.551490
7.760531
7.551490
7.760531
7.551490
7.760531
7.551490
7.760531
7.551490
7.760531
7.551490
7.760531
7.551490
7.760531
7.551490
7.760531
7.551490
7.760531
7.551490
7.760531
7.551490
7.760531
7.551490
7.760531
7.551490
7.760531
7.551490
7.760531
7.551490
7.760531
7.551490
7.760531
7.551490
7.760531
7.551490
7.760531
7.551490
7.760531
7.551490
7.760531
7.551490
7.760531
7.551490
7.760531
7.551490
7.760531
7.551490
7.760531
7.551490
7.760531
7.551490
7.760531
7.551490
7.760531
7.551490
7.760531
7.551490
7.760531
7.551490
7.760531
7.551490
7.760531
7.551490
7.760531
7.551490
7.760531
7.551490
7.760531
7.551490
7.760531
7.551490
7.760531
7.551490
7.760531
7.551490
7.760531
7.551490
7.760531
7.551490
7.760531
7.551490
7.760531
7.551490
7.760531
7.551490
7.760531
7.551490
7.760531
7.551490
7.760531
7.551490
7.760531
7.551490
7.760531
7.551490
7.760531
7.551490
7.760531
7.551490
7.760531
7.551490
7.760531
7.551490
7.760531
7.551490
7.760531
7.551490
7.760531
7.551490
7.760531
7.551490
7.760531
7.551490
7.760531
7.551490
7.760531
7.551490
7.760531
7.551490
7.760531
7.551490
7.760531
7.551490
7.760531
7.551490
7.760531
7.551490
7.760531
7.551490
7.760531
7.551490
7.760531
7.551490
7.760531
7.551490
7.760531
7.551490
7.760531
7.551490
7.760531
7.551490
7.760531
7.551490
7.760531
7.551490
7.760531
7.551490
7.760531
7.551490
7.760531
7.551490
7.760531
7.551490
7.760531
7.551490
7.760531
7.551490
7.760531
7.551490
7.760531
7.551490
7.760531
7.551490
7.760531
7.551490
7.760531
7.551490
7.760531
7.551490
7.760531
7.551490
7.760531
7.551490
7.760531
7.551490
7.760531
7.551490
7.760531
7.551490
7.760531
7.551490
7.760531
7.551490
7.760531
7.551490
7.760531
7.551490
7.760531
7.551490
7.760531
7.551490
7.760531
7.551490
7.760531
7.551490
7.760531
7.551490
7.760531
7.551490
7.760531
7.551490
7.760531
7.551490
7.760531
7.551490
7.760531
7.551490
7.760531
7.551490
7.760531
7.551490
7.760531
7.551490
7.760531
7.551490
7.760531
7.551490
7.760531
7.551490
7.760531
7.551490
7.760531
7.551490
7.760531
7.551490
7.760531
7.551490
7.760531
7.551490
7.760531
7.551490
7.760531
7.551490
7.760531
7.551490
7.760531
7.551490
7.760531
7.551490
7.760531
7.551490
7.760531
7.551490
7.760531
7.551490
7.760531
7.551490
7.760531
7.551490
7.760531
7.551490
7.760531
7.551490
7.760531
7.551490
7.760531
7.551490
7.760531
7.551490
7.760531
7.551490
7.760531
7.551490
7.760531
7.551490
7.760531
7.551490
7.760531
7.551490
7.760531
7.551490
7.760531
7.551490
7.760531
7.551490
7.760531
7.551490
7.760531
7.551490
7.760531
7.551490
7.760531
7.551490
7.760531
7.551490
7.760531
7.551490
7.760531
7.551490
7.760531
7.551490
7.760531
7.551490
7.760531
7.551490
7.760531
7.551490
7.760531
7.551490
7.760531
7.551490
7.760531
7.551490
7.760531
7.551490
7.760531
7.551490
7.760531
7.551490
7.760531
7.551490
7.760531
7.551490
7.760531
7.551490
7.760531
7.551490
7.760531
7.551490
7.760531
7.551490
7.760531
7.551490
7.760531
7.551490
7.760531
7.551490
7.760531
7.551490
7.760531
7.551490
7.760531
7.551490
7.760531
7.551490
7.760531
7.551490
7.760531
7.551490
7.760531
7.551490
7.760531
7.551490
7.760531
7.551490
7.760531
7.551490
7.760531
7.551490
7.760531
7.551490
7.760531
7.551490
7.760531
7.551490
7.760531
7.551490
7.760531
7.551490
7.760531
7.551490
7.760531
7.551490
7.760531
7.551490
7.760531
7.551490
7.760531
7.551490
7.760531
7.551490
7.760531
7.551490
7.760531
7.551490
7.760531
7.551490
7.760531
7.551490
7.760531
7.551490
7.760531
7.551490
7.760531
7.551490
7.760531
7.551490
7.760531
7.551490
7.760531
7.551490
7.760531
7.551490
7.760531
7.551490
7.760531
7.551490
7.760531
7.551490
7.760531
7.551490
7.760531
7.551490
7.760531
7.551490
7.760531
7.551490
7.760531
7.551490
7.760531
7.551490
7.760531
7.551490
7.760531
7.551490
7.760531
7.551490
7.760531
7.551490
7.760531
7.551490
7.760531
7.551490
7.760531
7.551490
7.760531
7.551490
7.760531
7.551490
7.760531
7.551490
7.760531
7.551490
7.760531
7.551490
7.760531
7.551490
7.760531
7.551490
7.760531
7.551490
7.760531
7.551490
7.760531
7.551490
7.760531
7.551490
7.760531
7.551490
7.760531
7.551490
7.760531
7.551490
7.760531
7.551490
7.760531
7.551490
7.760531
7.551490
7.760531
7.551490
7.760531
7.551490
7.760531
7.551490
7.760531
7.551490
7.760531
7.551490
7.760531
7.551490
7.760531
7.551490
7.760531
7.551490
7.760531
7.551490
7.760531
7.551490
7.760531
7.551490
7.760531
7.551490
7.760531
7.551490
7.760531
7.551490
7.760531
7.551490
7.760531
7.551490
7.760531
7.551490
7.760531
7.551490
7.760531
7.551490
7.760531
7.551490
7.760531
7.551490
7.760531
7.551490
7.760531
7.551490
7.760531
7.551490
7.760531
7.551490
7.760531
7.551490
7.760531
7.551490
7.760531
7.551490
7.760531
7.551490
7.760531
7.551490
7.760531
7.551490
7.760531
7.551490
7.760531
7.551490
7.760531
7.551490
7.760531
7.551490
7.760531
7.551490
7.760531
7.551490
7.760531
7.551490
7.760531
7.551490
7.760531
7.551490
7.760531
7.551490
7.760531
7.551490
7.760531
7.551490
7.760531
7.551490
7.760531
7.551490
7.760531
7.551490
7.760531
7.551490
7.760531
7.551490
7.760531
7.551490
7.760531
7.551490
7.760531
7.551490
7.760531
7.551490
7.760531
7.551490
7.760531
7.551490
7.760531
7.551490
7.760531
7.551490
7.760531
7.551490
7.760531
7.551490
7.760531
7.551490
7.760531
7.551490
7.760531
7.551490
7.760531
7.551490
7.760531
7.551490
7.760531
7.551490
7.760531
7.551490
7.760531
7.551490
7.760531
7.551490
7.760531
7.551490
7.760531
7.551490
7.760531
7.551490
7.760531
7.551490
7.760531
7.551490
7.760531
7.551490
7.760531
7.551490
7.760531
7.551490
7.760531
7.551490
7.760531
7.551490
7.760531
7.551490
7.760531
7.551490
7.760531
7.551490
7.760531
7.551490
7.760531
7.551490
7.760531
7.551490
7.760531
7.551490
7.760531
7.551490
7.760531
7.551490
7.760531
7.551490
7.760531
7.551490
7.760531
7.551490
7.760531
7.551490
7.760531
7.551490
7.760531
7.551490
7.760531
7.551490
7.760531
7.551490
7.760531
7.551490
7.760531
7.551490
7.760531
7.551490
7.760531
7.551490
7.760531
7.551490
7.760531
7.551490
7.760531
7.551490
7.760531
7.551490
7.760531
7.551490
7.760531
7.551490
7.760531
7.551490
7.760531
7.551490
7.760531
7.551490
7.760531
7.551490
7.760531
7.551490
7.760531
7.551490
7.760531
7.551490
7.760531
7.551490
7.760531
7.551490
7.760531
7.551490
7.760531
7.551490
7.760531
7.551490
7.760531
7.551490
7.760531
7.551490
7.760531
7.551490
7.760531
7.551490
7.760531
7.551490
7.760531
7.551490
7.760531
7.551490
7.760531
7.551490
7.760531
7.551490
7.760531
7.551490
7.760531
7.551490
7.760531
7.551490
7.760531
7.551490
7.760531
7.551490
7.760531
7.551490
7.760531
7.551490
7.760531
7.551490
7.760531
7.551490
7.760531
7.551490
7.760531
7.551490
7.760531
7.551490
7.760531
7.551490
7.760531
7.551490
7.760531
7.551490
7.760531
7.551490
7.760531
7.551490
7.760531
7.551490
7.760531
7.551490
7.760531
7.551490
7.760531
7.551490
7.760531
7.551490
7.760531
7.551490
7.760531
7.551490
7.760531
7.551490
7.760531
7.551490
7.760531
7.551490
7.760531
7.551490
7.760531
7.551490
7.760531
7.551490
7.760531
7.551490
7.760531
7.551490
7.760531
7.551490
7.760531
7.551490
7.760531
7.551490
7.760531
7.551490
7.760531
7.551490
7.760531
7.551490
7.760531
7.551490
7.760531
7.551490
7.760531
7.551490
7.760531
7.551490
7.760531
7.551490
7.760531
7.551490
7.760531
7.551490
7.760531
7.551490
7.760531
7.551490
7.760531
7.551490
7.760531
7.551490
7.760531
7.551490
7.760531
7.551490
7.760531
7.551490
7.760531
7.551490
7.760531
7.551490
7.760531
7.551490
7.760531
7.551490
7.760531
7.551490
7.760531
7.551490
7.760531
7.551490
7.760531
7.551490
7.760531
7.551490
7.760531
7.551490
7.760531
7.551490
7.760531
7.551490
7.760531
7.551490
7.760531
7.551490
7.760531
7.551490
7.760531
7.551490
7.760531
7.551490
7.760531
7.551490
7.760531
7.551490
7.760531
7.551490
7.760531
7.551490
7.760531
7.551490
7.760531
7.551490
7.760531
7.551490
7.760531
7.551490
7.760531
7.551490
7.760531
7.551490
7.760531
7.551490
7.760531
7.551490
7.760531
7.551490
7.760531
7.551490
7.760531
7.551490
7.760531
7.551490
7.760531
7.551490
7.760531
7.551490
7.760531
7.551490
7.760531
7.551490
7.760531
7.551490
7.760531
7.551490
7.760531
7.551490
7.760531
7.551490
7.760531
7.551490
7.760531
7.551490
7.760531
7.551490
7.760531
7.551490
7.760531
7.551490
7.760531
7.551490
7.760531
7.551490
7.760531
7.551490
7.760531
7.551490
7.760531
7.551490
7.760531
7.551490
7.760531
7.551490
7.760531
7.551490
7.760531
7.551490
7.760531
7.551490
7.760531
7.551490
7.760531
7.551490
7.760531
7.551490
7.760531
7.551490
7.760531
7.551490
7.760531
7.551490
7.760531
7.551490
7.760531
7.551490
7.760531
7.551490
7.760531
7.551490
7.760531
7.551490
7.760531
7.551490
7.760531
7.551490
7.760531
7.551490
7.760531
7.551490
7.760531
7.551490
7.760531
7.551490
7.760531
7.551490
7.760531
7.551490
7.760531
7.551490
7.760531
7.551490
7.760531
7.551490
7.760531
7.551490
7.760531
7.551490
7.760531
7.551490
7.760531
7.551490
7.760531
7.551490
7.760531
7.551490
7.760531
7.551490
7.760531
7.551490
7.760531
7.551490
7.760531
7.551490
7.760531
7.551490
7.760531
7.551490
7.760531
7.551490
7.760531
7.551490
7.760531
7.551490
7.760531
7.551490
7.760531
7.551490
7.760531
7.551490
7.760531
7.551490
7.760531
7.551490
7.760531
7.551490
7.760531
7.551490
7.760531
7.551490
7.760531
7.551490
7.760531
7.551490
7.760531
7.551490
7.760531
7.551490
7.760531
7.551490
7.760531
7.551490
7.760531
7.551490
7.760531
7.551490
7.760531
7.551490
7.760531
7.551490
7.760531
7.551490
7.760531
7.551490
7.760531
7.551490
7.760531
7.551490
7.760531
7.551490
7.760531
7.551490
7.760531
7.551490
7.760531
7.551490
7.760531
7.551490
7.760531
7.551490
7.760531
7.551490
7.760531
7.551490
7.760531
7.551490
7.760531
7.551490
7.760531
7.551490
7.760531
7.551490
7.760531
7.551490
7.760531
7.551490
7.760531
7.551490
7.760531
7.551490
7.760531
7.551490
7.760531
7.551490
7.760531
7.551490
7.760531
7.551490
7.760531
7.551490
7.760531
7.551490
7.760531
7.551490
7.760531
7.551490
7.760531
7.551490
7.760531
7.551490
7.760531
7.551490
7.760531
7.551490
7.760531
7.551490
7.760531
7.551490
7.760531
7.551490
7.760531
7.551490
7.760531
7.551490
7.760531
7.551490
7.760531
7.551490
7.760531
7.551490
7.760531
7.551490
7.760531
7.551490
7.760531
7.551490
7.760531
7.551490
7.760531
7.551490
7.760531
7.551490
7.760531
7.551490
7.760531
7.551490
7.760531
7.551490
7.760531
7.551490
7.760531
7.551490
7.760531
7.551490
7.760531
7.551490
7.760531
7.551490
7.760531
7.551490
7.760531
7.551490
7.760531
7.551490
7.760531
7.551490
7.760531
7.551490
7.760531
7.551490
7.760531
7.551490
7.760531
7.551490
7.760531
7.551490
7.760531
7.551490
7.760531
7.551490
7.760531
7.551490
7.760531
7.551490
7.760531
7.551490
7.760531
7.551490
7.760531
7.551490
7.760531
7.551490
7.760531
7.551490
7.760531
7.551490
7.760531
7.551490
7.760531
7.551490
7.760531
7.551490
7.760531
7.551490
7.760531
7.551490
7.760531
7.551490
7.760531
7.551490
7.760531
7.551490
7.760531
7.551490
7.760531
7.551490
7.760531
7.551490
7.760531
7.551490
7.760531
7.551490
7.760531
7.551490
7.760531
7.551490
7.760531
7.551490
7.760531
7.551490
7.760531
7.551490
7.760531
7.551490
7.760531
7.551490
7.760531
7.551490
7.760531
7.551490
7.760531
7.551490
7.760531
7.551490
7.760531
7.551490
7.760531
7.551490
7.760531
7.551490
7.760531
7.551490
7.760531
7.551490
7.760531
7.551490
7.760531
7.551490
7.760531
7.551490
7.760531
7.551490
7.760531
7.551490
7.760531
7.551490
7.760531
7.551490
7.760531
7.551490
7.760531
7.551490
7.760531
7.551490
7.760531
7.551490
7.760531
7.551490
7.760531
7.551490
7.760531
7.551490
7.760531
7.551490
7.760531
7.551490
7.760531
7.551490
7.760531
7.551490
7.760531
7.551490
7.760531
7.551490
7.760531
7.551490
7.760531
7.551490
7.760531
7.551490
7.760531
7.551490
7.760531
7.551490
7.760531
7.551490
7.760531
7.551490
7.760531
7.551490
7.760531
7.551490
7.760531
7.551490
7.760531
7.551490
7.760531
7.551490
7.760531
7.551490
7.760531
7.551490
7.760531
7.551490
7.760531
7.551490
7.760531
7.551490
7.760531
7.551490
7.760531
7.551490
7.760531
7.551490
7.760531
7.551490
7.760531
7.551490
7.760531
7.551490
7.760531
7.551490
7.760531
7.551490
7.760531
7.551490
7.760531
7.551490
7.760531
7.551490
7.760531
7.551490
7.760531
7.551490
7.760531
7.551490
7.760531
7.551490
7.760531
7.551490
7.760531
7.551490
7.760531
7.551490
7.760531
7.551490
7.760531
7.551490
7.760531
7.551490
7.760531
7.551490
7.760531
7.551490
7.760531
7.551490
7.760531
7.551490
7.760531
7.551490
7.760531
7.551490
7.760531
7.551490
7.760531
7.551490
7.760531
7.551490
7.760531
7.551490
7.760531
7.551490
7.760531
7.551490
7.760531
7.551490
7.760531
7.551490
7.760531
7.551490
7.760531
7.551490
7.760531
7.551490
7.760531
7.551490
7.760531
7.551490
7.760531
7.551490
7.760531
7.551490
7.760531
7.551490
7.760531
7.551490
7.760531
7.551490
7.760531
7.551490
7.760531
7.551490
7.760531
7.551490
7.760531
7.551490
7.760531
7.551490
7.760531
7.551490
7.760531
7.551490
7.760531
7.551490
7.760531
7.551490
7.760531
7.551490
7.760531
7.551490
7.760531
7.551490
7.760531
7.551490
7.760531
7.551490
7.760531
7.551490
7.760531
7.551490
7.760531
7.551490
7.760531
7.551490
7.760531
7.551490
7.760531
7.551490
7.760531
7.551490
7.760531
7.551490
7.760531
7.551490
7.760531
7.551490
7.760531
7.551490
7.760531
7.551490
7.760531
7.551490
7.760531
7.551490
7.760531
7.551490
7.760531
7.551490
7.760531
7.551490
7.760531
7.551490
7.760531
7.551490
7.760531
7.551490
7.760531
7.551490
7.760531
7.551490
7.760531
7.551490
7.760531
7.551490
7.760531
7.551490
7.760531
7.551490
7.760531
7.551490
7.760531
7.551490
7.760531
7.551490
7.760531
7.551490
7.760531
7.551490
7.760531
7.551490
7.760531
7.551490
7.760531
7.551490
7.760531
7.551490
7.760531
7.551490
7.760531
7.551490
7.760531
7.551490
7.760531
7.551490
7.760531
7.551490
7.760531
7.551490
7.760531
7.551490
7.760531
7.551490
7.760531
7.551490
7.760531
7.551490
7.760531
7.551490
7.760531
7.551490
7.760531
7.551490
7.760531
7.551490
7.760531
7.551490
7.760531
7.551490
7.760531
7.551490
7.760531
7.551490
7.760531
7.551490
7.760531
7.551490
7.760531
7.551490
7.760531
7.551490
7.760531
7.551490
7.760531
7.551490
7.760531
7.551490
7.760531
7.551490
7.760531
7.551490
7.760531
7.551490
7.760531
7.551490
7.760531
7.551490
7.760531
7.551490
7.760531
7.551490
7.760531
7.551490
7.760531
7.551490
7.760531
7.551490
7.760531
7.551490
7.760531
7.551490
7.760531
7.551490
7.760531
7.551490
7.760531
7.551490
7.760531
7.551490
7.760531
7.551490
7.760531
7.551490
7.760531
7.551490
7.760531
7.551490
7.760531
7.551490
7.760531
7.551490
7.760531
7.551490
7.760531
7.551490
7.760531
7.551490
7.760531
7.551490
7.760531
7.551490
7.760531
7.551490
7.760531
7.551490
7.760531
7.551490
7.760531
7.551490
7.760531
7.551490
7.760531
7.551490
7.760531
7.551490
7.760531
7.551490
7.760531
7.551490
7.760531
7.551490
7.760531
7.551490
7.760531
7.551490
7.760531
7.551490
7.760531
7.551490
7.760531
7.551490
7.760531
7.551490
7.760531
7.551490
7.760531
7.551490
7.760531
7.551490
7.760531
7.551490
7.760531
7.551490
7.760531
7.551490
7.760531
7.551490
7.760531
7.551490
7.760531
7.551490
7.760531
7.551490
7.760531
7.551490
7.760531
7.551490
7.760531
7.551490
7.760531
7.551490
7.760531
7.551490
7.760531
7.551490
7.760531
7.551490
7.760531
7.551490
7.760531
7.551490
7.760531
7.551490
7.760531
7.551490
7.760531
7.551490
7.760531
7.551490
7.760531
7.551490
7.760531
7.551490
7.760531
7.551490
7.760531
7.551490
7.760531
7.551490
7.760531
7.551490
7.760531
7.551490
7.760531
7.551490
7.760531
7.551490
7.760531
7.551490
7.760531
7.551490
7.760531
7.551490
7.760531
7.551490
7.760531
7.551490
7.760531
7.551490
7.760531
7.551490
7.760531
7.551490
7.760531
7.551490
7.760531
7.551490
7.760531
7.551490
7.760531
7.551490
7.760531
7.551490
7.760531
7.551490
7.760531
7.551490
7.760531
7.551490
7.760531
7.551490
7.760531
7.551490
7.760531
7.551490
7.760531
7.551490
7.760531
7.551490
7.760531
7.551490
7.760531
7.551490
7.760531
7.551490
7.760531
7.551490
7.760531
7.551490
7.760531
7.551490
7.760531
7.551490
7.760531
7.551490
7.760531
7.551490
7.760531
7.551490
7.760531
7.551490
7.760531
7.551490
7.760531
7.551490
7.760531
7.551490
7.760531
7.551490
7.760531
7.551490
7.760531
7.551490
7.760531
7.551490
7.760531
7.551490
7.760531
7.551490
7.760531
7.551490
7.760531
7.551490
7.760531
7.551490
7.760531
7.551490
7.760531
7.551490
7.760531
7.551490
7.760531
7.551490
7.760531
7.551490
7.760531
7.551490
7.760531
7.551490
7.760531
7.551490
7.760531
7.551490
7.760531
7.551490
7.760531
7.551490
7.760531
7.551490
7.760531
7.551490
7.760531
7.551490
7.760531
7.551490
7.760531
7.551490
7.760531
7.551490
7.760531
7.551490
7.760531
7.551490
7.760531
7.551490
7.760531
7.551490
7.760531
7.551490
7.760531
7.551490
7.760531
7.551490
7.760531
7.551490
7.760531
7.551490
7.760531
7.551490
7.760531
7.551490
7.760531
7.551490
7.760531
7.551490
7.760531
7.551490
7.760531
7.551490
7.760531
7.551490
7.760531
7.551490
7.760531
7.551490
7.760531
7.551490
7.760531
7.551490
7.760531
7.551490
7.760531
7.551490
7.760531
7.551490
7.760531
7.551490
7.760531
7.551490
7.760531
7.551490
7.760531
7.551490
7.760531
7.551490
7.760531
7.551490
7.760531
7.551490
7.760531
7.551490
7.760531
7.551490
7.760531
7.551490
7.760531
7.551490
7.760531
7.551490
7.760531
7.551490
7.760531
7.551490
7.760531
7.551490
7.760531
7.551490
7.760531
7.551490
7.760531
7.551490
7.760531
7.551490
7.760531
7.551490
7.760531
7.551490
7.760531
7.551490
7.760531
7.551490
7.760531
7.551490
7.760531
7.551490
7.760531
7.551490
7.760531
7.551490
7.760531
7.551490
7.760531
7.551490
7.760531
7.551490
7.760531
7.551490
7.760531
7.551490
7.760531
7.551490
7.760531
7.551490
7.760531
7.551490
7.760531
7.551490
7.760531
7.551490
7.760531
7.551490
7.760531
7.551490
7.760531
7.551490
7.760531
7.551490
7.760531
7.551490
7.760531
7.551490
7.760531
7.551490
7.760531
7.551490
7.760531
7.551490
7.760531
7.551490
7.760531
7.551490
7.760531
7.551490
7.760531
7.551490
7.760531
7.551490
7.760531
7.551490
7.760531
7.551490
7.760531
7.551490
7.760531
7.551490
7.760531
7.551490
7.760531
7.551490
7.760531
7.551490
7.760531
7.551490
7.760531
7.551490
7.760531
7.551490
7.760531
7.551490
7.760531
7.551490
7.760531
7.551490
7.760531
7.551490
7.760531
7.551490
7.760531
7.551490
7.760531
7.551490
7.760531
7.551490
7.760531
7.551490
7.760531
7.551490
7.760531
7.551490
7.760531
7.551490
7.760531
7.551490
7.760531
7.551490
7.760531
7.551490
7.760531
7.551490
7.760531
7.551490
7.760531
7.551490
7.760531
7.551490
7.760531
7.551490
7.760531
7.551490
7.760531
7.551490
7.760531
7.551490
7.760531
7.551490
7.760531
7.551490
7.760531
7.551490
7.760531
7.551490
7.760531
7.551490
7.760531
7.551490
7.760531
7.551490
7.760531
7.551490
7.760531
7.551490
7.760531
7.551490
7.760531
7.551490
7.760531
7.551490
7.760531
7.551490
7.760531
7.551490
7.760531
7.551490
7.760531
7.551490
7.760531
7.551490
7.760531
7.551490
7.760531
7.551490
7.760531
7.551490
7.760531
7.551490
7.760531
7.551490
7.760531
7.551490
7.760531
7.551490
7.760531
7.551490
7.760531
7.551490
7.760531
7.551490
7.760531
7.551490
7.760531
7.551490
7.760531
7.551490
7.760531
7.551490
7.760531
7.551490
7.760531
7.551490
7.760531
7.551490
7.760531
7.551490
7.760531
7.551490
7.760531
7.551490
7.760531
7.551490
7.760531
7.551490
7.760531
7.551490
7.760531
7.551490
7.760531
7.551490
7.760531
7.551490
7.760531
7.551490
7.760531
7.551490
7.760531
7.551490
7.760531
7.551490
7.760531
7.551490
7.760531
7.551490
7.760531
7.551490
7.760531
7.551490
7.760531
7.551490
7.760531
7.551490
7.760531
7.551490
7.760531
7.551490
7.760531
7.551490
7.760531
7.551490
7.760531
7.551490
7.760531
7.551490
7.760531
7.551490
7.760531
7.551490
7.760531
7.551490
7.760531
7.551490
7.760531
7.551490
7.760531
7.551490
7.760531
7.551490
7.760531
7.551490
7.760531
7.551490
7.760531
7.551490
7.760531
7.551490
7.760531
7.551490
7.760531
7.551490
7.760531
7.551490
7.760531
7.551490
7.760531
7.551490
7.760531
7.551490
7.760531
7.551490
7.760531
7.551490
7.760531
7.551490
7.760531
7.551490
7.760531
7.551490
7.760531
7.551490
7.760531
7.551490
7.760531
7.551490
7.760531
7.551490
7.760531
7.551490
7.760531
7.551490
7.760531
7.551490
7.760531
7.551490
7.760531
7.551490
7.760531
7.551490
7.760531
7.551490
7.760531
7.551490
7.760531
7.551490
7.760531
7.551490
7.760531
7.551490
7.760531
7.551490
7.760531
7.551490
7.760531
7.551490
7.760531
7.551490
7.760531
7.551490
7.760531
7.551490
7.760531
7.551490
7.760531
7.551490
7.760531
7.551490
7.760531
7.551490
7.760531
7.551490
7.760531
7.551490
7.760531
7.551490
7.760531
7.551490
7.760531
7.551490
7.760531
7.551490
7.760531
7.551490
7.760531
7.551490
7.760531
7.551490
7.760531
7.551490
7.760531
7.551490
7.760531
7.551490
7.760531
7.551490
7.760531
7.551490
7.760531
7.551490
7.760531
7.551490
7.760531
7.551490
7.760531
7.551490
7.760531
7.551490
7.760531
7.551490
7.760531
7.551490
7.760531
7.551490
7.760531
7.551490
7.760531
7.551490
7.760531
7.551490
7.760531
7.551490
7.760531
7.551490
7.760531
7.551490
7.760531
7.551490
7.760531
7.551490
7.760531
7.551490
7.760531
7.551490
7.760531
7.551490
7.760531
7.551490
7.760531
7.551490
7.760531
7.551490
7.760531
7.551490
7.760531
7.551490
7.760531
7.551490
7.760531
7.551490
7.760531
7.551490
7.760531
7.551490
7.760531
7.551490
7.760531
7.551490
7.760531
7.551490
7.760531
7.551490
7.760531
7.551490
7.760531
7.551490
7.760531
7.551490
7.760531
7.551490
7.760531
7.551490
7.760531
7.551490
7.760531
7.551490
7.760531
7.551490
7.760531
7.551490
7.760531
7.551490
7.760531
7.551490
7.760531
7.551490
7.760531
7.551490
7.760531
7.551490
7.760531
7.551490
7.760531
7.551490
7.760531
7.551490
7.760531
7.551490
7.760531
7.551490
7.760531
7.551490
7.760531
7.551490
7.760531
7.551490
7.760531
7.551490
7.760531
7.551490
7.760531
7.551490
7.760531
7.551490
7.760531
7.551490
7.760531
7.551490
7.760531
7.551490
7.760531
7.551490
7.760531
7.551490
7.760531
7.551490
7.760531
7.551490
7.760531
7.551490
7.760531
7.551490
7.760531
7.551490
7.760531
7.551490
7.760531
7.551490
7.760531
7.551490
7.760531
7.551490
7.760531
7.551490
7.760531
7.551490
7.760531
7.551490
7.760531
7.551490
7.760531
7.551490
7.760531
7.551490
7.760531
7.551490
7.760531
7.551490
7.760531
7.551490
7.760531
7.551490
7.760531
7.551490
7.760531
7.551490
7.760531
7.551490
7.760531
7.551490
7.760531
7.551490
7.760531
7.551490
7.760531
7.551490
7.760531
7.551490
7.760531
7.551490
7.760531
7.551490
7.760531
7.551490
7.760531
7.551490
7.760531
7.551490
7.760531
7.551490
7.760531
7.551490
7.760531
7.551490
7.760531
7.551490
7.760531
7.551490
7.760531
7.551490
7.760531
7.551490
7.760531
7.551490
7.760531
7.551490
7.760531
7.551490
7.760531
7.551490
7.760531
7.551490
7.760531
7.551490
7.760531
7.551490
7.760531
7.551490
7.760531
7.551490
7.760531
7.551490
7.760531
7.551490
7.760531
7.551490
7.760531
7.551490
7.760531
7.551490
7.760531
7.551490
7.760531
7.551490
7.760531
7.551490
7.760531
7.551490
7.760531
7.551490
7.760531
7.551490
7.760531
7.551490
7.760531
7.551490
7.760531
7.551490
7.760531
7.551490
7.760531
7.551490
7.760531
7.551490
7.760531
7.551490
7.760531
7.551490
7.760531
7.551490
7.760531
7.551490
7.760531
7.551490
7.760531
7.551490
7.760531
7.551490
7.760531
7.551490
7.760531
7.551490
7.760531
7.551490
7.760531
7.551490
7.760531
7.551490
7.760531
7.551490
7.760531
7.551490
7.760531
7.551490
7.760531
7.551490
7.760531
7.551490
7.760531
7.551490
7.760531
7.551490
7.760531
7.551490
7.760531
7.551490
7.760531
7.551490
7.760531
7.551490
7.760531
7.551490
7.760531
7.551490
7.760531
7.551490
7.760531
7.551490
7.760531
7.551490
7.760531
7.551490
7.760531
7.551490
7.760531
7.551490
7.760531
7.551490
7.760531
7.551490
7.760531
7.551490
7.760531
7.551490
7.760531
7.551490
7.760531
7.551490
7.760531
7.551490
7.760531
7.551490
7.760531
7.551490
7.760531
7.551490
7.760531
7.551490
7.760531
7.551490
7.760531
7.551490
7.760531
7.551490
7.760531
7.551490
7.760531
7.551490
7.760531
7.551490
7.760531
7.551490
7.760531
7.551490
7.760531
7.551490
7.760531
7.551490
7.760531
7.551490
7.760531
7.551490
7.760531
7.551490
7.760531
7.551490
7.760531
7.551490
7.760531
7.551490
7.760531
7.551490
7.760531
7.551490
7.760531
7.551490
7.760531
7.551490
7.760531
7.551490
7.760531
7.551490
7.760531
7.551490
7.760531
7.551490
7.760531
7.551490
7.760531
7.551490
7.760531
7.551490
7.760531
7.551490
7.760531
7.551490
7.760531
7.551490
7.760531
7.551490
7.760531
7.551490
7.760531
7.551490
7.760531
7.551490
7.760531
7.551490
7.760531
7.551490
7.760531
7.551490
7.760531
7.551490
7.760531
7.551490
7.760531
7.551490
7.760531
7.551490
7.760531
7.551490
7.760531
7.551490
7.760531
7.551490
7.760531
7.551490
7.760531
7.551490
7.760531
7.551490
7.760531
7.551490
7.760531
7.551490
7.760531
7.551490
7.760531
7.551490
7.760531
7.551490
7.760531
7.551490
7.760531
7.551490
7.760531
7.551490
7.760531
7.551490
7.760531
7.551490
7.760531
7.551490
7.760531
7.551490
7.760531
7.551490
7.760531
7.551490
7.760531
7.551490
7.760531
7.551490
7.760531
7.551490
7.760531
7.551490
7.760531
7.551490
7.760531
7.551490
7.760531
7.551490
7.760531
7.551490
7.760531
7.551490
7.760531
7.551490
7.760531
7.551490
7.760531
7.551490
7.760531
7.551490
7.760531
7.551490
7.760531
7.551490
7.760531
7.551490
7.760531
7.551490
7.760531
7.551490
7.760531
7.551490
7.760531
7.551490
7.760531
7.551490
7.760531
7.551490
7.760531
7.551490
7.760531
7.551490
7.760531
7.551490
7.760531
7.551490
7.760531
7.551490
7.760531
7.551490
7.760531
7.551490
7.760531
