90.183607
47.624630
-10.206883
-55.127684
-75.742842
-74.526627
-61.365762
-46.309290
-36.190625
-31.984948
-31.533193
-31.644735
-29.766683
-24.837689
-17.167636
-7.809298
2.115603
11.842612
21.070221
29.832812
38.288318
46.543135
54.571840
62.227068
69.299768
75.585527
80.928054
85.231864
88.451945
90.574297
91.599217
91.533120
90.188730
88.094511
84.955495
80.816304
75.766907
69.925365
63.420859
56.383039
48.938658
41.213024
33.332812
25.427607
17.629131
10.068512
2.872633
-3.839390
-9.958968
-15.389904
-20.049553
-23.869598
-26.796688
-28.793011
-29.836798
-29.922635
-29.061499
-27.080449
-24.526707
-21.121395
-16.919304
-12.013026
-6.516579
-0.550340
5.767765
12.324535
19.009734
25.713466
32.324920
38.733219
44.829922
50.512188
55.685684
60.266735
64.183655
67.377479
69.802378
71.425973
72.229610
72.208564
71.172073
69.647929
67.336311
64.270476
60.521089
56.180153
51.346297
46.116319
40.583297
34.838707
28.975371
23.089001
17.277581
11.639051
6.268289
1.254289
-3.321934
-7.388667
-10.884280
-13.757716
-15.968943
-17.489392
-18.302367
-18.403316
-17.799877
-16.311675
-14.474679
-11.994661
-8.907997
-5.285902
-1.218367
3.200479
7.880701
12.738286
17.692840
22.664442
27.571872
32.332986
36.866743
41.095930
44.949654
48.365119
51.288632
53.676061
55.493048
56.715168
57.328117
57.327890
56.520849
55.473629
53.770322
51.485392
48.685679
45.449919
41.855081
37.971227
33.863078
29.594427
25.231928
20.846449
16.511911
12.302613
8.290274
4.541654
1.117086
-1.930245
-4.554608
-6.717951
-8.390211
-9.549711
-10.183560
-10.287926
-9.868116
-8.738409
-7.426172
-5.626970
-3.363530
-0.690988
2.318624
5.590569
9.055412
12.650490
16.317346
19.998239
23.633991
27.163921
30.527477
33.666592
36.527877
39.064146
41.235207
43.008141
44.357346
45.264581
45.719066
45.717626
45.064773
44.276712
43.038559
41.361104
39.287149
36.876462
34.191889
31.291490
28.227118
25.047056
21.799628
18.535547
15.308174
12.172062
9.180701
6.384384
3.828673
1.553590
-0.406700
-2.023978
-3.276068
-4.147012
-4.627306
-4.714110
-4.411342
-3.529598
-2.589261
-1.280491
0.384130
2.361811
4.594108
7.020538
9.586422
12.244435
14.952068
17.668004
20.349619
22.952488
25.431587
27.743332
29.847543
31.708834
33.297297
34.588668
35.564261
36.210889
36.520869
36.492119
35.928230
35.340951
34.414035
33.151186
31.585767
29.766944
27.746461
25.570852
23.279777
20.908450
18.491285
16.064547
13.667073
11.339261
9.121171
7.050588
5.161613
3.483924
2.042560
0.857951
-0.054031
-0.682117
-1.019781
-1.065407
-0.822380
-0.099064
0.590100
1.555885
2.793220
4.269094
5.935629
7.742868
9.646571
11.610137
13.602437
15.594254
17.555518
19.454334
21.257707
22.933222
24.450835
25.784205
26.911373
27.814900
28.481729
28.902986
29.073892
28.993756
28.466038
27.998308
27.276646
26.299539
25.092690
23.696857
22.155576
20.507390
18.783670
17.010511
15.212190
13.414045
11.643677
9.930470
8.304081
6.792690
5.421632
4.212639
3.183623
2.348774
1.718734
1.300690
1.098355
1.111870
1.537721
1.870406
2.421430
3.194259
4.166472
5.300916
6.557396
7.900404
9.301598
10.738269
12.190070
13.636079
15.053359
16.417155
17.702185
18.884273
19.941712
20.856056
21.612365
22.199105
22.607925
22.833490
22.873440
22.728434
22.202217
21.798166
21.207653
20.425467
19.470935
18.377839
17.183368
15.920463
14.615000
13.286912
11.953214
10.630962
9.338922
8.097670
6.928552
5.852171
4.887047
4.048762
3.349665
2.798957
2.402937
2.165236
2.086933
2.166558
2.600055
2.886214
3.330275
3.938901
4.695610
5.569748
6.526832
7.536092
8.573620
9.621699
10.666076
11.693039
12.687549
13.632828
14.511140
15.305143
15.999207
16.580311
17.038419
17.366430
17.559917
17.616841
17.537363
17.123768
16.873015
16.481241
15.938561
15.257056
14.462921
13.586897
12.656892
11.694555
10.715483
9.731612
8.754054
7.795115
6.868985
5.991218
5.177538
4.442548
3.798752
3.256069
2.821789
2.500782
2.295786
2.207625
2.235310
2.576043
2.734834
3.011279
3.415861
3.938558
4.555641
5.238484
5.960707
6.701855
7.447630
8.187880
8.913900
9.616298
10.284040
10.904678
11.465336
11.953926
12.360152
12.676070
12.896218
13.017421
13.038490
12.959933
12.583779
12.401718
12.116757
11.716408
11.207371
10.609789
9.949271
9.250036
8.531050
7.805359
7.081696
6.366981
5.668501
4.995095
4.357197
3.766063
3.232649
2.766585
2.375508
2.064829
1.837839
1.695986
1.639178
1.665998
1.973808
2.072817
2.255583
2.534735
2.905134
3.348692
3.841599
4.360862
4.888302
5.411614
5.923160
6.417692
6.890157
7.334319
7.742435
8.105784
8.415651
8.664334
8.845865
8.956332
8.993846
8.958277
8.650921
8.558105
8.389430
8.130302
7.782567
7.360601
6.884919
6.376085
5.850705
5.320070
4.790974
4.267703
3.754154
3.255313
2.777797
2.329528
1.918893
1.553769
1.240734
0.984631
0.788486
0.653690
0.580283
0.567242
0.612670
0.913881
0.985804
1.113763
1.311414
1.577235
1.897732
2.253209
2.623571
2.992400
3.348644
3.686158
4.001973
4.294222
4.560519
4.797169
4.999228
5.161155
5.277694
5.344676
5.359514
5.321351
5.030924
4.969988
4.855244
4.671710
4.418360
4.105526
3.749846
3.368983
2.977734
2.586234
2.200135
1.822069
1.453545
1.096552
0.754445
0.432041
0.135108
-0.130458
-0.359429
-0.547826
-0.693172
-0.794460
-0.851924
-0.866745
-0.840783
-0.576406
-0.554023
-0.494368
-0.382788
-0.217538
-0.007848
0.230554
0.480450
0.727085
0.960266
1.174559
1.368118
1.540893
1.692958
1.823404
1.929986
2.009417
2.058043
2.072618
2.050919
1.792085
1.772634
1.714602
1.602483
1.432972
1.213227
0.956774
0.678872
0.392789
0.107749
-0.171362
-0.442966
-0.707142
-0.964002
-1.212573
-1.450371
-1.673613
-1.877837
-2.058670
-2.212476
-2.336776
-2.430361
-2.493181
-2.526091
-2.530561
-2.508442
-2.233463
-2.241062
-2.234132
-2.193034
-2.109552
-1.986903
-1.836636
-1.674112
-1.514186
-1.368190
-1.242673
-1.139742
-1.058449
-0.996555
-0.952063
-0.924169
-0.913515
-0.921860
-1.151426
-0.903890
-1.211851
-1.266876
-1.349485
-1.465919
-1.615773
-1.793313
-1.989820
-2.196044
-2.404110
-2.608529
-2.806291
-2.996276
-3.178350
-3.352472
-3.518062
-3.673748
-3.817455
-3.946742
-4.059229
-4.152987
-4.226801
-4.280269
-4.313756
-4.328245
-4.325164
-4.079672
-4.319195
-4.056183
-4.067883
-4.070037
-4.050035
-4.003668
-3.934616
-3.852002
-3.767145
-3.690569
-3.629948
-3.589283
-3.569188
-3.567923
-3.582693
-3.810820
-3.554650
-3.831993
-3.847533
-3.879111
-3.935882
-4.021007
-4.132101
-4.262946
-4.405705
-4.552950
-4.699045
-4.840703
-4.976791
-5.107640
-5.234170
-5.357105
-5.476464
-5.591395
-5.700315
-5.801240
-5.892187
-5.971530
-6.038226
-6.091898
-6.132782
-6.161595
-6.179358
-6.187246
-6.186477
-5.953330
-6.208024
-5.972747
-6.214377
-5.960358
-6.182974
-5.915071
-5.931734
-6.159743
-5.896045
-5.918035
-6.155337
-5.906760
-6.149419
-5.920314
-6.216512
-6.244664
-6.273292
-6.309898
-6.359803
-6.425253
-6.505465
-6.597391
-6.696817
-6.799473
-6.901864
-7.001708
-7.097960
-7.190533
-7.279860
-7.366444
-7.450519
-7.531878
-7.609869
-7.683535
-7.751812
-7.813743
-7.868641
-7.916178
-7.956402
-7.989680
-8.016613
-8.037941
-8.054459
-8.066958
-8.052595
-7.836171
-8.114486
-8.114707
-8.102858
-7.887761
-8.166754
-8.169015
-8.161637
-7.954381
-8.268061
-8.308593
-8.335744
-8.354783
-8.372554
-8.395488
-8.428150
-8.472570
-8.528307
-8.593077
-8.663652
-8.736757
-8.809758
-8.881024
-8.949967
-9.016810
-9.082229
-9.146966
-9.211522
-9.275986
-9.340011
-9.402906
-9.463802
-9.521832
-9.576289
-9.626715
-9.672936
-9.715036
-9.753287
-9.788075
-9.819825
-9.848948
-9.875819
-9.900776
-9.924136
-9.946223
-9.967384
-9.988007
-10.008520
-10.029381
-10.051059
-10.074008
-10.098650
-10.125350
-10.154408
-10.186051
-10.220433
-10.257641
-10.297693
-10.340554
-10.386130
-10.434278
-10.484809
-10.537487
-10.592034
-10.648134
-10.705439
-10.763575
-10.822154
-10.880777
-10.939051
-10.996594
-11.053045
-11.108072
-11.161378
-11.212707
-11.261847
-11.308635
-11.352960
-11.394761
-11.434030
-11.470812
-11.505203
-11.537343
-11.567421
-11.595663
-11.622329
-11.647709
-11.672114
-11.695867
-11.719301
-11.742747
-11.766530
-11.790959
-11.816325
-11.842890
-11.870885
-11.900507
-11.931910
-11.965209
-12.000473
-12.037726
-12.076948
-12.118073
-12.160998
-12.205577
-12.251630
-12.298948
-12.347296
-12.396416
-12.446040
-12.495890
-12.545684
-12.595147
-12.644012
-12.692028
-12.738965
-12.784617
-12.828808
-12.871395
-12.912269
-12.951359
-12.988631
-13.024090
-13.057777
-13.089771
-13.120182
-13.149151
-13.176848
-13.203465
-13.229211
-13.254310
-13.278995
-13.303502
-13.328064
-13.352910
-13.378254
-13.404297
-13.431217
-13.459171
-13.488289
-13.518669
-13.550381
-13.583463
-13.617921
-13.653728
-13.690828
-13.729134
-13.768536
-13.808896
-13.850059
-13.891852
-13.934090
-13.976578
-14.019118
-14.061514
-14.103571
-14.145106
-14.185946
-14.225936
-14.264938
-14.302839
-14.339546
-14.374996
-14.409148
-14.441992
-14.473541
-14.503837
-14.532946
-14.560956
-14.587975
-14.614131
-14.639565
-14.664431
-14.688890
-14.713106
-14.737246
-14.761473
-14.785945
-14.810806
-14.836193
-14.862223
-14.888998
-14.916597
-14.945082
-14.974490
-15.004837
-15.036115
-15.068294
-15.101326
-15.135138
-15.169646
-15.204744
-15.240317
-15.276238
-15.312374
-15.348586
-15.384736
-15.420684
-15.456299
-15.491454
-15.526035
-15.559938
-15.593076
-15.625375
-15.656782
-15.687259
-15.716790
-15.745375
-15.773035
-15.799807
-15.825746
-15.850921
-15.875415
-15.899322
-15.922748
-15.945801
-15.968596
-15.991250
-16.013879
-16.036594
-16.059501
-16.082699
-16.106277
-16.130311
-16.154864
-16.179986
-16.205711
-16.232056
-16.259024
-16.286603
-16.314763
-16.343462
-16.372646
-16.402246
-16.432186
-16.462381
-16.492738
-16.523164
-16.553560
-16.583830
-16.613878
-16.643613
-16.672952
-16.701818
-16.730143
-16.757872
-16.784959
-16.811373
-16.837094
-16.862116
-16.886447
-16.910105
-16.933124
-16.955544
-16.977421
-16.998815
-17.019794
-17.040435
-17.060814
-17.081012
-17.101110
-17.121188
-17.141322
-17.161583
-17.182037
-17.202741
-17.223745
-17.245089
-17.266802
-17.288904
-17.311401
-17.334291
-17.357561
-17.381186
-17.405133
-17.429360
-17.453817
-17.478448
-17.503193
-17.527985
-17.552759
-17.577445
-17.601977
-17.626290
-17.650323
-17.674017
-17.697279
-15.114530
-12.471107
-10.006025
-8.012278
-6.576493
-5.610925
-4.918737
-4.270147
-3.469496
-2.399731
-1.038950
0.548775
2.240651
3.890396
5.361740
6.552975
7.409005
7.920938
8.116124
8.043057
7.555746
7.186887
6.666009
6.011024
5.220322
4.293163
3.234642
2.058673
0.788617
-0.544198
-1.903382
-3.250952
-4.550578
-5.770013
-6.882450
-7.866830
-8.707366
-9.392625
-9.914561
-10.267762
-10.449076
-10.457616
-10.295056
-9.766058
-9.342754
-8.776543
-8.067046
-7.223516
-6.264909
-5.218025
-4.114469
-2.987305
-1.868139
-0.785099
0.238113
1.182229
2.031764
2.774112
3.398706
3.896488
4.259789
4.482580
4.560969
4.493764
4.082957
3.798490
3.388426
2.849230
2.186687
1.415903
0.559450
-0.355579
-1.300750
-2.248990
-3.176392
-4.062976
-4.892554
-5.652022
-6.330437
-6.918212
-7.406649
-7.787886
-8.055195
-8.203526
-8.230089
-8.134851
-7.720819
-7.458935
-7.096712
-6.629791
-6.062492
-5.407832
-4.685726
-3.920141
-3.136050
-2.356860
-1.602751
-0.890033
-0.231368
0.363453
0.886549
1.331122
1.690970
1.960411
2.134563
2.209844
2.184523
1.859174
1.702139
1.457209
1.116639
0.681542
0.161935
-0.425105
-1.058354
-1.715547
-2.375948
-3.021976
-3.639767
-4.218838
-4.751220
-5.230409
-5.650502
-6.005693
-6.290220
-6.498684
-6.626592
-6.670957
-6.630799
-6.307424
-6.169992
-5.961904
-5.674877
-5.309026
-4.872909
-4.381731
-3.854508
-3.311063
-2.769560
-2.244987
-1.748684
-1.288726
-0.870848
-0.499497
-0.178716
0.087360
0.294431
0.438341
0.515592
0.523918
0.462753
0.133493
0.005326
-0.179376
-0.429883
-0.747237
-1.124201
-1.547074
-1.998525
-2.460590
-2.917105
-3.355161
-3.765513
-4.142114
-4.481145
-4.779901
-5.035887
-5.246300
-5.407956
-5.517590
-5.572375
-5.570478
-5.311524
-5.262884
-5.164411
-5.004696
-4.780798
-4.498277
-4.169309
-3.809753
-3.436089
-3.062964
-2.701756
-2.360238
-2.043123
-1.753116
-1.492088
-1.262015
-1.065497
-0.905811
-0.786577
-0.711211
-0.682322
-0.701235
-0.967712
-1.013642
-1.099327
-1.236442
-1.428543
-1.671020
-1.952925
-2.259832
-2.576810
-2.890790
-3.191931
-3.473911
-3.733359
-3.968786
-4.179429
-4.364311
-4.521734
-4.649218
-4.743825
-4.802688
-4.823587
-4.805411
-4.548412
-4.520723
-4.461332
-4.357942
-4.206298
-4.010233
-3.779823
-3.528520
-3.270176
-3.016693
-2.776694
-2.555275
-2.354622
-2.175112
-2.016507
-1.878896
-1.763225
-1.671344
-1.605694
-1.568769
-1.562552
-1.588057
-1.845078
-1.865496
-1.910971
-1.994346
-2.120479
-2.286198
-2.482167
-2.695768
-2.914074
-3.126178
-3.324492
-3.504956
-3.666374
-3.809284
-3.934742
-4.043363
-4.134800
-4.207686
-4.259963
-4.289409
-4.294206
-4.273391
-4.003081
-4.000001
-3.983825
-3.938107
-3.854231
-3.732261
-3.579514
-3.407729
-3.229844
-3.057256
-2.898099
-2.756705
-2.634087
-2.529070
-2.439616
-2.363980
-2.301430
-2.252460
-2.218563
-2.201712
-2.203764
-2.425927
-2.201465
-2.485357
-2.511538
-2.552828
-2.617901
-2.709540
-2.824842
-2.956748
-3.096215
-3.234355
-3.364034
-3.480681
-3.582308
-3.668926
-3.741675
-3.801926
-3.850624
-3.887950
-3.913330
-3.925699
-3.923901
-3.707080
-3.942092
-3.673173
-3.666330
-3.647798
-3.608172
-3.544025
-3.457722
-3.355864
-3.247075
-3.139816
-3.040759
-2.953969
-2.880900
-2.821000
-2.772621
-2.733943
-2.703657
-2.681311
-2.667303
-2.662611
-2.668390
-2.885562
-2.647277
-2.909886
-2.907163
-2.913403
-2.938384
-2.985922
-3.054058
-3.136622
-3.225450
-3.312566
-3.391798
-3.459577
-3.514923
-3.558819
-3.593287
-3.620461
-3.641898
-3.658233
-3.669191
-3.673862
-3.671104
-3.459952
-3.707271
-3.456201
-3.673175
-3.391722
-3.383846
-3.378012
-3.364836
-3.338820
-3.298996
-3.248294
-3.192086
-3.136469
-3.086767
-3.046562
-3.017372
-2.998888
-2.989578
-2.987421
-2.990552
-3.197685
-2.916422
-2.953661
-3.217168
-3.197921
-2.972102
-3.245731
-3.245654
-3.242730
-3.245716
-3.259865
-3.286324
-3.322702
-3.364381
-3.406075
-3.443180
-3.472651
-3.493292
-3.505534
-3.510886
-3.511265
-3.508414
-3.303516
-3.589050
-3.557658
-3.301803
-3.530670
-3.275791
-3.505678
-3.250964
-3.479901
-3.223320
-3.250066
-3.483666
-3.218589
-3.229488
-3.446294
-3.168759
-3.174705
-3.394714
-3.127133
-3.147203
-3.382535
-3.128965
-3.384712
-3.134966
-3.394304
-3.172261
-3.433588
-3.406409
-3.166652
-3.421139
-3.197279
-3.460045
-3.436652
-3.201663
-3.460461
-3.439234
-3.210201
-3.475951
-3.460189
-3.233607
-3.498342
-3.478534
-3.245978
-3.504120
-3.253656
-3.509274
-3.255851
-3.508793
-3.253408
-3.505317
-3.249721
-3.502022
-3.247077
-3.500030
-3.245513
-3.498627
-3.244008
-3.496896
-3.242033
-3.494810
-3.240019
-3.493107
-3.238811
-3.492551
-3.238963
-3.493429
-3.240508
-3.495583
-3.243180
-3.498719
-3.246712
-3.502624
-3.250946
-3.507169
-3.280350
-3.535976
-3.277195
-3.522826
-3.260619
-3.508699
-3.277381
-3.532283
-3.275593
-3.524821
-3.266212
-3.516881
-3.261893
-3.516965
-3.265863
-3.523489
-3.273277
-3.530329
-3.278551
-3.533684
-3.280161
-3.534116
-3.280092
-3.534178
-3.280681
-3.535452
-3.282539
-3.537659
-3.284780
-3.539678
-3.286388
-3.540828
-3.287116
-3.541263
-3.287390
-3.541521
-3.287716
-3.541971
-3.288280
-3.542634
-3.288989
-3.543364
-3.289711
-3.544088
-3.290444
-3.544870
-3.291296
-3.545831
-3.292374
-3.547043
-3.293706
-3.548494
-3.295249
-3.550125
-3.296940
-3.551875
-3.298728
-3.553702
-3.300575
-3.555569
-3.302442
-3.557432
-3.304276
-3.559233
-3.306021
-3.560919
-3.307626
-3.562445
-3.309058
-3.563788
-3.310300
-3.564939
-3.311352
-3.565904
-3.312225
-3.566701
-3.312942
-3.567357
-3.313538
-3.567912
-3.314055
-3.568412
-3.314540
-3.568904
-3.315042
-3.569435
-3.315603
-3.570045
-3.316261
-3.570767
-3.317043
-3.571621
-3.317963
-3.572617
-3.319026
-3.573752
-3.320221
-3.575011
-3.321529
-3.576369
-3.322919
-3.577791
-3.324356
-3.579241
-3.325800
-3.580677
-3.327211
-3.582062
-3.328552
-3.583360
-3.329793
-3.584546
-3.330912
-3.585602
-3.331895
-3.586520
-3.332740
-3.587303
-3.333456
-3.587964
-3.334061
-3.588525
-3.334579
-3.589015
-3.335042
-3.589467
-3.335482
-3.589913
-3.335935
-3.590387
-3.336431
-3.590918
-3.336996
-3.591529
-3.337649
-3.592234
-3.338400
-3.593039
-3.339252
-3.593943
-3.340198
-3.594934
-3.341222
-3.595993
-3.342303
-3.597097
-3.343416
-3.598218
-3.344531
-3.599327
-3.345622
-3.600398
-3.346660
-3.601406
-3.347626
-3.602331
-3.348502
-3.603163
-3.349281
-3.603895
-3.349961
-3.604530
-3.350548
-3.605078
-3.351055
-3.605555
-3.351500
-3.605980
-3.351906
-3.606378
-3.352296
-3.606773
-3.352695
-3.607188
-3.353125
-3.607643
-3.353604
-3.608155
-3.354146
-3.608734
-3.354757
-3.609384
-3.355439
-3.610103
-3.356188
-3.610883
-3.356991
-3.611711
-3.357834
-3.612570
-3.358698
-3.613439
-3.359562
-3.614299
-3.360407
-3.615130
-3.361214
-3.615914
-3.361968
-3.616639
-3.362657
-3.617296
-3.363276
-3.617881
-3.363823
-3.618397
-3.364303
-3.618850
-3.364726
-3.619251
-3.365105
-3.619616
-3.365456
-3.619961
-3.365795
-3.620304
-3.366141
-3.620661
-3.366508
-3.621047
-3.366911
-3.621473
-3.367357
-3.621946
-3.367854
-3.622470
-3.368400
-3.623043
-3.368992
-3.623658
-3.369623
-3.624306
-3.370282
-3.624976
-3.370954
-3.625652
-3.371626
-3.626320
-3.372283
-3.626967
-3.372912
-3.627580
-3.373502
-3.628149
-3.374046
-3.628669
-3.374538
-3.629137
-3.374979
-3.629556
-3.375371
-3.629929
-3.375723
-3.630265
-3.376042
-3.630575
-3.376342
-3.630870
-3.376633
-3.631164
-3.376928
-3.631468
-3.377239
-3.631792
-3.377575
-3.632144
-3.377941
-3.632530
-3.378343
-3.632952
-3.378780
-3.633407
-3.379250
-3.633893
-3.379747
-3.634402
-3.380262
-3.634925
-3.380787
-3.635452
-3.381311
-3.635973
-3.381823
-3.636478
-3.382315
-3.636958
-3.382778
-3.637406
-3.383207
-3.637819
-3.383599
-3.638194
-3.383954
-3.638533
-3.384275
-3.638840
-3.384566
-3.639120
-3.384834
-3.639381
-3.385087
-3.639631
-3.385334
-3.639880
-3.385584
-3.640136
-3.385844
-3.640406
-3.386123
-3.640697
-3.386423
-3.641010
-3.386748
-3.641349
-3.387098
-3.641712
-3.387470
-3.642096
-3.387862
-3.642497
-3.388266
-3.642906
-3.388676
-3.643318
-3.389086
-3.643726
-3.389486
-3.644121
-3.389871
-3.644497
-3.390236
-3.644851
-3.390576
-3.645179
-3.390889
-3.645480
-3.391175
-3.645755
-3.391436
-3.646006
-3.391676
-3.646238
-3.391899
-3.646456
-3.392111
-3.646667
-3.392319
-3.646876
-3.392529
-3.647090
-3.392746
-3.647314
-3.392976
-3.647552
-3.393221
-3.647807
-3.393483
-3.648080
-3.393763
-3.648369
-3.394059
-3.648673
-3.394368
-3.648988
-3.394686
-3.649310
-3.395008
-3.649633
-3.395328
-3.649952
-3.395642
-3.650261
-3.395945
-3.650558
-3.396232
-3.650838
-3.396502
-3.651099
-3.396752
-3.651340
-3.396983
-3.651563
-3.397195
-3.651768
-3.397392
-3.651959
-3.397577
-3.652141
-3.397754
-3.652317
-3.397928
-3.652492
-3.398103
-3.652670
-3.398283
-3.652855
-3.398471
-3.653049
-3.398671
-3.653256
-3.398883
-3.653475
-3.399107
-3.653706
-3.399342
-3.653946
-3.399586
-3.654195
-3.399836
-3.654448
-3.400089
-3.654701
-3.400341
-3.654952
-3.400587
-3.655196
-3.400826
-3.655430
-3.401053
-3.655651
-3.401267
-3.655859
-3.401467
-3.656053
-3.401653
-3.656233
-3.401826
-3.656400
-3.401987
-3.656558
-3.402140
-3.656708
-3.402286
-3.656854
-3.402431
-3.656999
-3.402576
-3.657147
-3.402724
-3.657299
-3.402879
-3.657458
-3.403041
-3.657625
-3.403212
-3.657801
-3.403391
-3.657985
-3.403578
-3.658176
-3.403772
-3.658372
-3.403969
-3.658571
-3.404168
-3.658771
-3.404366
-3.658968
-3.404560
-3.659160
-3.404748
-3.659345
-3.404928
-3.659521
-3.405098
-3.659687
-3.405258
-3.659842
-3.405408
-3.659988
-3.405548
-3.660124
-3.405680
-3.660253
-3.405806
-3.660377
-3.405927
-3.660498
-3.406046
-3.660618
-3.406166
-3.660739
-3.406288
-3.660864
-3.406415
-3.660993
-3.406546
-3.661129
-3.406684
-3.661270
-3.406827
-3.661417
-3.406976
-3.661568
-3.407129
-3.661724
-3.407285
-3.661881
-3.407442
-3.662038
-3.407598
-3.662194
-3.407751
-3.662345
-3.407900
-3.662492
-3.408043
-3.662631
-3.408178
-3.662764
-3.408306
-3.662889
-3.408427
-3.663006
-3.408540
-3.663117
-3.408648
-3.663223
-3.408751
-3.663325
-3.408851
-3.663424
-3.408949
-3.663523
-3.409048
-3.663622
-3.409148
-3.663724
-3.409251
-3.663830
-3.409358
-3.663939
-3.409468
-3.664052
-3.409583
-3.664170
-3.409702
-3.664290
-3.409824
-3.664413
-3.409947
-3.664538
-3.410071
-3.664662
-3.410194
-3.664785
-3.410315
-3.664904
-3.410433
-3.665020
-3.410546
-3.665131
-3.410654
-3.665237
-3.410756
-3.665338
-3.410854
-3.665432
-3.410946
-3.665523
-3.411033
-3.665609
-3.411118
-3.665692
-3.411199
-3.665774
-3.411280
-3.665855
-3.411361
-3.665937
-3.411443
-3.666020
-3.411527
-3.666105
-3.411613
-3.666193
-3.411702
-3.666284
-3.411794
-3.666378
-3.411889
-3.666474
-3.411985
-3.666572
-3.412083
-3.666670
-3.412181
-3.666768
-3.412279
-3.666865
-3.412374
-3.666960
-3.412468
-3.667052
-3.412557
-3.667141
-3.412644
-3.667225
-3.412726
-3.667306
-3.412804
-3.667383
-3.412879
-3.667456
-3.412950
-3.667526
-3.413019
-3.667594
-3.413086
-3.667661
-3.413152
-3.667727
-3.413218
-3.667794
-3.413285
-3.667862
-3.413353
-3.667931
-3.413422
-3.668002
-3.413494
-3.668075
-3.413568
-3.668150
-3.413643
-3.668226
-3.413720
-3.668304
-3.413798
-3.668382
-3.413876
-3.668460
-3.413953
-3.668537
-3.414029
-3.668612
-3.414103
-3.668685
-3.414174
-3.668756
-3.414243
-3.668823
-3.414309
-3.668888
-3.414372
-3.668950
-3.414432
-3.669009
-3.414490
-3.669066
-3.414546
-3.669122
-3.414601
-3.669176
-3.414655
-3.669231
-3.414708
-3.669285
-3.414763
-3.669340
-3.414818
-3.669396
-3.414874
-3.669453
-3.414932
-3.669512
-3.414991
-3.669572
-3.415051
-3.669633
-3.415113
-3.669694
-3.415174
-3.669756
-3.415236
-3.669818
-3.415297
-3.669879
-3.415357
-3.669939
-3.415416
-3.669997
-3.415473
-3.670053
-3.415528
-3.670107
-3.415581
-3.670159
-3.415632
-3.670209
-3.415680
-3.670257
-3.415727
-3.670304
-3.415773
-3.670349
-3.415817
-3.670393
-3.415861
-3.670437
-3.415905
-3.670482
-3.415949
-3.670526
-3.415994
-3.670572
-3.416040
-3.670618
-3.416086
-3.670665
-3.416133
-3.670713
-3.416181
-3.670761
-3.416230
-3.670811
-3.416279
-3.670860
-3.416328
-3.670909
-3.416377
-3.670957
-3.416425
-3.671005
-3.416471
-3.671051
-3.416517
-3.671096
-3.416561
-3.671139
-3.416603
-3.671181
-3.416644
-3.671221
-3.416683
-3.671260
-3.416721
-3.671298
-3.416758
-3.671335
-3.416794
-3.671371
-3.416830
-3.671407
-3.416866
-3.671442
-3.416902
-3.671479
-3.416938
-3.671515
-3.416975
-3.671552
-3.417012
-3.671590
-3.417050
-3.671629
-3.417088
-3.671667
-3.417127
-3.671707
-3.417166
-3.671746
-3.417205
-3.671785
-3.417244
-3.671823
-3.417282
-3.671861
-3.417319
-3.671898
-3.417355
-3.671934
-3.417391
-3.671969
-3.417424
-3.672002
-3.417457
-3.672034
-3.417489
-3.672066
-3.417520
-3.672096
-3.417550
-3.672126
-3.417579
-3.672155
-3.417608
-3.672185
-3.417637
-3.672214
-3.417666
-3.672243
-3.417696
-3.672273
-3.417725
-3.672303
-3.417755
-3.672333
-3.417786
-3.672364
-3.417816
-3.672395
-3.417847
-3.672426
-3.417878
-3.672457
-3.417909
-3.672488
-3.417940
-3.672519
-3.417970
-3.672549
-3.418000
-3.672578
-3.418029
-3.672607
-3.418057
-3.672635
-3.418084
-3.672662
-3.418111
-3.672688
-3.418136
-3.672713
-3.418161
-3.672738
-3.418186
-3.672762
-3.418209
-3.672786
-3.418233
-3.672809
-3.418257
-3.672833
-3.418280
-3.672857
-3.418304
-3.672880
-3.418328
-3.672905
-3.418352
-3.672929
-3.418376
-3.672954
-3.418401
-3.672978
-3.418425
-3.673003
-3.418450
-3.673028
-3.418475
-3.673053
-3.418499
-3.673077
-3.418524
-3.673101
-3.418547
-3.673125
-3.418570
-3.673148
-3.418593
-3.673170
-3.418615
-3.673192
-3.418636
-3.673213
-3.418657
-3.673233
-3.418677
-3.673253
-3.418696
-3.673273
-3.418716
-3.673292
-3.418735
-3.673311
-3.418754
-3.673330
-3.418773
-3.673349
-3.418792
-3.673368
-3.418811
-3.673388
-3.418831
-3.673407
-3.418850
-3.673427
-3.418870
-3.673447
-3.418890
-3.673467
-3.418909
-3.673487
-3.418929
-3.673506
-3.418949
-3.673526
-3.418968
-3.673545
-3.418987
-3.673564
-3.419005
-3.673582
-3.419023
-3.673600
-3.419041
-3.673617
-3.419058
-3.673634
-3.419074
-3.673651
-3.419091
-3.673667
-3.419107
-3.673683
-3.419122
-3.673698
-3.419138
-3.673714
-3.419153
-3.673729
-3.419168
-3.673745
-3.419184
-3.673760
-3.419199
-3.673776
-3.419215
-3.673792
-3.419231
-3.673807
-3.419246
-3.673823
-3.419262
-3.673839
-3.419278
-3.673855
-3.419294
-3.673871
-3.419309
-3.673886
-3.419325
-3.673901
-3.419340
-3.673916
-3.419354
-3.673931
-3.419369
-3.673945
-3.419383
-3.673959
-3.419397
-3.673973
-3.419410
-3.673986
-3.419423
-3.673999
-3.419436
-3.674012
-3.419449
-3.674025
-3.419461
-3.674037
-3.419474
-3.674050
-3.419486
-3.674062
-3.419498
-3.674075
-3.419511
-3.674087
-3.419523
-3.674100
-3.419536
-3.674113
-3.419549
-3.674125
-3.419561
-3.674138
-3.419574
-3.674151
-3.419586
-3.674163
-3.419599
-3.674175
-3.419611
-3.674188
-3.419623
-3.674200
-3.419635
-3.674211
-3.419647
-3.674223
-3.419658
-3.674234
-3.419669
-3.674245
-3.419680
-3.674256
-3.419690
-3.674266
-3.419701
-3.674277
-3.419711
-3.674287
-3.419721
-3.674297
-3.419731
-3.674307
-3.419741
-3.674317
-3.419751
-3.674327
-3.419761
-3.674337
-3.419771
-3.674347
-3.419781
-3.674358
-3.419791
-3.674368
-3.419801
-3.674378
-3.419812
-3.674388
-3.419822
-3.674398
-3.419831
-3.674408
-3.419841
-3.674418
-3.419851
-3.674427
-3.419860
-3.674437
-3.419870
-3.674446
-3.419879
-3.674455
-3.419888
-3.674464
-3.419896
-3.674472
-3.419905
-3.674481
-3.419913
-3.674489
-3.419921
-3.674497
-3.419930
-3.674506
-3.419938
-3.674514
-3.419946
-3.674522
-3.419954
-3.674530
-3.419962
-3.674538
-3.419970
-3.674546
-3.419978
-3.674554
-3.419986
-3.674562
-3.419994
-3.674571
-3.420002
-3.674579
-3.420010
-3.674587
-3.420018
-3.674595
-3.420026
-3.674602
-3.420034
-3.674610
-3.420041
-3.674618
-3.420049
-3.674625
-3.420056
-3.674632
-3.420063
-3.674639
-3.420070
-3.674646
-3.420077
-3.674653
-3.420084
-3.674660
-3.420091
-3.674666
-3.420097
-3.674673
-3.420104
-3.674680
-3.420110
-3.674686
-3.420117
-3.674693
-3.420123
-3.674699
-3.420130
-3.674706
-3.420136
-3.674712
-3.420143
-3.674719
-3.420149
-3.674725
-3.420156
-3.674732
-3.420162
-3.674738
-3.420168
-3.674744
-3.420175
-3.674751
-3.420181
-3.674757
-3.420187
-3.674763
-3.420193
-3.674769
-3.420199
-3.674775
-3.420204
-3.674780
-3.420210
-3.674786
-3.420216
-3.674791
-3.420221
-3.674797
-3.420226
-3.674802
-3.420232
-3.674807
-3.420237
-3.674813
-3.420242
-3.674818
-3.420247
-3.674823
-3.420253
-3.674829
-3.420258
-3.674834
-3.420263
-3.674839
-3.420268
-3.674844
-3.420273
-3.674849
-3.420279
-3.674855
-3.420284
-3.674860
-3.420289
-3.674865
-3.420294
-3.674870
-3.420299
-3.674875
-3.420304
-3.674880
-3.420308
-3.674884
-3.420313
-3.674889
-3.420318
-3.674894
-3.420322
-3.674898
-3.420327
-3.674903
-3.420331
-3.674907
-3.420335
-3.674911
-3.420340
-3.674915
-3.420344
-3.674920
-3.420348
-3.674924
-3.420352
-3.674928
-3.420357
-3.674932
-3.420361
-3.674937
-3.420365
-3.674941
-3.420369
-3.674945
-3.420373
-3.674949
-3.420377
-3.674953
-3.420381
-3.674957
-3.420386
-3.674961
-3.420390
-3.674965
-3.420394
-3.674969
-3.420397
-3.674973
-3.420401
-3.674977
-3.420405
-3.674981
-3.420409
-3.674985
-3.420412
-3.674988
-3.420416
-3.674992
-3.420419
-3.674995
-3.420423
-3.674999
-3.420426
-3.675002
-3.420430
-3.675006
-3.420433
-3.675009
-3.420437
-3.675012
-3.420440
-3.675016
-3.420443
-3.675019
-3.420447
-3.675023
-3.420450
-3.675026
-3.420453
-3.675029
-3.420457
-3.675033
-3.420460
-3.675036
-3.420463
-3.675039
-3.420466
-3.675042
-3.420470
-3.675045
-3.420473
-3.675049
-3.420476
-3.675052
-3.420479
-3.675055
-3.420482
-3.675058
-3.420485
-3.675061
-3.420488
-3.675063
-3.420490
-3.675066
-3.420493
-3.675069
-3.420496
-3.675072
-3.420499
-3.675075
-3.420502
-3.675077
-3.420504
-3.675080
-3.420507
-3.675083
-3.420510
-3.675085
-3.420512
-3.675088
-3.420515
-3.675091
-3.420518
-3.675094
-3.420520
-3.675096
-3.420523
-3.675099
-3.420526
-3.675101
-3.420528
-3.675104
-3.420531
-3.675107
-3.420533
-3.675109
-3.420536
-3.675112
-3.420538
-3.675114
-3.420541
-3.675116
-3.420543
-3.675119
-3.420545
-3.675121
-3.420548
-3.675123
-3.420550
-3.675126
-3.420552
-3.675128
-3.420554
-3.675130
-3.420556
-3.675132
-3.420559
-3.675134
-3.420561
-3.675137
-3.420563
-3.675139
-3.420565
-3.675141
-3.420567
-3.675143
-3.420569
-3.675145
-3.420572
-3.675147
-3.420574
-3.675149
-3.420576
-3.675152
-3.420578
-3.675154
-3.420580
-3.675156
-3.420582
-3.675158
-3.420584
-3.675160
-3.420586
-3.675162
-3.420588
-3.675163
-3.420590
-3.675165
-3.420591
-3.675167
-3.420593
-3.675169
-3.420595
-3.675171
-3.420597
-3.675173
-3.420599
-3.675174
-3.420601
-3.675176
-3.420602
-3.675178
-3.420604
-3.675180
-3.420606
-3.675181
-3.420608
-3.675183
-3.420609
-3.675185
-3.420611
-3.675187
-3.420613
-3.675188
-3.420614
-3.675190
-3.420616
-3.675192
-3.420618
-3.675193
-3.420619
-3.675195
-3.420621
-3.675197
-3.420623
-3.675198
-3.420624
-3.675200
-3.420626
-3.675201
-3.420627
-3.675203
-3.420629
-3.675204
-3.420630
-3.675206
-3.420632
-3.675207
-3.420633
-3.675209
-3.420634
-3.675210
-3.420636
-3.675212
-3.420637
-3.675213
-3.420639
-3.675214
-3.420640
-3.675216
-3.420642
-3.675217
-3.420643
-3.675219
-3.420644
-3.675220
-3.420646
-3.675221
-3.420647
-3.675223
-3.420648
-3.675224
-3.420650
-3.675225
-3.420651
-3.675227
-3.420652
-3.675228
-3.420654
-3.675229
-3.420655
-3.675230
-3.420656
-3.675232
-3.420657
-3.675233
-3.420658
-3.675234
-3.420660
-3.675235
-3.420661
-3.675237
-3.420662
-3.675238
-3.420663
-3.675239
-3.420664
-3.675240
-3.420665
-3.675241
-3.420667
-3.675242
-3.420668
-3.675243
-3.420669
-3.675244
-3.420670
-3.675246
-3.420671
-3.675247
-3.420672
-3.675248
-3.420673
-3.675249
-3.420674
-3.675250
-3.420675
-3.675251
-3.420676
-3.675252
-3.420677
-3.675253
-3.420678
-3.675254
-3.420679
-3.675255
-3.420680
-3.675256
-3.420681
-3.675257
-3.420682
-3.675258
-3.420683
-3.675259
-3.420684
-3.675260
-3.420685
-3.675261
-3.420686
-3.675262
-3.420687
-3.675263
-3.420688
-3.675264
-3.420689
-3.675265
-3.420690
-3.675266
-3.420691
-3.675266
-3.420692
-3.675267
-3.420693
-3.675268
-3.420693
-3.675269
-3.420694
-3.675270
-3.420695
-3.675271
-3.420696
-3.675272
-3.420697
-3.675272
-3.420698
-3.675273
-3.420698
-3.675274
-3.420699
-3.675275
-3.420700
-3.675276
-3.420701
-3.675277
-3.420702
-3.675277
-3.420702
-3.675278
-3.420703
-3.675279
-3.420704
-3.675280
-3.420705
-3.675280
-3.420705
-3.675281
-3.420706
-3.675282
-3.420707
-3.675283
-3.420708
-3.675283
-3.420708
-3.675284
-3.420709
-3.675285
-3.420710
-3.675285
-3.420710
-3.675286
-3.420711
-3.675287
-3.420712
-3.675288
-3.420713
-3.675288
-3.420713
-3.675289
-3.420714
-3.675290
-3.420715
-3.675290
-3.420715
-3.675291
-3.420716
-3.675291
-3.420716
-3.675292
-3.420717
-3.675293
-3.420718
-3.675293
-3.420718
-3.675294
-3.420719
-3.675295
-3.420720
-3.675295
-3.420720
-3.675296
-3.420721
-3.675296
-3.420721
-3.675297
-3.420722
-3.675298
-3.420722
-3.675298
-3.420723
-3.675299
-3.420724
-3.675299
-3.420724
-3.675300
-3.420725
-3.675300
-3.420725
-3.675301
-3.420726
-3.675302
-3.420726
-3.675302
-3.420727
-3.675303
-3.420727
-3.675303
-3.420728
-3.675304
-3.420729
-3.675304
-3.420729
-3.675305
-3.420730
-3.675305
-3.420730
-3.675306
-3.420731
-3.675306
-3.420731
-3.675307
-3.420731
-3.675307
-3.420732
-3.675308
-3.420732
-3.675308
-3.420733
-3.675309
-3.420733
-3.675309
-3.420734
-3.675309
-3.420734
-3.675310
-3.420735
-3.675310
-3.420735
-3.675311
-3.420736
-3.675311
-3.420736
-3.675312
-3.420737
-3.675312
-3.420737
-3.675313
-3.420737
-3.675313
-3.420738
-3.675313
-3.420738
-3.675314
-3.420739
-3.675314
-3.420739
-3.675315
-3.420739
-3.675315
-3.420740
-3.675316
-3.420740
-3.675316
-3.420741
-3.675316
-3.420741
-3.675317
-3.420741
-3.675317
-3.420742
-3.675317
-3.420742
-3.675318
-3.420743
-3.675318
-3.420743
-3.675319
-3.420743
-3.675319
-3.420744
-3.675319
-3.420744
-3.675320
-3.420744
-3.675320
-3.420745
-3.675320
-3.420745
-3.675321
-3.420745
-3.675321
-3.420746
-3.675321
-3.420746
-3.675322
-3.420747
-3.675322
-3.420747
-3.675322
-3.420747
-3.675323
-3.420747
-3.675323
-3.420748
-3.675323
-3.420748
-3.675324
-3.420748
-3.675324
-3.420749
-3.675324
-3.420749
-3.675325
-3.420749
-3.675325
-3.420750
-3.675325
-3.420750
-3.675326
-3.420750
-3.675326
-3.420751
-3.675326
-3.420751
-3.675326
-3.420751
-3.675327
-3.420751
-3.675327
-3.420752
-3.675327
-3.420752
-3.675328
-3.420752
-3.675328
-3.420753
-3.675328
-3.420753
-3.675328
-3.420753
-3.675329
-3.420753
-3.675329
-3.420754
-3.675329
-3.420754
-3.675330
-3.420754
-3.675330
-3.420754
-3.675330
-3.420755
-3.675330
-3.420755
-3.675331
-3.420755
-3.675331
-3.420755
-3.675331
-3.420756
-3.675331
-3.420756
-3.675332
-3.420756
-3.675332
-3.420756
-3.675332
-3.420757
-3.675332
-3.420757
-3.675332
-3.420757
-3.675333
-3.420757
-3.675333
-3.420758
-3.675333
-3.420758
-3.675333
-3.420758
-3.675334
-3.420758
-3.675334
-3.420758
-3.675334
-3.420759
-3.675334
-3.420759
-3.675334
-3.420759
-3.675335
-3.420759
-3.675335
-3.420759
-3.675335
-3.420760
-3.675335
-3.420760
-3.675336
-3.420760
-3.675336
-3.420760
-3.675336
-3.420760
-3.675336
-3.420761
-3.675336
-3.420761
-3.675336
-3.420761
-3.675337
-3.420761
-3.675337
-3.420761
-3.675337
-3.420762
-3.675337
-3.420762
-3.675337
-3.420762
-3.675338
-3.420762
-3.675338
-3.420762
-3.675338
-3.420763
-3.675338
-3.420763
-3.675338
-3.420763
-3.675339
-3.420763
-3.675339
-3.420763
-3.675339
-3.420763
-3.675339
-3.420764
-3.675339
-3.420764
-3.675339
-3.420764
-3.675339
-3.420764
-3.675340
-3.420764
-3.675340
-3.420764
-3.675340
-3.420765
-3.675340
-3.420765
-3.675340
-3.420765
-3.675340
-3.420765
-3.675341
-3.420765
-3.675341
-3.420765
-3.675341
-3.420765
-3.675341
-3.420766
-3.675341
-3.420766
-3.675341
-3.420766
-3.675341
-3.420766
-3.675342
-3.420766
-3.675342
-3.420766
-3.675342
-3.420766
-3.675342
-3.420767
-3.675342
-3.420767
-3.675342
-3.420767
-3.675342
-3.420767
-3.675343
-3.420767
-3.675343
-3.420767
-3.675343
-3.420767
-3.675343
-3.420767
-3.675343
-3.420768
-3.675343
-3.420768
-3.675343
-3.420768
-3.675343
-3.420768
-3.675344
-3.420768
-3.675344
-3.420768
-3.675344
-3.420768
-3.675344
-3.420768
-3.675344
-3.420769
-3.675344
-3.420769
-3.675344
-3.420769
-3.675344
-3.420769
-3.675345
-3.420769
-3.675345
-3.420769
-3.675345
-3.420769
-3.675345
-3.420769
-3.675345
-3.420769
-3.675345
-3.420770
-3.675345
-3.420770
-3.675345
-3.420770
-3.675345
-3.420770
-3.675345
-3.420770
-3.675346
-3.420770
-3.675346
-3.420770
-3.675346
-3.420770
-3.675346
-3.420770
-3.675346
-3.420770
-3.675346
-3.420771
-3.675346
-3.420771
-3.675346
-3.420771
-3.675346
-3.420771
-3.675346
-3.420771
-3.675347
-3.420771
-3.675347
-3.420771
-3.675347
-3.420771
-3.675347
-3.420771
-3.675347
-3.420771
-3.675347
-3.420771
-3.675347
-3.420772
-3.675347
-3.420772
-3.675347
-3.420772
-3.675347
-3.420772
-3.675347
-3.420772
-3.675347
-3.420772
-3.675348
-3.420772
-3.675348
-3.420772
-3.675348
-3.420772
-3.675348
-3.420772
-3.675348
-3.420772
-3.675348
-3.420772
-3.675348
-3.420773
-3.675348
-3.420773
-3.675348
-3.420773
-3.675348
-3.420773
-3.675348
-3.420773
-3.675348
-3.420773
-3.675348
-3.420773
-3.675349
-3.420773
-3.675349
-3.420773
-3.675349
-3.420773
-3.675349
-3.420773
-3.675349
-3.420773
-3.675349
-3.420773
-3.675349
-3.420773
-3.675349
-3.420774
-3.675349
-3.420774
-3.675349
-3.420774
-3.675349
-3.420774
-3.675349
-3.420774
-3.675349
-3.420774
-3.675349
-3.420774
-3.675349
-3.420774
-3.675350
-3.420774
-3.675350
-3.420774
-3.675350
-3.420774
-3.675350
-3.420774
-3.675350
-3.420774
-3.675350
-3.420774
-3.675350
-3.420774
-3.675350
-3.420774
-3.675350
-3.420774
-3.675350
-3.420775
-3.675350
-3.420775
-3.675350
-3.420775
-3.675350
-3.420775
-3.675350
-3.420775
-3.675350
-3.420775
-3.675350
-3.420775
-3.675350
-3.420775
-3.675351
-3.420775
-3.675351
-3.420775
-3.675351
-3.420775
-3.675351
-3.420775
-3.675351
-3.420775
-3.675351
-3.420775
-3.675351
-3.420775
-3.675351
-3.420775
-3.675351
-3.420775
-3.675351
-3.420775
-3.675351
-3.420775
-3.675351
-3.420776
-3.675351
-3.420776
-3.675351
-3.420776
-3.675351
-3.420776
-3.675351
-3.420776
-3.675351
-3.420776
-3.675351
-3.420776
-3.675351
-3.420776
-3.675351
-3.420776
-3.675351
-3.420776
-3.675352
-3.420776
-3.675352
-3.420776
-3.675352
-3.420776
-3.675352
-3.420776
-3.675352
-3.420776
-3.675352
-3.420776
-3.675352
-3.420776
-3.675352
-3.420776
-3.675352
-3.420776
-3.675352
-3.420776
-3.675352
-3.420776
-3.675352
-3.420776
-3.675352
-3.420776
-3.675352
-3.420776
-3.675352
-3.420776
-3.675352
-3.420777
-3.675352
-3.420777
-3.675352
-3.420777
-3.675352
-3.420777
-3.675352
-3.420777
-3.675352
-3.420777
-3.675352
-3.420777
-3.675352
-3.420777
-3.675352
-3.420777
-3.675352
-3.420777
-3.675352
-3.420777
-3.675352
-3.420777
-3.675353
-3.420777
-3.675353
-3.420777
-3.675353
-3.420777
-3.675353
-3.420777
-3.675353
-3.420777
-3.675353
-3.420777
-3.675353
-3.420777
-3.675353
-3.420777
-3.675353
-3.420777
-3.675353
-3.420777
-3.675353
-3.420777
-3.675353
-3.420777
-3.675353
-3.420777
-3.675353
-3.420777
-3.675353
-3.420777
-3.675353
-3.420777
-3.675353
-3.420777
-3.675353
-3.420777
-3.675353
-3.420777
-3.675353
-3.420777
-3.675353
-3.420778
-3.675353
-3.420778
-3.675353
-3.420778
-3.675353
-3.420778
-3.675353
-3.420778
-3.675353
-3.420778
-3.675353
-3.420778
-3.675353
-3.420778
-3.675353
-3.420778
-3.675353
-3.420778
-3.675353
-3.420778
-3.675353
-3.420778
-3.675353
-3.420778
-3.675353
-3.420778
-3.675353
-3.420778
-3.675353
-3.420778
-3.675353
-3.420778
-3.675354
-3.420778
-3.675354
-3.420778
-3.675354
-3.420778
-3.675354
-3.420778
-3.675354
-3.420778
-3.675354
-3.420778
-3.675354
-3.420778
-3.675354
-3.420778
-3.675354
-3.420778
-3.675354
-3.420778
-3.675354
-3.420778
-3.675354
-3.420778
-3.675354
-3.420778
-3.675354
-3.420778
-3.675354
-3.420778
-3.675354
-3.420778
-3.675354
-3.420778
-3.675354
-3.420778
-3.675354
-3.420778
-3.675354
-3.420778
-3.675354
-3.420778
-3.675354
-3.420778
-3.675354
-3.420778
-3.675354
-3.420778
-3.675354
-3.420778
-3.675354
-3.420778
-3.675354
-3.420778
-3.675354
-3.420778
-3.675354
-3.420778
-3.675354
-3.420778
-3.675354
-3.420778
-3.675354
-3.420779
-3.675354
-3.420779
-3.675354
-3.420779
-3.675354
-3.420779
-3.675354
-3.420779
-3.675354
-3.420779
-3.675354
-3.420779
-3.675354
-3.420779
-3.675354
-3.420779
-3.675354
-3.420779
-3.675354
-3.420779
-3.675354
-3.420779
-3.675354
-3.420779
-3.675354
-3.420779
-3.675354
-3.420779
-3.675354
-3.420779
-3.675354
-3.420779
-3.675354
-3.420779
-3.675354
-3.420779
-3.675354
-3.420779
-3.675354
-3.420779
-3.675354
-3.420779
-3.675354
-3.420779
-3.675354
-3.420779
-3.675354
-3.420779
-3.675354
-3.420779
-3.675354
-3.420779
-3.675354
-3.420779
-3.675354
-3.420779
-3.675355
-3.420779
-3.675355
-3.420779
-3.675355
-3.420779
-3.675355
-3.420779
-3.675355
-3.420779
-3.675355
-3.420779
-3.675355
-3.420779
-3.675355
-3.420779
-3.675355
-3.420779
-3.675355
-3.420779
-3.675355
-3.420779
-3.675355
-3.420779
-3.675355
-3.420779
-3.675355
-3.420779
-3.675355
-3.420779
-3.675355
-3.420779
-3.675355
-3.420779
-3.675355
-3.420779
-3.675355
-3.420779
-3.675355
-3.420779
-3.675355
-3.420779
-3.675355
-3.420779
-3.675355
-3.420779
-3.675355
-3.420779
-3.675355
-3.420779
-3.675355
-3.420779
-3.675355
-3.420779
-3.675355
-3.420779
-3.675355
-3.420779
-3.675355
-3.420779
-3.675355
-3.420779
-3.675355
-3.420779
-3.675355
-3.420779
-3.675355
-3.420779
-3.675355
-3.420779
-3.675355
-3.420779
-3.675355
-3.420779
-3.675355
-3.420779
-3.675355
-3.420779
-3.675355
-3.420779
-3.675355
-3.420779
-3.675355
-3.420779
-3.675355
-3.420779
-3.675355
-3.420779
-3.675355
-3.420779
-3.675355
-3.420779
-3.675355
-3.420779
-3.675355
-3.420779
-3.675355
-3.420779
-3.675355
-3.420779
-3.675355
-3.420779
-3.675355
-3.420779
-3.675355
-3.420779
-3.675355
-3.420779
-3.675355
-3.420779
-3.675355
-3.420779
-3.675355
-3.420779
-3.675355
-3.420779
-3.675355
-3.420779
-3.675355
-3.420779
-3.675355
-3.420779
-3.675355
-3.420779
-3.675355
-3.420779
-3.675355
-3.420779
-3.675355
-3.420779
-3.675355
-3.420779
-3.675355
-3.420780
-3.675355
-3.420780
-3.675355
-3.420780
-3.675355
-3.420780
-3.675355
-3.420780
-3.675355
-3.420780
-3.675355
-3.420780
-3.675355
-3.420780
-3.675355
-3.420780
-3.675355
-3.420780
-3.675355
-3.420780
-3.675355
-3.420780
-3.675355
-3.420780
-3.675355
-3.420780
-3.675355
-3.420780
-3.675355
-3.420780
-3.675355
-3.420780
-3.675355
-3.420780
-3.675355
-3.420780
-3.675355
-3.420780
-3.675355
-3.420780
-3.675355
-3.420780
-3.675355
-3.420780
-3.675355
-3.420780
-3.675355
-3.420780
-3.675355
-3.420780
-3.675355
-3.420780
-3.675355
-3.420780
-3.675355
-3.420780
-3.675355
-3.420780
-3.675355
-3.420780
-3.675355
-3.420780
-3.675355
-3.420780
-3.675355
-3.420780
-3.675355
-3.420780
-3.675355
-3.420780
-3.675355
-3.420780
-3.675355
-3.420780
-3.675355
-3.420780
-3.675355
-3.420780
-3.675355
-3.420780
-3.675355
-3.420780
-3.675355
-3.420780
-3.675355
-3.420780
-3.675355
-3.420780
-3.675355
-3.420780
-3.675355
-3.420780
-3.675355
-3.420780
-3.675355
-3.420780
-3.675355
-3.420780
-3.675355
-3.420780
-3.675355
-3.420780
-3.675355
-3.420780
-3.675355
-3.420780
-3.675355
-3.420780
-3.675355
-3.420780
-3.675355
-3.420780
-3.675355
-3.420780
-3.675355
-3.420780
-3.675355
-3.420780
-3.675355
-3.420780
-3.675355
-3.420780
-3.675355
-3.420780
-3.675355
-3.420780
-3.675355
-3.420780
-3.675355
-3.420780
-3.675355
-3.420780
-3.675355
-3.420780
-3.675355
-3.420780
-3.675355
-3.420780
-3.675355
-3.420780
-3.675355
-3.420780
-3.675355
-3.420780
-3.675355
-3.420780
-3.675355
-3.420780
-3.675355
-3.420780
-3.675355
-3.420780
-3.675355
-3.420780
-3.675355
-3.420780
-3.675355
-3.420780
-3.675355
-3.420780
-3.675355
-3.420780
-3.675355
-3.420780
-3.675355
-3.420780
-3.675355
-3.420780
-3.675355
-3.420780
-3.675355
-3.420780
-3.675355
-3.420780
-3.675355
-3.420780
-3.675355
-3.420780
-3.675355
-3.420780
-3.675355
-3.420780
-3.675355
-3.420780
-3.675355
-3.420780
-3.675355
-3.420780
-3.675355
-3.420780
-3.675355
-3.420780
-3.675355
-3.420780
-3.675355
-3.420780
-3.675355
-3.420780
-3.675355
-3.420780
-3.675356
-3.420780
-3.675356
-3.420780
-3.675356
-3.420780
-3.675356
-3.420780
-3.675356
-3.420780
-3.675356
-3.420780
-3.675356
-3.420780
-3.675356
-3.420780
-3.675356
-3.420780
-3.675356
-3.420780
-3.675356
-3.420780
-3.675356
-3.420780
-3.675356
-3.420780
-3.675356
-3.420780
-3.675356
-3.420780
-3.675356
-3.420780
-3.675356
-3.420780
-3.675356
-3.420780
-3.675356
-3.420780
-3.675356
-3.420780
-3.675356
-3.420780
-3.675356
-3.420780
-3.675356
-3.420780
-3.675356
-3.420780
-3.675356
-3.420780
-3.675356
-3.420780
-3.675356
-3.420780
-3.675356
-3.420780
-3.675356
-3.420780
-3.675356
-3.420780
-3.675356
-3.420780
-3.675356
-3.420780
-3.675356
-3.420780
-3.675356
-3.420780
-3.675356
-3.420780
-3.675356
-3.420780
-3.675356
-3.420780
-3.675356
-3.420780
-3.675356
-3.420780
-3.675356
-3.420780
-3.675356
-3.420780
-3.675356
-3.420780
-3.675356
-3.420780
-3.675356
-3.420780
-3.675356
-3.420780
-3.675356
-3.420780
-3.675356
-3.420780
-3.675356
-3.420780
-3.675356
-3.420780
-3.675356
-3.420780
-3.675356
-3.420780
-3.675356
-3.420780
-3.675356
-3.420780
-3.675356
-3.420780
-3.675356
-3.420780
-3.675356
-3.420780
-3.675356
-3.420780
-3.675356
-3.420780
-3.675356
-3.420780
-3.675356
-3.420780
-3.675356
-3.420780
-3.675356
-3.420780
-3.675356
-3.420780
-3.675356
-3.420780
-3.675356
-3.420780
-3.675356
-3.420780
-3.675356
-3.420780
-3.675356
-3.420780
-3.675356
-3.420780
-3.675356
-3.420780
-3.675356
-3.420780
-3.675356
-3.420780
-3.675356
-3.420780
-3.675356
-3.420780
-3.675356
-3.420780
-3.675356
-3.420780
-3.675356
-3.420780
-3.675356
-3.420780
-3.675356
-3.420780
-3.675356
-3.420780
-3.675356
-3.420780
-3.675356
-3.420780
-3.675356
-3.420780
-3.675356
-3.420780
-3.675356
-3.420780
-3.675356
-3.420780
-3.675356
-3.420780
-3.675356
-3.420780
-3.675356
-3.420780
-3.675356
-3.420780
-3.675356
-3.420780
-3.675356
-3.420780
-3.675356
-3.420780
-3.675356
-3.420780
-3.675356
-3.420780
-3.675356
-3.420780
-3.675356
-3.420780
-3.675356
-3.420780
-3.675356
-3.420780
-3.675356
-3.420780
-3.675356
-3.420780
-3.675356
-3.420780
-3.675356
-3.420780
-3.675356
-3.420780
-3.675356
-3.420780
-3.675356
-3.420780
-3.675356
-3.420780
-3.675356
-3.420780
-3.675356
-3.420780
-3.675356
-3.420780
-3.675356
-3.420780
-3.675356
-3.420780
-3.675356
-3.420780
-3.675356
-3.420780
-3.675356
-3.420780
-3.675356
-3.420780
-3.675356
-3.420780
-3.675356
-3.420780
-3.675356
-3.420780
-3.675356
-3.420780
-3.675356
-3.420780
-3.675356
-3.420780
-3.675356
-3.420780
-3.675356
-3.420780
-3.675356
-3.420780
-3.675356
-3.420780
-3.675356
-3.420780
-3.675356
-3.420780
-3.675356
-3.420780
-3.675356
-3.420780
-3.675356
-3.420780
-3.675356
-3.420780
-3.675356
-3.420780
-3.675356
-3.420780
-3.675356
-3.420780
-3.675356
-3.420780
-3.675356
-3.420780
-3.675356
-3.420780
-3.675356
-3.420780
-3.675356
-3.420780
-3.675356
-3.420780
-3.675356
-3.420780
-3.675356
-3.420780
-3.675356
-3.420780
-3.675356
-3.420780
-3.675356
-3.420780
-3.675356
-3.420780
-3.675356
-3.420780
-3.675356
-3.420780
-3.675356
-3.420780
-3.675356
-3.420780
-3.675356
-3.420780
-3.675356
-3.420780
-3.675356
-3.420780
-3.675356
-3.420780
-3.675356
-3.420780
-3.675356
-3.420780
-3.675356
-3.420780
-3.675356
-3.420780
-3.675356
-3.420780
-3.675356
-3.420780
-3.675356
-3.420780
-3.675356
-3.420780
-3.675356
-3.420780
-3.675356
-3.420780
-3.675356
-3.420780
-3.675356
-3.420780
-3.675356
-3.420780
-3.675356
-3.420780
-3.675356
-3.420780
-3.675356
-3.420780
-3.675356
-3.420780
-3.675356
-3.420780
-3.675356
-3.420780
-3.675356
-3.420780
-3.675356
-3.420780
-3.675356
-3.420780
-3.675356
-3.420780
-3.675356
-3.420780
-3.675356
-3.420780
-3.675356
-3.420780
-3.675356
-3.420780
-3.675356
-3.420780
-3.675356
-3.420780
-3.675356
-3.420780
-3.675356
-3.420780
-3.675356
-3.420780
-3.675356
-3.420780
-3.675356
-3.420780
-3.675356
-3.420780
-3.675356
-3.420780
-3.675356
-3.420780
-3.675356
-3.420780
-3.675356
-3.420780
-3.675356
-3.420780
-3.675356
-3.420780
-3.675356
-3.420780
-3.675356
-3.420780
-3.675356
-3.420780
-3.675356
-3.420780
-3.675356
-3.420780
-3.675356
-3.420780
-3.675356
-3.420780
-3.675356
-3.420780
-3.675356
-3.420780
-3.675356
-3.420780
-3.675356
-3.420780
-3.675356
-3.420780
-3.675356
-3.420780
-3.675356
-3.420780
-3.675356
-3.420780
-3.675356
-3.420780
-3.675356
-3.420780
-3.675356
-3.420780
-3.675356
-3.420780
-3.675356
-3.420780
-3.675356
-3.420780
-3.675356
-3.420780
-3.675356
-3.420780
-3.675356
-3.420780
-3.675356
-3.420780
-3.675356
-3.420780
-3.675356
-3.420780
-3.675356
-3.420780
-3.675356
-3.420780
-3.675356
-3.420780
-3.675356
-3.420780
-3.675356
-3.420780
-3.675356
-3.420780
-3.675356
-3.420780
-3.675356
-3.420780
-3.675356
-3.420780
-3.675356
-3.420780
-3.675356
-3.420780
-3.675356
-3.420780
-3.675356
-3.420780
-3.675356
-3.420780
-3.675356
-3.420780
-3.675356
-3.420780
-3.675356
-3.420780
-3.675356
-3.420780
-3.675356
-3.420780
-3.675356
-3.420780
-3.675356
-3.420780
-3.675356
-3.420780
-3.675356
-3.420780
-3.675356
-3.420780
-3.675356
-3.420780
-3.675356
-3.420780
-3.675356
-3.420780
-3.675356
-3.420780
-3.675356
-3.420780
-3.675356
-3.420780
-3.675356
-3.420780
-3.675356
-3.420780
-3.675356
-3.420780
-3.675356
-3.420780
-3.675356
-3.420780
-3.675356
-3.420780
-3.675356
-3.420780
-3.675356
-3.420780
-3.675356
-3.420780
-3.675356
-3.420780
-3.675356
-3.420780
-3.675356
-3.420780
-3.675356
-3.420780
-3.675356
-3.420780
-3.675356
-3.420780
-3.675356
-3.420780
-3.675356
-3.420780
-3.675356
-3.420780
-3.675356
-3.420780
-3.675356
-3.420780
-3.675356
-3.420780
-3.675356
-3.420780
-3.675356
-3.420780
-3.675356
-3.420780
-3.675356
-3.420780
-3.675356
-3.420780
-3.675356
-3.420780
-3.675356
-3.420780
-3.675356
-3.420780
-3.675356
-3.420780
-3.675356
-3.420780
-3.675356
-3.420780
-3.675356
-3.420780
-3.675356
-3.420780
-3.675356
-3.420780
-3.675356
-3.420780
-3.675356
-3.420780
-3.675356
-3.420780
-3.675356
-3.420780
-3.675356
-3.420780
-3.675356
-3.420780
-3.675356
-3.420780
-3.675356
-3.420780
-3.675356
-3.420780
-3.675356
-3.420780
-3.675356
-3.420780
-3.675356
-3.420780
-3.675356
-3.420780
-3.675356
-3.420780
-3.675356
-3.420780
-3.675356
-3.420780
-3.675356
-3.420780
-3.675356
-3.420780
-3.675356
-3.420780
-3.675356
-3.420780
-3.675356
-3.420780
-3.675356
-3.420780
-3.675356
-3.420780
-3.675356
-3.420780
-3.675356
-3.420780
-3.675356
-3.420780
-3.675356
-3.420780
-3.675356
-3.420780
-3.675356
-3.420780
-3.675356
-3.420780
-3.675356
-3.420780
-3.675356
-3.420780
-3.675356
-3.420780
-3.675356
-3.420780
-3.675356
-3.420780
-3.675356
-3.420780
-3.675356
-3.420780
-3.675356
-3.420780
-3.675356
-3.420780
-3.675356
-3.420780
-3.675356
-3.420780
-3.675356
-3.420780
-3.675356
-3.420780
-3.675356
-3.420780
-3.675356
-3.420780
-3.675356
-3.420780
-3.675356
-3.420780
-3.675356
-3.420780
-3.675356
-3.420780
-3.675356
-3.420780
-3.675356
-3.420780
-3.675356
-3.420780
-3.675356
-3.420780
-3.675356
-3.420780
-3.675356
-3.420780
-3.675356
-3.420780
-3.675356
-3.420780
-3.675356
-3.420780
-3.675356
-3.420780
-3.675356
-3.420780
-3.675356
-3.420780
-3.675356
-3.420780
-3.675356
-3.420780
-3.675356
-3.420780
-3.675356
-3.420780
-3.675356
-3.420780
-3.675356
-3.420780
-3.675356
-3.420780
-3.675356
-3.420780
-3.675356
-3.420780
-3.675356
-3.420780
-3.675356
-3.420780
-3.675356
-3.420780
-3.675356
-3.420780
-3.675356
-3.420780
-3.675356
-3.420780
-3.675356
-3.420780
-3.675356
-3.420780
-3.675356
-3.420780
-3.675356
-3.420780
-3.675356
-3.420780
-3.675356
-3.420780
-3.675356
-3.420780
-3.675356
-3.420780
-3.675356
-3.420780
-3.675356
-3.420780
-3.675356
-3.420780
-3.675356
-3.420780
-3.675356
-3.420780
-3.675356
-3.420780
-3.675356
-3.420780
-3.675356
-3.420780
-3.675356
-3.420780
-3.675356
-3.420780
-3.675356
-3.420780
-3.675356
-3.420780
-3.675356
-3.420780
-3.675356
-3.420780
-3.675356
-3.420780
-3.675356
-3.420780
-3.675356
-3.420780
-3.675356
-3.420780
-3.675356
-3.420780
-3.675356
-3.420780
-3.675356
-3.420780
-3.675356
-3.420780
-3.675356
-3.420780
-3.675356
-3.420780
-3.675356
-3.420780
-3.675356
-3.420780
-3.675356
-3.420780
-3.675356
-3.420780
-3.675356
-3.420780
-3.675356
-3.420780
-3.675356
-3.420780
-3.675356
-3.420780
-3.675356
-3.420780
-3.675356
-3.420780
-3.675356
-3.420780
-3.675356
-3.420780
-3.675356
-3.420780
-3.675356
-3.420780
-3.675356
-3.420780
-3.675356
-3.420780
-3.675356
-3.420780
-3.675356
-3.420780
-3.675356
-3.420780
-3.675356
-3.420780
-3.675356
-3.420780
-3.675356
-3.420780
-3.675356
-3.420780
-3.675356
-3.420780
-3.675356
-3.420780
-3.675356
-3.420780
-3.675356
-3.420780
-3.675356
-3.420780
-3.675356
-3.420780
-3.675356
-3.420780
-3.675356
-3.420780
-3.675356
-3.420780
-3.675356
-3.420780
-3.675356
-3.420780
-3.675356
-3.420780
-3.675356
-3.420780
-3.675356
-3.420780
-3.675356
-3.420780
-3.675356
-3.420780
-3.675356
-3.420780
-3.675356
-3.420780
-3.675356
-3.420780
-3.675356
-3.420780
-3.675356
-3.420780
-3.675356
-3.420780
-3.675356
-3.420780
-3.675356
-3.420780
-3.675356
-3.420780
-3.675356
-3.420780
-3.675356
-3.420780
-3.675356
-3.420780
-3.675356
-3.420780
-3.675356
-3.420780
-3.675356
-3.420780
-3.675356
-3.420780
-3.675356
-3.420780
-3.675356
-3.420780
-3.675356
-3.420780
-3.675356
-3.420780
-3.675356
-3.420780
-3.675356
-3.420780
-3.675356
-3.420780
-3.675356
-3.420780
-3.675356
-3.420780
-3.675356
-3.420780
-3.675356
-3.420780
-3.675356
-3.420780
-3.675356
-3.420780
-3.675356
-3.420780
-3.675356
-3.420780
-3.675356
-3.420780
-3.675356
-3.420780
-3.675356
-3.420780
-3.675356
-3.420780
-3.675356
-3.420780
-3.675356
-3.420780
-3.675356
-3.420780
-3.675356
-3.420780
-3.675356
-3.420780
-3.675356
-3.420780
-3.675356
-3.420780
-3.675356
-3.420780
-3.675356
-3.420780
-3.675356
-3.420780
-3.675356
-3.420780
-3.675356
-3.420780
-3.675356
-3.420780
-3.675356
-3.420780
-3.675356
-3.420780
-3.675356
-3.420780
-3.675356
-3.420780
-3.675356
-3.420780
-3.675356
-3.420780
-3.675356
-3.420780
-3.675356
-3.420780
-3.675356
-3.420780
-3.675356
-3.420780
-3.675356
-3.420780
-3.675356
-3.420780
-3.675356
-3.420780
-3.675356
-3.420780
-3.675356
-3.420780
-3.675356
-3.420780
-3.675356
-3.420780
-3.675356
-3.420780
-3.675356
-3.420780
-3.675356
-3.420780
-3.675356
-3.420780
-3.675356
-3.420780
-3.675356
-3.420780
-3.675356
-3.420780
-3.675356
-3.420780
-3.675356
-3.420780
-3.675356
-3.420780
-3.675356
-3.420780
-3.675356
-3.420780
-3.675356
-3.420780
-3.675356
-3.420780
-3.675356
-3.420780
-3.675356
-3.420780
-3.675356
-3.420780
-3.675356
-3.420780
-3.675356
-3.420780
-3.675356
-3.420780
-3.675356
-3.420780
-3.675356
-3.420780
-3.675356
-3.420780
-3.675356
-3.420780
-3.675356
-3.420780
-3.675356
-3.420780
-3.675356
-3.420780
-3.675356
-3.420780
-3.675356
-3.420780
-3.675356
-3.420780
-3.675356
-3.420780
-3.675356
-3.420780
-3.675356
-3.420780
-3.675356
-3.420780
-3.675356
-3.420780
-3.675356
-3.420780
-3.675356
-3.420780
-3.675356
-3.420780
-3.675356
-3.420780
-3.675356
-3.420780
-3.675356
-3.420780
-3.675356
-3.420780
-3.675356
-3.420780
-3.675356
-3.420780
-3.675356
-3.420780
-3.675356
-3.420780
-3.675356
-3.420780
-3.675356
-3.420780
-3.675356
-3.420780
-3.675356
-3.420780
-3.675356
-3.420780
-3.675356
-3.420780
-3.675356
-3.420780
-3.675356
-3.420780
-3.675356
-3.420780
-3.675356
-3.420780
-3.675356
-3.420780
-3.675356
-3.420780
-3.675356
-3.420780
-3.675356
-3.420780
-3.675356
-3.420780
-3.675356
-3.420780
-3.675356
-3.420780
-3.675356
-3.420780
-3.675356
-3.420780
-3.675356
-3.420780
-3.675356
-3.420780
-3.675356
-3.420780
-3.675356
-3.420780
-3.675356
-3.420780
-3.675356
-3.420780
-3.675356
-3.420780
-3.675356
-3.420780
-3.675356
-3.420780
-3.675356
-3.420780
-3.675356
-3.420780
-3.675356
-3.420780
-3.675356
-3.420780
-3.675356
-3.420780
-3.675356
-3.420780
-3.675356
-3.420780
-3.675356
-3.420780
-3.675356
-3.420780
-3.675356
-3.420780
-3.675356
-3.420780
-3.675356
-3.420780
-3.675356
-3.420780
-3.675356
-3.420780
-3.675356
-3.420780
-3.675356
-3.420780
-3.675356
-3.420780
-3.675356
-3.420780
-3.675356
-3.420780
-3.675356
-3.420780
-3.675356
-3.420780
-3.675356
-3.420780
-3.675356
-3.420780
-3.675356
-3.420780
-3.675356
-3.420780
-3.675356
-3.420780
-3.675356
-3.420780
-3.675356
-3.420780
-3.675356
-3.420780
-3.675356
-3.420780
-3.675356
-3.420780
-3.675356
-3.420780
-3.675356
-3.420780
-3.675356
-3.420780
-3.675356
-3.420780
-3.675356
-3.420780
-3.675356
-3.420780
-3.675356
-3.420780
-3.675356
-3.420780
-3.675356
-3.420780
-3.675356
-3.420780
-3.675356
-3.420780
-3.675356
-3.420780
-3.675356
-3.420780
-3.675356
-3.420780
-3.675356
-3.420780
-3.675356
-3.420780
-3.675356
-3.420780
-3.675356
-3.420780
-3.675356
-3.420780
-3.675356
-3.420780
-3.675356
-3.420780
-3.675356
-3.420780
-3.675356
-3.420780
-3.675356
-3.420780
-3.675356
-3.420780
-3.675356
-3.420780
-3.675356
-3.420780
-3.675356
-3.420780
-3.675356
-3.420780
-3.675356
-3.420780
-3.675356
-3.420780
-3.675356
-3.420780
-3.675356
-3.420780
-3.675356
-3.420780
-3.675356
-3.420780
-3.675356
-3.420780
-3.675356
-3.420780
-3.675356
-3.420780
-3.675356
-3.420780
-3.675356
-3.420780
-3.675356
-3.420780
-3.675356
-3.420780
-3.675356
-3.420780
-3.675356
-3.420780
-3.675356
-3.420780
-3.675356
-3.420780
-3.675356
-3.420780
-3.675356
-3.420780
-3.675356
-3.420780
-3.675356
-3.420780
-3.675356
-3.420780
-3.675356
-3.420780
-3.675356
-3.420780
-3.675356
-3.420780
-3.675356
-3.420780
-3.675356
-3.420780
-3.675356
-3.420780
-3.675356
-3.420780
-3.675356
-3.420780
-3.675356
-3.420780
-3.675356
-3.420780
-3.675356
-3.420780
-3.675356
-3.420780
-3.675356
-3.420780
-3.675356
-3.420780
-3.675356
-3.420780
-3.675356
-3.420780
-3.675356
-3.420780
-3.675356
-3.420780
-3.675356
-3.420780
-3.675356
-3.420780
-3.675356
-3.420780
-3.675356
-3.420780
-3.675356
-3.420780
-3.675356
-3.420780
-3.675356
-3.420780
-3.675356
-3.420780
-3.675356
-3.420780
-3.675356
-3.420780
-3.675356
-3.420780
-3.675356
-3.420780
-3.675356
-3.420780
-3.675356
-3.420780
-3.675356
-3.420780
-3.675356
-3.420780
-3.675356
-3.420780
-3.675356
-3.420780
-3.675356
-3.420780
-3.675356
-3.420780
-3.675356
-3.420780
-3.675356
-3.420780
-3.675356
-3.420780
-3.675356
-3.420780
-3.675356
-3.420780
-3.675356
-3.420780
-3.675356
-3.420780
-3.675356
-3.420780
-3.675356
-3.420780
-3.675356
-3.420780
-3.675356
-3.420780
-3.675356
-3.420780
-3.675356
-3.420780
-3.675356
-3.420780
-3.675356
-3.420780
-3.675356
-3.420780
-3.675356
-3.420780
-3.675356
-3.420780
-3.675356
-3.420780
-3.675356
-3.420780
-3.675356
-3.420780
-3.675356
-3.420780
-3.675356
-3.420780
-3.675356
-3.420780
-3.675356
-3.420780
-3.675356
-3.420780
-3.675356
-3.420780
-3.675356
-3.420780
-3.675356
-3.420780
-3.675356
-3.420780
-3.675356
-3.420780
-3.675356
-3.420780
-3.675356
-3.420780
-3.675356
-3.420780
-3.675356
-3.420780
-3.675356
-3.420780
-3.675356
-3.420780
-3.675356
-3.420780
-3.675356
-3.420780
-3.675356
-3.420780
-3.675356
-3.420780
-3.675356
-3.420780
-3.675356
-3.420780
-3.675356
-3.420780
-3.675356
-3.420780
-3.675356
-3.420780
-3.675356
-3.420780
-3.675356
-3.420780
-3.675356
-3.420780
-3.675356
-3.420780
-3.675356
-3.420780
-3.675356
-3.420780
-3.675356
-3.420780
-3.675356
-3.420780
-3.675356
-3.420780
-3.675356
-3.420780
-3.675356
-3.420780
-3.675356
-3.420780
-3.675356
-3.420780
-3.675356
-3.420780
-3.675356
-3.420780
-3.675356
-3.420780
-3.675356
-3.420780
-3.675356
-3.420780
-3.675356
-3.420780
-3.675356
-3.420780
-3.675356
-3.420780
-3.675356
-3.420780
-3.675356
-3.420780
-3.675356
-3.420780
-3.675356
-3.420780
-3.675356
-3.420780
-3.675356
-3.420780
-3.675356
-3.420780
-3.675356
-3.420780
-3.675356
-3.420780
-3.675356
-3.420780
-3.675356
-3.420780
-3.675356
-3.420780
-3.675356
-3.420780
-3.675356
-3.420780
-3.675356
-3.420780
-3.675356
-3.420780
-3.675356
-3.420780
-3.675356
-3.420780
-3.675356
-3.420780
-3.675356
-3.420780
-3.675356
-3.420780
-3.675356
-3.420780
-3.675356
-3.420780
-3.675356
-3.420780
-3.675356
-3.420780
-3.675356
-3.420780
-3.675356
-3.420780
-3.675356
-3.420780
-3.675356
-3.420780
-3.675356
-3.420780
-3.675356
-3.420780
-3.675356
-3.420780
-3.675356
-3.420780
-3.675356
-3.420780
-3.675356
-3.420780
-3.675356
-3.420780
-3.675356
-3.420780
-3.675356
-3.420780
-3.675356
-3.420780
-3.675356
-3.420780
-3.675356
-3.420780
-3.675356
-3.420780
-3.675356
-3.420780
-3.675356
-3.420780
-3.675356
-3.420780
-3.675356
-3.420780
-3.675356
-3.420780
-3.675356
-3.420780
-3.675356
-3.420780
-3.675356
-3.420780
-3.675356
-3.420780
-3.675356
-3.420780
-3.675356
-3.420780
-3.675356
-3.420780
-3.675356
-3.420780
-3.675356
-3.420780
-3.675356
-3.420780
-3.675356
-3.420780
-3.675356
-3.420780
-3.675356
-3.420780
-3.675356
-3.420780
-3.675356
-3.420780
-3.675356
-3.420780
-3.675356
-3.420780
-3.675356
-3.420780
-3.675356
-3.420780
-3.675356
-3.420780
-3.675356
-3.420780
-3.675356
-3.420780
-3.675356
-3.420780
-3.675356
-3.420780
-3.675356
-3.420780
-3.675356
-3.420780
-3.675356
-3.420780
-3.675356
-3.420780
-3.675356
-3.420780
-3.675356
-3.420780
-3.675356
-3.420780
-3.675356
-3.420780
-3.675356
-3.420780
-3.675356
-3.420780
-3.675356
-3.420780
-3.675356
-3.420780
-3.675356
-3.420780
-3.675356
-3.420780
-3.675356
-3.420780
-3.675356
-3.420780
-3.675356
-3.420780
-3.675356
-3.420780
-3.675356
-3.420780
-3.675356
-3.420780
-3.675356
-3.420780
-3.675356
-3.420780
-3.675356
-3.420780
-3.675356
-3.420780
-3.675356
-3.420780
-3.675356
-3.420780
-3.675356
-3.420780
-3.675356
-3.420780
-3.675356
-3.420780
-3.675356
-3.420780
-3.675356
-3.420780
-3.675356
-3.420780
-3.675356
-3.420780
-3.675356
-3.420780
-3.675356
-3.420780
-3.675356
-3.420780
-3.675356
-3.420780
-3.675356
-3.420780
-3.675356
-3.420780
-3.675356
-3.420780
-3.675356
-3.420780
-3.675356
-3.420780
-3.675356
-3.420780
-3.675356
-3.420780
-3.675356
-3.420780
-3.675356
-3.420780
-3.675356
-3.420780
-3.675356
-3.420780
-3.675356
-3.420780
-3.675356
-3.420780
-3.675356
-3.420780
-3.675356
-3.420780
-3.675356
-3.420780
-3.675356
-3.420780
-3.675356
-3.420780
-3.675356
-3.420780
-3.675356
-3.420780
-3.675356
-3.420780
-3.675356
-3.420780
-3.675356
-3.420780
-3.675356
-3.420780
-3.675356
-3.420780
-3.675356
-3.420780
-3.675356
-3.420780
-3.675356
-3.420780
-3.675356
-3.420780
-3.675356
-3.420780
-3.675356
-3.420780
-3.675356
-3.420780
-3.675356
-3.420780
-3.675356
-3.420780
-3.675356
-3.420780
-3.675356
-3.420780
-3.675356
-3.420780
-3.675356
-3.420780
-3.675356
-3.420780
-3.675356
-3.420780
-3.675356
-3.420780
-3.675356
-3.420780
-3.675356
-3.420780
-3.675356
-3.420780
-3.675356
-3.420780
-3.675356
-3.420780
-3.675356
-3.420780
-3.675356
-3.420780
-3.675356
-3.420780
-3.675356
-3.420780
-3.675356
-3.420780
-3.675356
-3.420780
-3.675356
-3.420780
-3.675356
-3.420780
-3.675356
-3.420780
-3.675356
-3.420780
-3.675356
-3.420780
-3.675356
-3.420780
-3.675356
-3.420780
-3.675356
-3.420780
-3.675356
-3.420780
-3.675356
-3.420780
-3.675356
-3.420780
-3.675356
-3.420780
-3.675356
-3.420780
-3.675356
-3.420780
-3.675356
-3.420780
-3.675356
-3.420780
-3.675356
-3.420780
-3.675356
-3.420780
-3.675356
-3.420780
-3.675356
-3.420780
-3.675356
-3.420780
-3.675356
-3.420780
-3.675356
-3.420780
-3.675356
-3.420780
-3.675356
-3.420780
-3.675356
-3.420780
-3.675356
-3.420780
-3.675356
-3.420780
-3.675356
-3.420780
-3.675356
-3.420780
-3.675356
-3.420780
-3.675356
-3.420780
-3.675356
-3.420780
-3.675356
-3.420780
-3.675356
-3.420780
-3.675356
-3.420780
-3.675356
-3.420780
-3.675356
-3.420780
-3.675356
-3.420780
-3.675356
-3.420780
-3.675356
-3.420780
-3.675356
-3.420780
-3.675356
-3.420780
-3.675356
-3.420780
-3.675356
-3.420780
-3.675356
-3.420780
-3.675356
-3.420780
-3.675356
-3.420780
-3.675356
-3.420780
-3.675356
-3.420780
-3.675356
-3.420780
-3.675356
-3.420780
-3.675356
-3.420780
-3.675356
-3.420780
-3.675356
-3.420780
-3.675356
-3.420780
-3.675356
-3.420780
-3.675356
-3.420780
-3.675356
-3.420780
-3.675356
-3.420780
-3.675356
-3.420780
-3.675356
-3.420780
-3.675356
-3.420780
-3.675356
-3.420780
-3.675356
-3.420780
-3.675356
-3.420780
-3.675356
-3.420780
-3.675356
-3.420780
-3.675356
-3.420780
-3.675356
-3.420780
-3.675356
-3.420780
-3.675356
-3.420780
-3.675356
-3.420780
-3.675356
-3.420780
-3.675356
-3.420780
-3.675356
-3.420780
-3.675356
-3.420780
-3.675356
-3.420780
-3.675356
-3.420780
-3.675356
-3.420780
-3.675356
-3.420780
-3.675356
-3.420780
-3.675356
-3.420780
-3.675356
-3.420780
-3.675356
-3.420780
-3.675356
-3.420780
-3.675356
-3.420780
-3.675356
-3.420780
-3.675356
-3.420780
-3.675356
-3.420780
-3.675356
-3.420780
-3.675356
-3.420780
-3.675356
-3.420780
-3.675356
-3.420780
-3.675356
-3.420780
-3.675356
-3.420780
-3.675356
-3.420780
-3.675356
-3.420780
-3.675356
-3.420780
-3.675356
-3.420780
-3.675356
-3.420780
-3.675356
-3.420780
-3.675356
-3.420780
-3.675356
-3.420780
-3.675356
-3.420780
-3.675356
-3.420780
-3.675356
-3.420780
-3.675356
-3.420780
-3.675356
-3.420780
-3.675356
-3.420780
-3.675356
-3.420780
-3.675356
-3.420780
-3.675356
-3.420780
-3.675356
-3.420780
-3.675356
-3.420780
-3.675356
-3.420780
-3.675356
-3.420780
-3.675356
-3.420780
-3.675356
-3.420780
-3.675356
-3.420780
-3.675356
-3.420780
-3.675356
-3.420780
-3.675356
-3.420780
-3.675356
-3.420780
-3.675356
-3.420780
-3.675356
-3.420780
-3.675356
-3.420780
-3.675356
-3.420780
-3.675356
-3.420780
-3.675356
-3.420780
-3.675356
-3.420780
-3.675356
-3.420780
-3.675356
-3.420780
-3.675356
-3.420780
-3.675356
-3.420780
-3.675356
-3.420780
-3.675356
-3.420780
-3.675356
-3.420780
-3.675356
-3.420780
-3.675356
-3.420780
-3.675356
-3.420780
-3.675356
-3.420780
-3.675356
-3.420780
-3.675356
-3.420780
-3.675356
-3.420780
-3.675356
-3.420780
-3.675356
-3.420780
-3.675356
-3.420780
-3.675356
-3.420780
-3.675356
-3.420780
-3.675356
-3.420780
-3.675356
-3.420780
-3.675356
-3.420780
-3.675356
-3.420780
-3.675356
-3.420780
-3.675356
-3.420780
-3.675356
-3.420780
-3.675356
-3.420780
-3.675356
-3.420780
-3.675356
-3.420780
-3.675356
-3.420780
-3.675356
-3.420780
-3.675356
-3.420780
-3.675356
-3.420780
-3.675356
-3.420780
-3.675356
-3.420780
-3.675356
-3.420780
-3.675356
-3.420780
-3.675356
-3.420780
-3.675356
-3.420780
-3.675356
-3.420780
-3.675356
-3.420780
-3.675356
-3.420780
-3.675356
-3.420780
-3.675356
-3.420780
-3.675356
-3.420780
-3.675356
-3.420780
-3.675356
-3.420780
-3.675356
-3.420780
-3.675356
-3.420780
-3.675356
-3.420780
-3.675356
-3.420780
-3.675356
-3.420780
-3.675356
-3.420780
-3.675356
-3.420780
-3.675356
-3.420780
-3.675356
-3.420780
-3.675356
-3.420780
-3.675356
-3.420780
-3.675356
-3.420780
-3.675356
-3.420780
-3.675356
-3.420780
-3.675356
-3.420780
-3.675356
-3.420780
-3.675356
-3.420780
-3.675356
-3.420780
-3.675356
-3.420780
-3.675356
-3.420780
-3.675356
-3.420780
-3.675356
-3.420780
-3.675356
-3.420780
-3.675356
-3.420780
-3.675356
-3.420780
-3.675356
-3.420780
-3.675356
-3.420780
-3.675356
-3.420780
-3.675356
-3.420780
-3.675356
-3.420780
-3.675356
-3.420780
-3.675356
-3.420780
-3.675356
-3.420780
-3.675356
-3.420780
-3.675356
-3.420780
-3.675356
-3.420780
-3.675356
-3.420780
-3.675356
-3.420780
-3.675356
-3.420780
-3.675356
-3.420780
-3.675356
-3.420780
-3.675356
-3.420780
-3.675356
-3.420780
-3.675356
-3.420780
-3.675356
-3.420780
-3.675356
-3.420780
-3.675356
-3.420780
-3.675356
-3.420780
-3.675356
-3.420780
-3.675356
-3.420780
-3.675356
-3.420780
-3.675356
-3.420780
-3.675356
-3.420780
-3.675356
-3.420780
-3.675356
-3.420780
-3.675356
-3.420780
-3.675356
-3.420780
-3.675356
-3.420780
-3.675356
-3.420780
-3.675356
-3.420780
-3.675356
-3.420780
-3.675356
-3.420780
-3.675356
-3.420780
-3.675356
-3.420780
-3.675356
-3.420780
-3.675356
-3.420780
-3.675356
-3.420780
-3.675356
-3.420780
-3.675356
-3.420780
-3.675356
-3.420780
-3.675356
-3.420780
-3.675356
-3.420780
-3.675356
-3.420780
-3.675356
-3.420780
-3.675356
-3.420780
-3.675356
-3.420780
-3.675356
-3.420780
-3.675356
-3.420780
-3.675356
-3.420780
-3.675356
-3.420780
-3.675356
-3.420780
-3.675356
-3.420780
-3.675356
-3.420780
-3.675356
-3.420780
-3.675356
-3.420780
-3.675356
-3.420780
-3.675356
-3.420780
-3.675356
-3.420780
-3.675356
-3.420780
-3.675356
-3.420780
-3.675356
-3.420780
-3.675356
-3.420780
-3.675356
-3.420780
-3.675356
-3.420780
-3.675356
-3.420780
-3.675356
-3.420780
-3.675356
-3.420780
-3.675356
-3.420780
-3.675356
-3.420780
-3.675356
-3.420780
-3.675356
-3.420780
-3.675356
-3.420780
-3.675356
-3.420780
-3.675356
-3.420780
-3.675356
-3.420780
-3.675356
-3.420780
-3.675356
-3.420780
-3.675356
-3.420780
-3.675356
-3.420780
-3.675356
-3.420780
-3.675356
-3.420780
-3.675356
-3.420780
-3.675356
-3.420780
-3.675356
-3.420780
-3.675356
-3.420780
-3.675356
-3.420780
-3.675356
-3.420780
-3.675356
-3.420780
-3.675356
-3.420780
-3.675356
-3.420780
-3.675356
-3.420780
-3.675356
-3.420780
-3.675356
-3.420780
-3.675356
-3.420780
-3.675356
-3.420780
-3.675356
-3.420780
-3.675356
-3.420780
-3.675356
-3.420780
-3.675356
-3.420780
-3.675356
-3.420780
-3.675356
-3.420780
-3.675356
-3.420780
-3.675356
-3.420780
-3.675356
-3.420780
-3.675356
-3.420780
-3.675356
-3.420780
-3.675356
-3.420780
-3.675356
-3.420780
-3.675356
-3.420780
-3.675356
-3.420780
-3.675356
-3.420780
-3.675356
-3.420780
-3.675356
-3.420780
-3.675356
-3.420780
-3.675356
-3.420780
-3.675356
-3.420780
-3.675356
-3.420780
-3.675356
-3.420780
-3.675356
-3.420780
-3.675356
-3.420780
-3.675356
-3.420780
-3.675356
-3.420780
-3.675356
-3.420780
-3.675356
-3.420780
-3.675356
-3.420780
-3.675356
-3.420780
-3.675356
-3.420780
-3.675356
-3.420780
-3.675356
-3.420780
-3.675356
-3.420780
-3.675356
-3.420780
-3.675356
-3.420780
-3.675356
-3.420780
-3.675356
-3.420780
-3.675356
-3.420780
-3.675356
-3.420780
-3.675356
-3.420780
-3.675356
-3.420780
-3.675356
-3.420780
-3.675356
-3.420780
-3.675356
-3.420780
-3.675356
-3.420780
-3.675356
-3.420780
-3.675356
-3.420780
-3.675356
-3.420780
-3.675356
-3.420780
-3.675356
-3.420780
-3.675356
-3.420780
-3.675356
-3.420780
-3.675356
-3.420780
-3.675356
-3.420780
-3.675356
-3.420780
-3.675356
-3.420780
-3.675356
-3.420780
-3.675356
-3.420780
-3.675356
-3.420780
-3.675356
-3.420780
-3.675356
-3.420780
-3.675356
-3.420780
-3.675356
-3.420780
-3.675356
-3.420780
-3.675356
-3.420780
-3.675356
-3.420780
-3.675356
-3.420780
-3.675356
-3.420780
-3.675356
-3.420780
-3.675356
-3.420780
-3.675356
-3.420780
-3.675356
-3.420780
-3.675356
-3.420780
-3.675356
-3.420780
-3.675356
-3.420780
-3.675356
-3.420780
-3.675356
-3.420780
-3.675356
-3.420780
-3.675356
-3.420780
-3.675356
-3.420780
-3.675356
-3.420780
-3.675356
-3.420780
-3.675356
-3.420780
-3.675356
-3.420780
-3.675356
-3.420780
-3.675356
-3.420780
-3.675356
-3.420780
-3.675356
-3.420780
-3.675356
-3.420780
-3.675356
-3.420780
-3.675356
-3.420780
-3.675356
-3.420780
-3.675356
-3.420780
-3.675356
-3.420780
-3.675356
-3.420780
-3.675356
-3.420780
-3.675356
-3.420780
-3.675356
-3.420780
-3.675356
-3.420780
-3.675356
-3.420780
-3.675356
-3.420780
-3.675356
-3.420780
-3.675356
-3.420780
-3.675356
-3.420780
-3.675356
-3.420780
-3.675356
-3.420780
-3.675356
-3.420780
-3.675356
-3.420780
-3.675356
-3.420780
-3.675356
-3.420780
-3.675356
-3.420780
-3.675356
-3.420780
-3.675356
-3.420780
-3.675356
-3.420780
-3.675356
-3.420780
-3.675356
-3.420780
-3.675356
-3.420780
-3.675356
-3.420780
-3.675356
-3.420780
-3.675356
-3.420780
-3.675356
-3.420780
-3.675356
-3.420780
-3.675356
-3.420780
-3.675356
-3.420780
-3.675356
-3.420780
-3.675356
-3.420780
-3.675356
-3.420780
-3.675356
-3.420780
-3.675356
-3.420780
-3.675356
-3.420780
-3.675356
-3.420780
-3.675356
-3.420780
-3.675356
-3.420780
-3.675356
-3.420780
-3.675356
-3.420780
-3.675356
-3.420780
-3.675356
-3.420780
-3.675356
-3.420780
-3.675356
-3.420780
-3.675356
-3.420780
-3.675356
-3.420780
-3.675356
-3.420780
-3.675356
-3.420780
-3.675356
-3.420780
-3.675356
-3.420780
-3.675356
-3.420780
-3.675356
-3.420780
-3.675356
-3.420780
-3.675356
-3.420780
-3.675356
-3.420780
-3.675356
-3.420780
-3.675356
-3.420780
-3.675356
-3.420780
-3.675356
-3.420780
-3.675356
-3.420780
-3.675356
-3.420780
-3.675356
-3.420780
-3.675356
-3.420780
-3.675356
-3.420780
-3.675356
-3.420780
-3.675356
-3.420780
-3.675356
-3.420780
-3.675356
-3.420780
-3.675356
-3.420780
-3.675356
-3.420780
-3.675356
-3.420780
-3.675356
-3.420780
-3.675356
-3.420780
-3.675356
-3.420780
-3.675356
-3.420780
-3.675356
-3.420780
-3.675356
-3.420780
-3.675356
-3.420780
-3.675356
-3.420780
-3.675356
-3.420780
-3.675356
-3.420780
-3.675356
-3.420780
-3.675356
-3.420780
-3.675356
-3.420780
-3.675356
-3.420780
-3.675356
-3.420780
-3.675356
-3.420780
-3.675356
-3.420780
-3.675356
-3.420780
-3.675356
-3.420780
-3.675356
-3.420780
-3.675356
-3.420780
-3.675356
-3.420780
-3.675356
-3.420780
-3.675356
-3.420780
-3.675356
-3.420780
-3.675356
-3.420780
-3.675356
-3.420780
-3.675356
-3.420780
-3.675356
-3.420780
-3.675356
-3.420780
-3.675356
-3.420780
-3.675356
-3.420780
-3.675356
-3.420780
-3.675356
-3.420780
-3.675356
-3.420780
-3.675356
-3.420780
-3.675356
-3.420780
-3.675356
-3.420780
-3.675356
-3.420780
-3.675356
-3.420780
-3.675356
-3.420780
-3.675356
-3.420780
-3.675356
-3.420780
-3.675356
-3.420780
-3.675356
-3.420780
-3.675356
-3.420780
-3.675356
-3.420780
-3.675356
-3.420780
-3.675356
-3.420780
-3.675356
-3.420780
-3.675356
-3.420780
-3.675356
-3.420780
-3.675356
-3.420780
-3.675356
-3.420780
-3.675356
-3.420780
-3.675356
-3.420780
-3.675356
-3.420780
-3.675356
-3.420780
-3.675356
-3.420780
-3.675356
-3.420780
-3.675356
-3.420780
-3.675356
-3.420780
-3.675356
-3.420780
-3.675356
-3.420780
-3.675356
-3.420780
-3.675356
-3.420780
-3.675356
-3.420780
-3.675356
-3.420780
-3.675356
-3.420780
-3.675356
-3.420780
-3.675356
-3.420780
-3.675356
-3.420780
-3.675356
-3.420780
-3.675356
-3.420780
-3.675356
-3.420780
-3.675356
-3.420780
-3.675356
-3.420780
-3.675356
-3.420780
-3.675356
-3.420780
-3.675356
-3.420780
-3.675356
-3.420780
-3.675356
-3.420780
-3.675356
-3.420780
-3.675356
-3.420780
-3.675356
-3.420780
-3.675356
-3.420780
-3.675356
-3.420780
-3.675356
-3.420780
-3.675356
-3.420780
-3.675356
-3.420780
-3.675356
-3.420780
-3.675356
-3.420780
-3.675356
-3.420780
-3.675356
-3.420780
-3.675356
-3.420780
-3.675356
-3.420780
-3.675356
-3.420780
-3.675356
-3.420780
-3.675356
-3.420780
-3.675356
-3.420780
-3.675356
-3.420780
-3.675356
-3.420780
-3.675356
-3.420780
-3.675356
-3.420780
-3.675356
-3.420780
-3.675356
-3.420780
-3.675356
-3.420780
-3.675356
-3.420780
-3.675356
-3.420780
-3.675356
-3.420780
-3.675356
-3.420780
-3.675356
-3.420780
-3.675356
-3.420780
-3.675356
-3.420780
-3.675356
-3.420780
-3.675356
-3.420780
-3.675356
-3.420780
-3.675356
-3.420780
-3.675356
-3.420780
-3.675356
-3.420780
-3.675356
-3.420780
-3.675356
-3.420780
-3.675356
-3.420780
-3.675356
-3.420780
-3.675356
-3.420780
-3.675356
-3.420780
-3.675356
-3.420780
-3.675356
-3.420780
-3.675356
-3.420780
-3.675356
-3.420780
-3.675356
-3.420780
-3.675356
-3.420780
-3.675356
-3.420780
-3.675356
-3.420780
-3.675356
-3.420780
-3.675356
-3.420780
-3.675356
-3.420780
-3.675356
-3.420780
-3.675356
-3.420780
-3.675356
-3.420780
-3.675356
-3.420780
-3.675356
-3.420780
-3.675356
-3.420780
-3.675356
-3.420780
-3.675356
-3.420780
-3.675356
-3.420780
-3.675356
-3.420780
-3.675356
-3.420780
-3.675356
-3.420780
-3.675356
-3.420780
-3.675356
-3.420780
-3.675356
-3.420780
-3.675356
-3.420780
-3.675356
-3.420780
-3.675356
-3.420780
-3.675356
-3.420780
-3.675356
-3.420780
-3.675356
-3.420780
-3.675356
-3.420780
-3.675356
-3.420780
-3.675356
-3.420780
-3.675356
-3.420780
-3.675356
-3.420780
-3.675356
-3.420780
-3.675356
-3.420780
-3.675356
-3.420780
-3.675356
-3.420780
-3.675356
-3.420780
-3.675356
-3.420780
-3.675356
-3.420780
-3.675356
-3.420780
-3.675356
-3.420780
-3.675356
-3.420780
-3.675356
-3.420780
-3.675356
-3.420780
-3.675356
-3.420780
-3.675356
-3.420780
-3.675356
-3.420780
-3.675356
-3.420780
-3.675356
-3.420780
-3.675356
-3.420780
-3.675356
-3.420780
-3.675356
-3.420780
-3.675356
-3.420780
-3.675356
-3.420780
-3.675356
-3.420780
-3.675356
-3.420780
-3.675356
-3.420780
-3.675356
-3.420780
-3.675356
-3.420780
-3.675356
-3.420780
-3.675356
-3.420780
-3.675356
-3.420780
-3.675356
-3.420780
-3.675356
-3.420780
-3.675356
-3.420780
-3.675356
-3.420780
-3.675356
-3.420780
-3.675356
-3.420780
-3.675356
-3.420780
-3.675356
-3.420780
-3.675356
-3.420780
-3.675356
-3.420780
-3.675356
-3.420780
-3.675356
-3.420780
-3.675356
-3.420780
-3.675356
-3.420780
-3.675356
-3.420780
-3.675356
-3.420780
-3.675356
-3.420780
-3.675356
-3.420780
-3.675356
-3.420780
-3.675356
-3.420780
-3.675356
-3.420780
-3.675356
-3.420780
-3.675356
-3.420780
-3.675356
-3.420780
-3.675356
-3.420780
-3.675356
-3.420780
-3.675356
-3.420780
-3.675356
-3.420780
-3.675356
-3.420780
-3.675356
-3.420780
-3.675356
-3.420780
-3.675356
-3.420780
-3.675356
-3.420780
-3.675356
-3.420780
-3.675356
-3.420780
-3.675356
-3.420780
-3.675356
-3.420780
-3.675356
-3.420780
-3.675356
-3.420780
-3.675356
-3.420780
-3.675356
-3.420780
-3.675356
-3.420780
-3.675356
-3.420780
-3.675356
-3.420780
-3.675356
-3.420780
-3.675356
-3.420780
-3.675356
-3.420780
-3.675356
-3.420780
-3.675356
-3.420780
-3.675356
-3.420780
-3.675356
-3.420780
-3.675356
-3.420780
-3.675356
-3.420780
-3.675356
-3.420780
-3.675356
-3.420780
-3.675356
-3.420780
-3.675356
-3.420780
-3.675356
-3.420780
-3.675356
-3.420780
-3.675356
-3.420780
-3.675356
-3.420780
-3.675356
-3.420780
-3.675356
-3.420780
-3.675356
-3.420780
-3.675356
-3.420780
-3.675356
-3.420780
-3.675356
-3.420780
-3.675356
-3.420780
-3.675356
-3.420780
-3.675356
-3.420780
-3.675356
-3.420780
-3.675356
-3.420780
-3.675356
-3.420780
-3.675356
-3.420780
-3.675356
-3.420780
-3.675356
-3.420780
-3.675356
-3.420780
-3.675356
-3.420780
-3.675356
-3.420780
-3.675356
-3.420780
-3.675356
-3.420780
-3.675356
-3.420780
-3.675356
-3.420780
-3.675356
-3.420780
-3.675356
-3.420780
-3.675356
-3.420780
-3.675356
-3.420780
-3.675356
-3.420780
-3.675356
-3.420780
-3.675356
-3.420780
-3.675356
-3.420780
-3.675356
-3.420780
-3.675356
-3.420780
-3.675356
-3.420780
-3.675356
-3.420780
-3.675356
-3.420780
-3.675356
-3.420780
-3.675356
-3.420780
-3.675356
-3.420780
-3.675356
-3.420780
-3.675356
-3.420780
-3.675356
-3.420780
-3.675356
-3.420780
-3.675356
-3.420780
-3.675356
-3.420780
-3.675356
-3.420780
-3.675356
-3.420780
-3.675356
-3.420780
-3.675356
-3.420780
-3.675356
-3.420780
-3.675356
-3.420780
-3.675356
-3.420780
-3.675356
-3.420780
-3.675356
-3.420780
-3.675356
-3.420780
-3.675356
-3.420780
-3.675356
-3.420780
-3.675356
-3.420780
-3.675356
-3.420780
-3.675356
-3.420780
-3.675356
-3.420780
-3.675356
-3.420780
-3.675356
-3.420780
-3.675356
-3.420780
-3.675356
-3.420780
-3.675356
-3.420780
-3.675356
-3.420780
-3.675356
-3.420780
-3.675356
-3.420780
-3.675356
-3.420780
-3.675356
-3.420780
-3.675356
-3.420780
-3.675356
-3.420780
-3.675356
-3.420780
-3.675356
-3.420780
-3.675356
-3.420780
-3.675356
-3.420780
-3.675356
-3.420780
-3.675356
-3.420780
-3.675356
-3.420780
-3.675356
-3.420780
-3.675356
-3.420780
-3.675356
-3.420780
-3.675356
-3.420780
-3.675356
-3.420780
-3.675356
-3.420780
-3.675356
-3.420780
-3.675356
-3.420780
-3.675356
-3.420780
-3.675356
-3.420780
-3.675356
-3.420780
-3.675356
-3.420780
-3.675356
-3.420780
-3.675356
-3.420780
-3.675356
-3.420780
-3.675356
-3.420780
-3.675356
-3.420780
-3.675356
-3.420780
-3.675356
-3.420780
-3.675356
-3.420780
-3.675356
-3.420780
-3.675356
-3.420780
-3.675356
-3.420780
-3.675356
-3.420780
-3.675356
-3.420780
-3.675356
-3.420780
-3.675356
-3.420780
-3.675356
-3.420780
-3.675356
-3.420780
-3.675356
-3.420780
-3.675356
-3.420780
-3.675356
-3.420780
-3.675356
-3.420780
-3.675356
-3.420780
-3.675356
-3.420780
-3.675356
-3.420780
-3.675356
-3.420780
-3.675356
-3.420780
-3.675356
-3.420780
-3.675356
-3.420780
-3.675356
-3.420780
-3.675356
-3.420780
-3.675356
-3.420780
-3.675356
-3.420780
-3.675356
-3.420780
-3.675356
-3.420780
-3.675356
-3.420780
-3.675356
-3.420780
-3.675356
-3.420780
-3.675356
-3.420780
-3.675356
-3.420780
-3.675356
-3.420780
-3.675356
-3.420780
-3.675356
-3.420780
-3.675356
-3.420780
-3.675356
-3.420780
-3.675356
-3.420780
-3.675356
-3.420780
-3.675356
-3.420780
-3.675356
-3.420780
-3.675356
-3.420780
-3.675356
-3.420780
-3.675356
-3.420780
-3.675356
-3.420780
-3.675356
-3.420780
-3.675356
-3.420780
-3.675356
-3.420780
-3.675356
-3.420780
-3.675356
-3.420780
-3.675356
-3.420780
-3.675356
-3.420780
-3.675356
-3.420780
-3.675356
-3.420780
-3.675356
-3.420780
-3.675356
-3.420780
-3.675356
-3.420780
-3.675356
-3.420780
-3.675356
-3.420780
-3.675356
-3.420780
-3.675356
-3.420780
-3.675356
-3.420780
-3.675356
-3.420780
-3.675356
-3.420780
-3.675356
-3.420780
-3.675356
-3.420780
-3.675356
-3.420780
-3.675356
-3.420780
-3.675356
-3.420780
-3.675356
-3.420780
-3.675356
-3.420780
-3.675356
-3.420780
-3.675356
-3.420780
-3.675356
-3.420780
-3.675356
-3.420780
-3.675356
-3.420780
-3.675356
-3.420780
-3.675356
-3.420780
-3.675356
-3.420780
-3.675356
-3.420780
-3.675356
-3.420780
-3.675356
-3.420780
-3.675356
-3.420780
-3.675356
-3.420780
-3.675356
-3.420780
-3.675356
-3.420780
-3.675356
-3.420780
-3.675356
-3.420780
-3.675356
-3.420780
-3.675356
-3.420780
-3.675356
-3.420780
-3.675356
-3.420780
-3.675356
-3.420780
-3.675356
-3.420780
-3.675356
-3.420780
-3.675356
-3.420780
-3.675356
-3.420780
-3.675356
-3.420780
-3.675356
-3.420780
-3.675356
-3.420780
-3.675356
-3.420780
-3.675356
-3.420780
-3.675356
-3.420780
-3.675356
-3.420780
-3.675356
-3.420780
-3.675356
-3.420780
-3.675356
-3.420780
-3.675356
-3.420780
-3.675356
-3.420780
-3.675356
-3.420780
-3.675356
-3.420780
-3.675356
-3.420780
-3.675356
-3.420780
-3.675356
-3.420780
-3.675356
-3.420780
-3.675356
-3.420780
-3.675356
-3.420780
-3.675356
-3.420780
-3.675356
-3.420780
-3.675356
-3.420780
-3.675356
-3.420780
-3.675356
-3.420780
-3.675356
-3.420780
-3.675356
-3.420780
-3.675356
-3.420780
-3.675356
-3.420780
-3.675356
-3.420780
-3.675356
-3.420780
-3.675356
-3.420780
-3.675356
-3.420780
-3.675356
-3.420780
-3.675356
-3.420780
-3.675356
-3.420780
-3.675356
-3.420780
-3.675356
-3.420780
-3.675356
-3.420780
-3.675356
-3.420780
-3.675356
-3.420780
-3.675356
-3.420780
-3.675356
-3.420780
-3.675356
-3.420780
-3.675356
-3.420780
-3.675356
-3.420780
-3.675356
-3.420780
-3.675356
-3.420780
-3.675356
-3.420780
-3.675356
-3.420780
-3.675356
-3.420780
-3.675356
-3.420780
-3.675356
-3.420780
-3.675356
-3.420780
-3.675356
-3.420780
-3.675356
-3.420780
-3.675356
-3.420780
-3.675356
-3.420780
-3.675356
-3.420780
-3.675356
-3.420780
-3.675356
-3.420780
-3.675356
-3.420780
-3.675356
-3.420780
-3.675356
-3.420780
-3.675356
-3.420780
-3.675356
-3.420780
-3.675356
-3.420780
-3.675356
-3.420780
-3.675356
-3.420780
-3.675356
-3.420780
-3.675356
-3.420780
-3.675356
-3.420780
-3.675356
-3.420780
-3.675356
-3.420780
-3.675356
-3.420780
-3.675356
-3.420780
-3.675356
-3.420780
-3.675356
-3.420780
-3.675356
-3.420780
-3.675356
-3.420780
-3.675356
-3.420780
-3.675356
-3.420780
-3.675356
-3.420780
-3.675356
-3.420780
-3.675356
-3.420780
-3.675356
-3.420780
-3.675356
-3.420780
-3.675356
-3.420780
-3.675356
-3.420780
-3.675356
-3.420780
-3.675356
-3.420780
-3.675356
-3.420780
-3.675356
-3.420780
-3.675356
-3.420780
-3.675356
-3.420780
-3.675356
-3.420780
-3.675356
-3.420780
-3.675356
-3.420780
-3.675356
-3.420780
-3.675356
-3.420780
-3.675356
-3.420780
-3.675356
-3.420780
-3.675356
-3.420780
-3.675356
-3.420780
-3.675356
-3.420780
-3.675356
-3.420780
-3.675356
-3.420780
-3.675356
-3.420780
-3.675356
-3.420780
-3.675356
-3.420780
-3.675356
-3.420780
-3.675356
-3.420780
-3.675356
-3.420780
-3.675356
-3.420780
-3.675356
-3.420780
-3.675356
-3.420780
-3.675356
-3.420780
-3.675356
-3.420780
-3.675356
-3.420780
-3.675356
-3.420780
-3.675356
-3.420780
-3.675356
-3.420780
-3.675356
-3.420780
-3.675356
-3.420780
-3.675356
-3.420780
-3.675356
-3.420780
-3.675356
-3.420780
-3.675356
-3.420780
-3.675356
-3.420780
-3.675356
-3.420780
-3.675356
-3.420780
-3.675356
-3.420780
-3.675356
-3.420780
-3.675356
-3.420780
-3.675356
-3.420780
-3.675356
-3.420780
-3.675356
-3.420780
-3.675356
-3.420780
-3.675356
-3.420780
-3.675356
-3.420780
-3.675356
-3.420780
-3.675356
-3.420780
-3.675356
-3.420780
-3.675356
-3.420780
-3.675356
-3.420780
-3.675356
-3.420780
-3.675356
-3.420780
-3.675356
-3.420780
-3.675356
-3.420780
-3.675356
-3.420780
-3.675356
-3.420780
-3.675356
-3.420780
-3.675356
-3.420780
-3.675356
-3.420780
-3.675356
-3.420780
-3.675356
-3.420780
-3.675356
-3.420780
-3.675356
-3.420780
-3.675356
-3.420780
-3.675356
-3.420780
-3.675356
-3.420780
-3.675356
-3.420780
-3.675356
-3.420780
-3.675356
-3.420780
-3.675356
-3.420780
-3.675356
-3.420780
-3.675356
-3.420780
-3.675356
-3.420780
-3.675356
-3.420780
-3.675356
-3.420780
-3.675356
-3.420780
-3.675356
-3.420780
-3.675356
-3.420780
-3.675356
-3.420780
-3.675356
-3.420780
-3.675356
-3.420780
-3.675356
-3.420780
-3.675356
-3.420780
-3.675356
-3.420780
-3.675356
-3.420780
-3.675356
-3.420780
-3.675356
-3.420780
-3.675356
-3.420780
-3.675356
-3.420780
-3.675356
-3.420780
-3.675356
-3.420780
-3.675356
-3.420780
-3.675356
-3.420780
-3.675356
-3.420780
-3.675356
-3.420780
-3.675356
-3.420780
-3.675356
-3.420780
-3.675356
-3.420780
-3.675356
-3.420780
-3.675356
-3.420780
-3.675356
-3.420780
-3.675356
-3.420780
-3.675356
-3.420780
-3.675356
-3.420780
-3.675356
-3.420780
-3.675356
-3.420780
-3.675356
-3.420780
-3.675356
-3.420780
-3.675356
-3.420780
-3.675356
-3.420780
-3.675356
-3.420780
-3.675356
-3.420780
-3.675356
-3.420780
-3.675356
-3.420780
-3.675356
-3.420780
-3.675356
-3.420780
-3.675356
-3.420780
-3.675356
-3.420780
-3.675356
-3.420780
-3.675356
-3.420780
-3.675356
-3.420780
-3.675356
-3.420780
-3.675356
-3.420780
-3.675356
-3.420780
-3.675356
-3.420780
-3.675356
-3.420780
-3.675356
-3.420780
-3.675356
-3.420780
-3.675356
-3.420780
-3.675356
-3.420780
-3.675356
-3.420780
-3.675356
-3.420780
-3.675356
-3.420780
-3.675356
-3.420780
-3.675356
-3.420780
-3.675356
-3.420780
-3.675356
-3.420780
-3.675356
-3.420780
-3.675356
-3.420780
-3.675356
-3.420780
-3.675356
-3.420780
-3.675356
-3.420780
-3.675356
-3.420780
-3.675356
-3.420780
-3.675356
-3.420780
-3.675356
-3.420780
-3.675356
-3.420780
-3.675356
-3.420780
-3.675356
-3.420780
-3.675356
-3.420780
-3.675356
-3.420780
-3.675356
-3.420780
-3.675356
-3.420780
-3.675356
-3.420780
-3.675356
-3.420780
-3.675356
-3.420780
-3.675356
-3.420780
-3.675356
-3.420780
-3.675356
-3.420780
-3.675356
-3.420780
-3.675356
-3.420780
-3.675356
-3.420780
-3.675356
-3.420780
-3.675356
-3.420780
-3.675356
-3.420780
-3.675356
-3.420780
-3.675356
-3.420780
-3.675356
-3.420780
-3.675356
-3.420780
-3.675356
-3.420780
-3.675356
-3.420780
-3.675356
-3.420780
-3.675356
-3.420780
-3.675356
-3.420780
-3.675356
-3.420780
-3.675356
-3.420780
-3.675356
-3.420780
-3.675356
-3.420780
-3.675356
-3.420780
-3.675356
-3.420780
-3.675356
-3.420780
-3.675356
-3.420780
-3.675356
-3.420780
-3.675356
-3.420780
-3.675356
-3.420780
-3.675356
-3.420780
-3.675356
-3.420780
-3.675356
-3.420780
-3.675356
-3.420780
-3.675356
-3.420780
-3.675356
-3.420780
-3.675356
-3.420780
-3.675356
-3.420780
-3.675356
-3.420780
-3.675356
-3.420780
-3.675356
-3.420780
-3.675356
-3.420780
-3.675356
-3.420780
-3.675356
-3.420780
-3.675356
-3.420780
-3.675356
-3.420780
-3.675356
-3.420780
-3.675356
-3.420780
-3.675356
-3.420780
-3.675356
-3.420780
-3.675356
-3.420780
-3.675356
-3.420780
-3.675356
-3.420780
-3.675356
-3.420780
-3.675356
-3.420780
-3.675356
-3.420780
-3.675356
-3.420780
-3.675356
-3.420780
-3.675356
-3.420780
-3.675356
-3.420780
-3.675356
-3.420780
-3.675356
-3.420780
-3.675356
-3.420780
-3.675356
-3.420780
-3.675356
-3.420780
-3.675356
-3.420780
-3.675356
-3.420780
-3.675356
-3.420780
-3.675356
-3.420780
-3.675356
-3.420780
-3.675356
-3.420780
-3.675356
-3.420780
-3.675356
-3.420780
-3.675356
-3.420780
-3.675356
-3.420780
-3.675356
-3.420780
-3.675356
-3.420780
-3.675356
-3.420780
-3.675356
-3.420780
-3.675356
-3.420780
-3.675356
-3.420780
-3.675356
-3.420780
-3.675356
-3.420780
-3.675356
-3.420780
-3.675356
-3.420780
-3.675356
-3.420780
-3.675356
-3.420780
-3.675356
-3.420780
-3.675356
-3.420780
-3.675356
-3.420780
-3.675356
-3.420780
-3.675356
-3.420780
-3.675356
-3.420780
-3.675356
-3.420780
-3.675356
-3.420780
-3.675356
-3.420780
-3.675356
-3.420780
-3.675356
-3.420780
-3.675356
-3.420780
-3.675356
-3.420780
-3.675356
-3.420780
-3.675356
-3.420780
-3.675356
-3.420780
-3.675356
-3.420780
-3.675356
-3.420780
-3.675356
-3.420780
-3.675356
-3.420780
-3.675356
-3.420780
-3.675356
-3.420780
-3.675356
-3.420780
-3.675356
-3.420780
-3.675356
-3.420780
-3.675356
-3.420780
-3.675356
-3.420780
-3.675356
-3.420780
-3.675356
-3.420780
-3.675356
-3.420780
-3.675356
-3.420780
-3.675356
-3.420780
-3.675356
-3.420780
-3.675356
-3.420780
-3.675356
-3.420780
-3.675356
-3.420780
-3.675356
-3.420780
-3.675356
-3.420780
-3.675356
-3.420780
-3.675356
-3.420780
-3.675356
-3.420780
-3.675356
-3.420780
-3.675356
-3.420780
-3.675356
-3.420780
-3.675356
-3.420780
-3.675356
-3.420780
-3.675356
-3.420780
-3.675356
-3.420780
-3.675356
-3.420780
-3.675356
-3.420780
-3.675356
-3.420780
-3.675356
-3.420780
-3.675356
-3.420780
-3.675356
-3.420780
-3.675356
-3.420780
-3.675356
-3.420780
-3.675356
-3.420780
-3.675356
-3.420780
-3.675356
-3.420780
-3.675356
-3.420780
-3.675356
-3.420780
-3.675356
-3.420780
-3.675356
-3.420780
-3.675356
-3.420780
-3.675356
-3.420780
-3.675356
-3.420780
-3.675356
-3.420780
-3.675356
-3.420780
-3.675356
-3.420780
-3.675356
-3.420780
-3.675356
-3.420780
-3.675356
-3.420780
-3.675356
-3.420780
-3.675356
-3.420780
-3.675356
-3.420780
-3.675356
-3.420780
-3.675356
-3.420780
-3.675356
-3.420780
-3.675356
-3.420780
-3.675356
-3.420780
-3.675356
-3.420780
-3.675356
-3.420780
-3.675356
-3.420780
-3.675356
-3.420780
-3.675356
-3.420780
-3.675356
-3.420780
-3.675356
-3.420780
-3.675356
-3.420780
-3.675356
-3.420780
-3.675356
-3.420780
-3.675356
-3.420780
-3.675356
-3.420780
-3.675356
-3.420780
-3.675356
-3.420780
-3.675356
-3.420780
-3.675356
-3.420780
-3.675356
-3.420780
-3.675356
-3.420780
-3.675356
-3.420780
-3.675356
-3.420780
-3.675356
-3.420780
-3.675356
-3.420780
-3.675356
-3.420780
-3.675356
-3.420780
-3.675356
-3.420780
-3.675356
-3.420780
-3.675356
-3.420780
-3.675356
-3.420780
-3.675356
-3.420780
-3.675356
-3.420780
-3.675356
-3.420780
-3.675356
-3.420780
-3.675356
-3.420780
-3.675356
-3.420780
-3.675356
-3.420780
-3.675356
-3.420780
-3.675356
-3.420780
-3.675356
-3.420780
-3.675356
-3.420780
-3.675356
-3.420780
-3.675356
-3.420780
-3.675356
-3.420780
-3.675356
-3.420780
-3.675356
-3.420780
-3.675356
-3.420780
-3.675356
-3.420780
-3.675356
-3.420780
-3.675356
-3.420780
-3.675356
-3.420780
-3.675356
-3.420780
-3.675356
-3.420780
-3.675356
-3.420780
-3.675356
-3.420780
-3.675356
-3.420780
-3.675356
-3.420780
-3.675356
-3.420780
-3.675356
-3.420780
-3.675356
-3.420780
-3.675356
-3.420780
-3.675356
-3.420780
-3.675356
-3.420780
-3.675356
-3.420780
-3.675356
-3.420780
-3.675356
-3.420780
-3.675356
-3.420780
-3.675356
-3.420780
-3.675356
-3.420780
-3.675356
-3.420780
-3.675356
-3.420780
-3.675356
-3.420780
-3.675356
-3.420780
-3.675356
-3.420780
-3.675356
-3.420780
-3.675356
-3.420780
-3.675356
-3.420780
-3.675356
-3.420780
-3.675356
-3.420780
-3.675356
-3.420780
-3.675356
-3.420780
-3.675356
-3.420780
-3.675356
-3.420780
-3.675356
-3.420780
-3.675356
-3.420780
-3.675356
-3.420780
-3.675356
-3.420780
-3.675356
-3.420780
-3.675356
-3.420780
-3.675356
-3.420780
-3.675356
-3.420780
-3.675356
-3.420780
-3.675356
-3.420780
-3.675356
-3.420780
-3.675356
-3.420780
-3.675356
-3.420780
-3.675356
-3.420780
-3.675356
-3.420780
-3.675356
-3.420780
-3.675356
-3.420780
-3.675356
-3.420780
-3.675356
-3.420780
-3.675356
-3.420780
-3.675356
-3.420780
-3.675356
-3.420780
-3.675356
-3.420780
-3.675356
-3.420780
-3.675356
-3.420780
-3.675356
-3.420780
-3.675356
-3.420780
-3.675356
-3.420780
-3.675356
-3.420780
-3.675356
-3.420780
-3.675356
-3.420780
-3.675356
-3.420780
-3.675356
-3.420780
-3.675356
-3.420780
-3.675356
-3.420780
-3.675356
-3.420780
-3.675356
-3.420780
-3.675356
-3.420780
-3.675356
-3.420780
-3.675356
-3.420780
-3.675356
-3.420780
-3.675356
-3.420780
-3.675356
-3.420780
-3.675356
-3.420780
-3.675356
-3.420780
-3.675356
-3.420780
-3.675356
-3.420780
-3.675356
-3.420780
-3.675356
-3.420780
-3.675356
-3.420780
-3.675356
-3.420780
-3.675356
-3.420780
-3.675356
-3.420780
-3.675356
-3.420780
-3.675356
-3.420780
-3.675356
-3.420780
-3.675356
-3.420780
-3.675356
-3.420780
-3.675356
-3.420780
-3.675356
-3.420780
-3.675356
-3.420780
-3.675356
-3.420780
-3.675356
-3.420780
-3.675356
-3.420780
-3.675356
-3.420780
-3.675356
-3.420780
-3.675356
-3.420780
-3.675356
-3.420780
-3.675356
-3.420780
-3.675356
-3.420780
-3.675356
-3.420780
-3.675356
-3.420780
-3.675356
-3.420780
-3.675356
-3.420780
-3.675356
-3.420780
-3.675356
-3.420780
-3.675356
-3.420780
-3.675356
-3.420780
-3.675356
-3.420780
-3.675356
-3.420780
-3.675356
-3.420780
-3.675356
-3.420780
-3.675356
-3.420780
-3.675356
-3.420780
-3.675356
-3.420780
-3.675356
-3.420780
-3.675356
-3.420780
-3.675356
-3.420780
-3.675356
-3.420780
-3.675356
-3.420780
-3.675356
-3.420780
-3.675356
-3.420780
-3.675356
-3.420780
-3.675356
-3.420780
-3.675356
-3.420780
-3.675356
-3.420780
-3.675356
-3.420780
-3.675356
-3.420780
-3.675356
-3.420780
-3.675356
-3.420780
-3.675356
-3.420780
-3.675356
-3.420780
-3.675356
-3.420780
-3.675356
-3.420780
-3.675356
-3.420780
-3.675356
-3.420780
-3.675356
-3.420780
-3.675356
-3.420780
-3.675356
-3.420780
-3.675356
-3.420780
-3.675356
-3.420780
-3.675356
-3.420780
-3.675356
-3.420780
-3.675356
-3.420780
-3.675356
-3.420780
-3.675356
-3.420780
-3.675356
-3.420780
-3.675356
-3.420780
-3.675356
-3.420780
-3.675356
-3.420780
-3.675356
-3.420780
-3.675356
-3.420780
-3.675356
-3.420780
-3.675356
-3.420780
-3.675356
-3.420780
-3.675356
-3.420780
-3.675356
-3.420780
-3.675356
-3.420780
-3.675356
-3.420780
-3.675356
-3.420780
-3.675356
-3.420780
-3.675356
-3.420780
-3.675356
-3.420780
-3.675356
-3.420780
-3.675356
-3.420780
-3.675356
-3.420780
-3.675356
-3.420780
-3.675356
-3.420780
-3.675356
-3.420780
-3.675356
-3.420780
-3.675356
-3.420780
-3.675356
-3.420780
-3.675356
-3.420780
-3.675356
-3.420780
-3.675356
-3.420780
-3.675356
-3.420780
-3.675356
-3.420780
-3.675356
-3.420780
-3.675356
-3.420780
-3.675356
-3.420780
-3.675356
-3.420780
-3.675356
-3.420780
-3.675356
-3.420780
-3.675356
-3.420780
-3.675356
-3.420780
-3.675356
-3.420780
-3.675356
-3.420780
-3.675356
-3.420780
-3.675356
-3.420780
-3.675356
-3.420780
-3.675356
-3.420780
-3.675356
-3.420780
-3.675356
-3.420780
-3.675356
-3.420780
-3.675356
-3.420780
-3.675356
-3.420780
-3.675356
-3.420780
-3.675356
-3.420780
-3.675356
-3.420780
-3.675356
-3.420780
-3.675356
-3.420780
-3.675356
-3.420780
-3.675356
-3.420780
-3.675356
-3.420780
-3.675356
-3.420780
-3.675356
-3.420780
-3.675356
-3.420780
-3.675356
-3.420780
-3.675356
-3.420780
-3.675356
-3.420780
-3.675356
-3.420780
-3.675356
-3.420780
-3.675356
-3.420780
-3.675356
-3.420780
-3.675356
-3.420780
-3.675356
-3.420780
-3.675356
-3.420780
-3.675356
-3.420780
-3.675356
-3.420780
-3.675356
-3.420780
-3.675356
-3.420780
-3.675356
-3.420780
-3.675356
-3.420780
-3.675356
-3.420780
-3.675356
-3.420780
-3.675356
-3.420780
-3.675356
-3.420780
-3.675356
-3.420780
-3.675356
-3.420780
-3.675356
-3.420780
-3.675356
-3.420780
-3.675356
-3.420780
-3.675356
-3.420780
-3.675356
-3.420780
-3.675356
-3.420780
-3.675356
-3.420780
-3.675356
-3.420780
-3.675356
-3.420780
-3.675356
-3.420780
-3.675356
-3.420780
-3.675356
-3.420780
-3.675356
-3.420780
-3.675356
-3.420780
-3.675356
-3.420780
-3.675356
-3.420780
-3.675356
-3.420780
-3.675356
-3.420780
-3.675356
-3.420780
-3.675356
-3.420780
-3.675356
-3.420780
-3.675356
-3.420780
-3.675356
-3.420780
-3.675356
-3.420780
-3.675356
-3.420780
-3.675356
-3.420780
-3.675356
-3.420780
-3.675356
-3.420780
-3.675356
-3.420780
-3.675356
-3.420780
-3.675356
-3.420780
-3.675356
-3.420780
-3.675356
-3.420780
-3.675356
-3.420780
-3.675356
-3.420780
-3.675356
-3.420780
-3.675356
-3.420780
-3.675356
-3.420780
-3.675356
-3.420780
-3.675356
-3.420780
-3.675356
-3.420780
-3.675356
-3.420780
-3.675356
-3.420780
-3.675356
-3.420780
-3.675356
-3.420780
-3.675356
-3.420780
-3.675356
-3.420780
-3.675356
-3.420780
-3.675356
-3.420780
-3.675356
-3.420780
-3.675356
-3.420780
-3.675356
-3.420780
-3.675356
-3.420780
-3.675356
-3.420780
-3.675356
-3.420780
-3.675356
-3.420780
-3.675356
-3.420780
-3.675356
-3.420780
-3.675356
-3.420780
-3.675356
-3.420780
-3.675356
-3.420780
-3.675356
-3.420780
-3.675356
-3.420780
-3.675356
-3.420780
-3.675356
-3.420780
-3.675356
-3.420780
-3.675356
-3.420780
-3.675356
-3.420780
-3.675356
-3.420780
-3.675356
-3.420780
-3.675356
-3.420780
-3.675356
-3.420780
-3.675356
-3.420780
-3.675356
-3.420780
-3.675356
-3.420780
-3.675356
-3.420780
-3.675356
-3.420780
-3.675356
-3.420780
-3.675356
-3.420780
-3.675356
-3.420780
-3.675356
-3.420780
-3.675356
-3.420780
-3.675356
-3.420780
-3.675356
-3.420780
-3.675356
-3.420780
-3.675356
-3.420780
-3.675356
-3.420780
-3.675356
-3.420780
-3.675356
-3.420780
-3.675356
-3.420780
-3.675356
-3.420780
-3.675356
-3.420780
-3.675356
-3.420780
-3.675356
-3.420780
-3.675356
-3.420780
-3.675356
-3.420780
-3.675356
-3.420780
-3.675356
-3.420780
-3.675356
-3.420780
-3.675356
-3.420780
-3.675356
-3.420780
-3.675356
-3.420780
-3.675356
-3.420780
-3.675356
-3.420780
-3.675356
-3.420780
-3.675356
-3.420780
-3.675356
-3.420780
-3.675356
-3.420780
-3.675356
-3.420780
-3.675356
-3.420780
-3.675356
-3.420780
-3.675356
-3.420780
-3.675356
-3.420780
-3.675356
-3.420780
-3.675356
-3.420780
-3.675356
-3.420780
-3.675356
-3.420780
-3.675356
-3.420780
-3.675356
-3.420780
-3.675356
-3.420780
-3.675356
-3.420780
-3.675356
-3.420780
-3.675356
-3.420780
-3.675356
-3.420780
-3.675356
-3.420780
-3.675356
-3.420780
-3.675356
-3.420780
-3.675356
-3.420780
-3.675356
-3.420780
-3.675356
-3.420780
-3.675356
-3.420780
-3.675356
-3.420780
-3.675356
-3.420780
-3.675356
-3.420780
-3.675356
-3.420780
-3.675356
-3.420780
-3.675356
-3.420780
-3.675356
-3.420780
-3.675356
-3.420780
-3.675356
-3.420780
-3.675356
-3.420780
-3.675356
-3.420780
-3.675356
-3.420780
-3.675356
-3.420780
-3.675356
-3.420780
-3.675356
-3.420780
-3.675356
-3.420780
-3.675356
-3.420780
-3.675356
-3.420780
-3.675356
-3.420780
-3.675356
-3.420780
-3.675356
-3.420780
-3.675356
-3.420780
-3.675356
-3.420780
-3.675356
-3.420780
-3.675356
-3.420780
-3.675356
-3.420780
-3.675356
-3.420780
-3.675356
-3.420780
-3.675356
-3.420780
-3.675356
-3.420780
-3.675356
-3.420780
-3.675356
-3.420780
-3.675356
-3.420780
-3.675356
-3.420780
-3.675356
-3.420780
-3.675356
-3.420780
-3.675356
-3.420780
-3.675356
-3.420780
-3.675356
-3.420780
-3.675356
-3.420780
-3.675356
-3.420780
-3.675356
-3.420780
-3.675356
-3.420780
-3.675356
-3.420780
-3.675356
-3.420780
-3.675356
-3.420780
-3.675356
-3.420780
-3.675356
-3.420780
-3.675356
-3.420780
-3.675356
-3.420780
-3.675356
-3.420780
-3.675356
-3.420780
-3.675356
-3.420780
-3.675356
-3.420780
-3.675356
-3.420780
-3.675356
-3.420780
-3.675356
-3.420780
-3.675356
-3.420780
-3.675356
-3.420780
-3.675356
-3.420780
-3.675356
-3.420780
-3.675356
-3.420780
-3.675356
-3.420780
-3.675356
-3.420780
-3.675356
-3.420780
-3.675356
-3.420780
-3.675356
-3.420780
-3.675356
-3.420780
-3.675356
-3.420780
-3.675356
-3.420780
-3.675356
-3.420780
-3.675356
-3.420780
-3.675356
-3.420780
-3.675356
-3.420780
-3.675356
-3.420780
-3.675356
-3.420780
-3.675356
-3.420780
-3.675356
-3.420780
-3.675356
-3.420780
-3.675356
-3.420780
-3.675356
-3.420780
-3.675356
-3.420780
-3.675356
-3.420780
-3.675356
-3.420780
-3.675356
-3.420780
-3.675356
-3.420780
-3.675356
-3.420780
-3.675356
-3.420780
-3.675356
-3.420780
-3.675356
-3.420780
-3.675356
-3.420780
-3.675356
-3.420780
-3.675356
-3.420780
-3.675356
-3.420780
-3.675356
-3.420780
-3.675356
-3.420780
-3.675356
-3.420780
-3.675356
-3.420780
-3.675356
-3.420780
-3.675356
-3.420780
-3.675356
-3.420780
-3.675356
-3.420780
-3.675356
-3.420780
-3.675356
-3.420780
-3.675356
-3.420780
-3.675356
-3.420780
-3.675356
-3.420780
-3.675356
-3.420780
-3.675356
-3.420780
-3.675356
-3.420780
-3.675356
-3.420780
-3.675356
-3.420780
-3.675356
-3.420780
-3.675356
-3.420780
-3.675356
-3.420780
-3.675356
-3.420780
-3.675356
-3.420780
-3.675356
-3.420780
-3.675356
-3.420780
-3.675356
-3.420780
-3.675356
-3.420780
-3.675356
-3.420780
-3.675356
-3.420780
-3.675356
-3.420780
-3.675356
-3.420780
-3.675356
-3.420780
-3.675356
-3.420780
-3.675356
-3.420780
-3.675356
-3.420780
-3.675356
-3.420780
-3.675356
-3.420780
-3.675356
-3.420780
-3.675356
-3.420780
-3.675356
-3.420780
-3.675356
-3.420780
-3.675356
-3.420780
-3.675356
-3.420780
-3.675356
-3.420780
-3.675356
-3.420780
-3.675356
-3.420780
-3.675356
-3.420780
-3.675356
-3.420780
-3.675356
-3.420780
-3.675356
-3.420780
-3.675356
-3.420780
-3.675356
-3.420780
-3.675356
-3.420780
-3.675356
-3.420780
-3.675356
-3.420780
-3.675356
-3.420780
-3.675356
-3.420780
-3.675356
-3.420780
-3.675356
-3.420780
-3.675356
-3.420780
-3.675356
-3.420780
-3.675356
-3.420780
-3.675356
-3.420780
-3.675356
-3.420780
-3.675356
-3.420780
-3.675356
-3.420780
-3.675356
-3.420780
-3.675356
-3.420780
-3.675356
-3.420780
-3.675356
-3.420780
-3.675356
-3.420780
-3.675356
-3.420780
-3.675356
-3.420780
-3.675356
-3.420780
-3.675356
-3.420780
-3.675356
-3.420780
-3.675356
-3.420780
-3.675356
-3.420780
-3.675356
-3.420780
-3.675356
-3.420780
-3.675356
-3.420780
-3.675356
-3.420780
-3.675356
-3.420780
-3.675356
-3.420780
-3.675356
-3.420780
-3.675356
-3.420780
-3.675356
-3.420780
-3.675356
-3.420780
-3.675356
-3.420780
-3.675356
-3.420780
-3.675356
-3.420780
-3.675356
-3.420780
-3.675356
-3.420780
-3.675356
-3.420780
-3.675356
-3.420780
-3.675356
-3.420780
-3.675356
-3.420780
-3.675356
-3.420780
-3.675356
-3.420780
-3.675356
-3.420780
-3.675356
-3.420780
-3.675356
-3.420780
-3.675356
-3.420780
-3.675356
-3.420780
-3.675356
-3.420780
-3.675356
-3.420780
-3.675356
-3.420780
-3.675356
-3.420780
-3.675356
-3.420780
-3.675356
-3.420780
-3.675356
-3.420780
-3.675356
-3.420780
-3.675356
-3.420780
-3.675356
-3.420780
-3.675356
-3.420780
-3.675356
-3.420780
-3.675356
-3.420780
-3.675356
-3.420780
-3.675356
-3.420780
-3.675356
-3.420780
-3.675356
-3.420780
-3.675356
-3.420780
-3.675356
-3.420780
-3.675356
-3.420780
-3.675356
-3.420780
-3.675356
-3.420780
-3.675356
-3.420780
-3.675356
-3.420780
-3.675356
-3.420780
-3.675356
-3.420780
-3.675356
-3.420780
-3.675356
-3.420780
-3.675356
-3.420780
-3.675356
-3.420780
-3.675356
-3.420780
-3.675356
-3.420780
-3.675356
-3.420780
-3.675356
-3.420780
-3.675356
-3.420780
-3.675356
-3.420780
-3.675356
-3.420780
-3.675356
-3.420780
-3.675356
-3.420780
-3.675356
-3.420780
-3.675356
-3.420780
-3.675356
-3.420780
-3.675356
-3.420780
-3.675356
-3.420780
-3.675356
-3.420780
-3.675356
-3.420780
-3.675356
-3.420780
-3.675356
-3.420780
-3.675356
-3.420780
-3.675356
-3.420780
-3.675356
-3.420780
-3.675356
-3.420780
-3.675356
