0.115443
0.069062
0.065865
0.068282
0.061621
0.050166
0.043068
0.039619
0.032812
0.022195
0.011306
0.004209
0.007657
0.014226
0.021161
0.027885
0.033907
0.039014
0.043200
0.046520
0.049027
0.050759
0.051742
0.051991
0.051510
0.050301
0.048362
0.045697
0.042313
0.038226
0.033467
0.028087
0.022166
0.015807
0.009140
0.002309
0.004529
0.011215
0.017606
0.023570
0.028997
0.033801
0.037921
0.041314
0.043958
0.045841
0.046960
0.047317
0.046920
0.045775
0.043898
0.041308
0.038036
0.034127
0.029643
0.024662
0.019281
0.013615
0.007788
0.001931
0.003827
0.009363
0.014568
0.019350
0.023638
0.027380
0.030541
0.033105
0.035065
0.036422
0.037185
0.037362
0.036965
0.036005
0.034495
0.032451
0.029896
0.026858
0.023377
0.019505
0.015304
0.010851
0.006229
0.001531
0.003147
0.007710
0.012070
0.016145
0.019864
0.023169
0.026013
0.028361
0.030189
0.031483
0.032234
0.032442
0.032110
0.031249
0.029875
0.028010
0.025685
0.022938
0.019819
0.016385
0.012702
0.008846
0.004895
0.000930
0.002968
0.006723
0.010266
0.013537
0.016483
0.019066
0.021256
0.023032
0.024381
0.025298
0.025783
0.025839
0.025474
0.024701
0.023535
0.021995
0.020105
0.017897
0.015406
0.012674
0.009751
0.006689
0.003546
0.000382
0.002744
0.005771
0.008646
0.011318
0.013743
0.015884
0.017711
0.019200
0.020333
0.021101
0.021499
0.021525
0.021185
0.020488
0.019450
0.018090
0.016433
0.014511
0.012360
0.010020
0.007537
0.004959
0.002339
0.000275
0.002828
0.005277
0.007577
0.009690
0.011582
0.013228
0.014604
0.015698
0.016498
0.016999
0.017202
0.017109
0.016729
0.016072
0.015154
0.013991
0.012607
0.011028
0.009281
0.007400
0.005420
0.003377
0.001309
0.000746
0.002748
0.004664
0.006460
0.008107
0.009579
0.010855
0.011916
0.012749
0.013345
0.013700
0.013811
0.013680
0.013314
0.012723
0.011918
0.010917
0.009739
0.008406
0.006946
0.005386
0.003757
0.002090
0.000416
0.001231
0.002822
0.004327
0.005722
0.006984
0.008092
0.009032
0.009790
0.010359
0.010733
0.010911
0.010895
0.010689
0.010301
0.009741
0.009023
0.008160
0.007172
0.006078
0.004899
0.003657
0.002376
0.001080
0.000207
0.001462
0.002663
0.003790
0.004825
0.005752
0.006556
0.007227
0.007756
0.008138
0.008368
0.008447
0.008375
0.008157
0.007798
0.007308
0.006698
0.005978
0.005166
0.004275
0.003325
0.002333
0.001318
0.000301
0.000701
0.001667
0.002581
0.003428
0.004193
0.004864
0.005431
0.005886
0.006225
0.006444
0.006542
0.006521
0.006384
0.006137
0.005786
0.005340
0.004810
0.004208
0.003545
0.002835
0.002092
0.001330
0.000564
0.000193
0.000926
0.001624
0.002274
0.002868
0.003395
0.003848
0.004222
0.004510
0.004712
0.004824
0.004848
0.004785
0.004637
0.004410
0.004108
0.003739
0.003311
0.002832
0.002312
0.001762
0.001193
0.000614
0.000039
0.000524
0.001062
0.001568
0.002031
0.002445
0.002804
0.003101
0.003334
0.003499
0.003595
0.003624
0.003586
0.003484
0.003321
0.003103
0.002836
0.002525
0.002177
0.001801
0.001403
0.000992
0.000576
0.000162
0.000243
0.000630
0.000994
0.001329
0.001629
0.001892
0.002112
0.002288
0.002418
0.002500
0.002535
0.002523
0.002466
0.002365
0.002225
0.002047
0.001838
0.001600
0.001340
0.001062
0.000772
0.000477
0.000181
0.000110
0.000389
0.000653
0.000896
0.001116
0.001307
0.001468
0.001596
0.001690
0.001750
0.001775
0.001767
0.001726
0.001655
0.001556
0.001432
0.001287
0.001123
0.000945
0.000757
0.000562
0.000364
0.000167
0.000026
0.000210
0.000384
0.000543
0.000687
0.000813
0.000920
0.001005
0.001070
0.001112
0.001133
0.001132
0.001110
0.001069
0.001010
0.000935
0.000844
0.000742
0.000629
0.000509
0.000384
0.000256
0.000128
0.000003
0.000117
0.000230
0.000334
0.000428
0.000509
0.000577
0.000632
0.000672
0.000698
0.000710
0.000707
0.000692
0.000664
0.000626
0.000577
0.000520
0.000457
0.000388
0.000315
0.000240
0.000165
0.000089
0.000016
0.000054
0.000120
0.000180
0.000235
0.000283
0.000324
0.000357
0.000383
0.000401
0.000411
0.000413
0.000408
0.000396
0.000377
0.000352
0.000322
0.000286
0.000247
0.000204
0.000159
0.000113
0.000065
0.000018
0.000029
0.000074
0.000117
0.000156
0.000193
0.000225
0.000253
0.000276
0.000293
0.000306
0.000313
0.000315
0.000311
0.000302
0.000287
0.000268
0.000243
0.000215
0.000182
0.000146
0.000108
0.000067
0.000024
0.000019
0.000062
0.000104
0.000146
0.000184
0.000220
0.000253
0.000281
0.000305
0.000323
0.000335
0.000342
0.000342
0.000336
0.000324
0.000306
0.000282
0.000252
0.000217
0.000177
0.000134
0.000087
0.000038
0.000012
0.000063
0.000114
0.000163
0.000210
0.000253
0.000293
0.000327
0.000356
0.000379
0.000395
0.000404
0.000405
0.000399
0.000385
0.000364
0.000336
0.000302
0.000261
0.000215
0.000165
0.000112
0.000056
0.000002
0.000060
0.000117
0.000172
0.000224
0.000273
0.000317
0.000355
0.000387
0.000412
0.000430
0.000440
0.000442
0.000436
0.000422
0.000400
0.000371
0.000335
0.000293
0.000245
0.000192
0.000136
0.000077
0.000016
0.000046
0.000106
0.000165
0.000222
0.000274
0.000321
0.000363
0.000398
0.000426
0.000447
0.000459
0.000462
0.000458
0.000444
0.000423
0.000393
0.000357
0.000314
0.000265
0.000211
0.000154
0.000093
0.000031
0.000032
0.000093
0.000153
0.000210
0.000263
0.000312
0.000354
0.000390
0.000420
0.000441
0.000455
0.000460
0.000458
0.000447
0.000428
0.000401
0.000367
0.000327
0.000281
0.000230
0.000175
0.000117
0.000057
0.000004
0.000064
0.000123
0.000179
0.000233
0.000281
0.000325
0.000362
0.000393
0.000417
0.000432
0.000440
0.000440
0.000432
0.000416
0.000392
0.000362
0.000324
0.000282
0.000234
0.000182
0.000127
0.000070
0.000012
0.000046
0.000102
0.000157
0.000208
0.000256
0.000298
0.000335
0.000366
0.000391
0.000408
0.000418
0.000421
0.000416
0.000405
0.000386
0.000360
0.000328
0.000291
0.000249
0.000202
0.000153
0.000101
0.000048
0.000006
0.000059
0.000111
0.000159
0.000205
0.000247
0.000284
0.000315
0.000341
0.000360
0.000372
0.000378
0.000377
0.000369
0.000354
0.000333
0.000306
0.000273
0.000236
0.000195
0.000151
0.000104
0.000055
0.000006
0.000043
0.000091
0.000136
0.000179
0.000219
0.000255
0.000286
0.000312
0.000332
0.000347
0.000355
0.000357
0.000353
0.000344
0.000328
0.000307
0.000281
0.000250
0.000215
0.000177
0.000136
0.000094
0.000050
0.000006
0.000038
0.000080
0.000120
0.000158
0.000192
0.000222
0.000248
0.000269
0.000285
0.000296
0.000301
0.000301
0.000295
0.000284
0.000268
0.000247
0.000221
0.000192
0.000160
0.000124
0.000087
0.000049
0.000009
0.000030
0.000068
0.000105
0.000140
0.000172
0.000201
0.000227
0.000248
0.000265
0.000278
0.000286
0.000289
0.000287
0.000281
0.000270
0.000254
0.000235
0.000212
0.000186
0.000157
0.000125
0.000092
0.000058
0.000024
0.000010
0.000044
0.000076
0.000105
0.000132
0.000157
0.000178
0.000196
0.000210
0.000220
0.000226
0.000227
0.000224
0.000217
0.000207
0.000192
0.000174
0.000153
0.000129
0.000103
0.000075
0.000046
0.000016
0.000015
0.000044
0.000073
0.000100
0.000125
0.000148
0.000169
0.000187
0.000202
0.000213
0.000221
0.000226
0.000226
0.000223
0.000217
0.000207
0.000194
0.000178
0.000160
0.000139
0.000116
0.000092
0.000067
0.000042
0.000016
0.000010
0.000035
0.000058
0.000079
0.000098
0.000116
0.000131
0.000143
0.000152
0.000158
0.000162
0.000162
0.000158
0.000152
0.000143
0.000132
0.000117
0.000101
0.000083
0.000063
0.000042
0.000020
0.000002
0.000024
0.000045
0.000066
0.000085
0.000103
0.000120
0.000135
0.000147
0.000157
0.000165
0.000170
0.000173
0.000173
0.000170
0.000165
0.000157
0.000147
0.000135
0.000122
0.000106
0.000090
0.000072
0.000053
0.000035
0.000016
0.000003
0.000021
0.000036
0.000052
0.000066
0.000078
0.000088
0.000096
0.000103
0.000107
0.000109
0.000108
0.000106
0.000101
0.000094
0.000086
0.000075
0.000064
0.000050
0.000036
0.000021
0.000005
0.000010
0.000027
0.000042
0.000055
0.000069
0.000082
0.000093
0.000103
0.000112
0.000119
0.000125
0.000128
0.000130
0.000129
0.000127
0.000124
0.000118
0.000111
0.000102
0.000093
0.000082
0.000070
0.000057
0.000044
0.000031
0.000018
0.000005
0.000007
0.000020
0.000029
0.000039
0.000047
0.000054
0.000060
0.000064
0.000067
0.000068
0.000067
0.000066
0.000062
0.000057
0.000051
0.000044
0.000036
0.000027
0.000017
0.000007
0.000004
0.000017
0.000025
0.000035
0.000045
0.000054
0.000063
0.000070
0.000077
0.000083
0.000088
0.000091
0.000094
0.000095
0.000095
0.000093
0.000091
0.000087
0.000082
0.000076
0.000069
0.000062
0.000054
0.000046
0.000037
0.000028
0.000019
0.000010
0.000002
0.000012
0.000013
0.000019
0.000025
0.000029
0.000033
0.000036
0.000037
0.000038
0.000037
0.000036
0.000034
0.000031
0.000026
0.000022
0.000016
0.000010
0.000004
0.000003
0.000013
0.000016
0.000024
0.000030
0.000036
0.000042
0.000047
0.000052
0.000056
0.000060
0.000063
0.000065
0.000066
0.000067
0.000067
0.000066
0.000064
0.000062
0.000059
0.000055
0.000051
0.000046
0.000041
0.000035
0.000030
0.000024
0.000018
0.000013
0.000007
0.000002
0.000011
0.000007
0.000010
0.000013
0.000015
0.000016
0.000017
0.000017
0.000017
0.000016
0.000014
0.000012
0.000009
0.000006
0.000003
0.000002
0.000005
0.000012
0.000012
0.000018
0.000020
0.000024
0.000028
0.000031
0.000034
0.000037
0.000039
0.000041
0.000043
0.000044
0.000045
0.000045
0.000045
0.000045
0.000043
0.000042
0.000040
0.000038
0.000035
0.000032
0.000029
0.000026
0.000023
0.000019
0.000016
0.000013
0.000009
0.000006
0.000004
0.000001
0.000010
0.000003
0.000004
0.000009
0.000004
0.000006
0.000007
0.000003
0.000004
0.000007
0.000003
0.000007
0.000006
0.000007
0.000010
0.000011
0.000013
0.000015
0.000017
0.000020
0.000022
0.000023
0.000024
0.000026
0.000028
0.000029
0.000029
0.000030
0.000030
0.000030
0.000030
0.000029
0.000029
0.000028
0.000026
0.000025
0.000024
0.000022
0.000020
0.000018
0.000016
0.000014
0.000012
0.000011
0.000009
0.000007
0.000006
0.000004
0.000003
0.000002
0.000009
0.000002
0.000005
0.000006
0.000002
0.000004
0.000004
0.000005
0.000005
0.000006
0.000006
0.000008
0.000009
0.000011
0.000011
0.000013
0.000014
0.000015
0.000018
0.000018
0.000018
0.000020
0.000020
0.000020
0.000021
0.000021
0.000021
0.000021
0.000020
0.000020
0.000019
0.000019
0.000018
0.000017
0.000016
0.000015
0.000013
0.000012
0.000011
0.000010
0.000008
0.000007
0.000006
0.000005
0.000004
0.000004
0.000003
0.000002
0.000002
0.000002
0.000002
0.000009
0.000003
0.000006
0.000004
0.000005
0.000006
0.000005
0.000007
0.000007
0.000008
0.000009
0.000010
0.000011
0.000011
0.000013
0.000013
0.000013
0.000014
0.000014
0.000014
0.000014
0.000014
0.000014
0.000014
0.000013
0.000013
0.000013
0.000012
0.000012
0.000011
0.000010
0.000009
0.000009
0.000008
0.000007
0.000006
0.000006
0.000005
0.000004
0.000004
0.000003
0.000003
0.000002
0.000002
0.000002
0.000002
0.000002
0.000002
0.000002
0.000002
0.000003
0.000003
0.000003
0.000004
0.000004
0.000005
0.000005
0.000006
0.000006
0.000007
0.000007
0.000008
0.000008
0.000009
0.000009
0.000009
0.000009
0.000009
0.000009
0.000009
0.000009
0.000009
0.000009
0.000008
0.000008
0.000008
0.000007
0.000007
0.000006
0.000006
0.000005
0.000005
0.000004
0.000004
0.000003
0.000003
0.000002
0.000002
0.000002
0.000001
0.000001
0.000001
0.000001
0.000001
0.000001
0.000001
0.000001
0.000002
0.000002
0.000002
0.000002
0.000003
0.000003
0.000003
0.000004
0.000004
0.000004
0.000005
0.000005
0.000005
0.000006
0.000006
0.000006
0.000006
0.000006
0.000006
0.000006
0.000006
0.000006
0.000005
0.000005
0.000005
0.000005
0.000004
0.000004
0.000004
0.000003
0.000003
0.000003
0.000002
0.000002
0.000002
0.000001
0.000001
0.000001
0.000001
0.000001
0.000001
0.000001
0.000001
0.000001
0.000001
0.000001
0.000001
0.000001
0.000001
0.000001
0.000002
0.000002
0.000002
0.000002
0.000002
0.000003
0.000003
0.000003
0.000003
0.000003
0.000003
0.000004
0.000004
0.000004
0.000004
0.000004
0.000004
0.000004
0.000003
0.000003
0.000003
0.000003
0.000003
0.000003
0.000002
0.000002
0.000002
0.000002
0.000002
0.000001
0.000001
0.000001
0.000001
0.000001
0.000001
0.000001
0.000000
0.000000
0.000000
0.000000
0.000000
0.000000
0.000001
0.000001
0.000001
0.000001
0.000001
0.000001
0.000001
0.000001
0.000001
0.000002
0.000002
0.000002
0.000002
0.000002
0.000002
0.000002
0.000002
0.000002
0.000002
0.000002
0.000002
0.000002
0.000002
0.000002
0.000002
0.000002
0.000002
0.000002
0.000002
0.000001
0.000001
0.000001
0.000001
0.000001
0.000001
0.000001
0.000001
0.000001
0.000000
0.000000
0.000000
0.000000
0.000000
0.000000
0.000000
0.000000
0.000000
0.000000
0.000001
0.000001
0.000001
0.000001
0.000001
0.000001
0.000001
0.000001
0.000001
0.000001
0.000001
0.000001
0.000001
0.000001
0.000001
0.000001
0.000001
0.000001
0.000001
0.000001
0.000001
0.000001
0.000001
0.000001
0.000001
0.000001
0.000001
0.000001
0.000001
0.000001
0.000001
0.000001
0.000001
0.000001
0.000000
0.000000
0.000000
0.000000
0.000000
0.000000
0.000000
0.000000
0.000000
0.000000
0.000000
0.000000
0.000000
0.000000
0.000000
0.000000
0.000001
0.000001
0.000001
0.000001
0.000001
0.000001
0.000001
0.000001
0.000001
0.000001
0.000001
0.000001
0.000001
0.000001
0.000001
0.000001
0.000001
0.000001
0.000001
0.000001
0.000001
0.000001
0.000001
0.000001
0.000001
0.000001
0.000000
0.000000
0.000000
0.000000
0.000000
0.000000
0.000000
0.000000
0.000000
0.000000
0.000000
0.000000
0.000000
0.000000
0.000000
0.000000
0.000000
0.000000
0.000000
0.000000
0.000000
0.000000
0.000000
0.000001
0.000001
0.000001
0.000001
0.000001
0.000001
0.000001
0.000001
0.000001
0.000001
0.000001
0.000001
0.000001
0.000001
0.000001
0.000001
0.000001
0.000001
0.000001
0.000001
0.000001
0.000001
0.000001
0.000001
0.000000
0.000000
0.000000
0.000000
0.000000
0.000000
0.000000
0.000000
0.000000
0.000000
0.000000
0.000000
0.000000
0.000000
0.000000
0.000000
0.000000
0.000000
0.000000
0.000001
0.000001
0.000001
0.000001
0.000001
0.000001
0.000001
0.000001
0.000001
0.000001
0.000001
0.000001
0.000001
0.000001
0.000001
0.000001
0.000001
0.000001
0.000001
0.000001
0.000001
0.000001
0.000001
0.000001
0.000001
0.000001
0.000001
0.000000
0.000000
0.000000
0.000000
0.000000
0.000000
0.000000
0.000000
0.000000
0.000000
0.000004
0.000001
0.000002
0.000002
0.000002
0.000002
0.000001
0.000002
0.000001
0.000002
0.000002
0.000001
0.000002
0.000002
0.000002
0.000002
0.000002
0.000002
0.000003
0.000001
0.000002
0.000002
0.000003
0.000002
0.000003
0.000002
0.000003
0.000002
0.000002
0.000003
0.000002
0.000002
0.000003
0.000002
0.000003
0.000002
0.000003
0.000002
0.000003
0.000003
0.000003
0.000003
0.000003
0.000003
0.000003
0.000003
0.000003
0.000003
0.000003
0.000003
0.000003
0.000003
0.000003
0.000003
0.000003
0.000003
0.000003
0.000003
0.000003
0.000003
0.000003
0.000003
0.000003
0.000003
0.000003
0.000003
0.000003
0.000003
0.000003
0.000003
0.000003
0.000003
0.000003
0.000003
0.000003
0.000003
0.000003
0.000003
0.000003
0.000003
0.000004
0.000004
0.000004
0.000004
0.000004
0.000004
0.000004
0.000002
0.000005
0.000004
0.000003
0.000003
0.000004
0.000002
0.000004
0.000003
0.000003
0.000003
0.000003
0.000003
0.000003
0.000003
0.000003
0.000003
0.000003
0.000004
0.000004
0.000004
0.000004
0.000004
0.000004
0.000004
0.000004
0.000004
0.000005
0.000005
0.000005
0.000005
0.000005
0.000005
0.000005
0.000005
0.000005
0.000006
0.000005
0.000006
0.000005
0.000006
0.000005
0.000006
0.000005
0.000006
0.000005
0.000006
0.000005
0.000006
0.000005
0.000005
0.000005
0.000005
0.000005
0.000005
0.000005
0.000006
0.000005
0.000006
0.000005
0.000006
0.000006
0.000006
0.000006
0.000006
0.000006
0.000006
0.000006
0.000007
0.000007
0.000007
0.000007
0.000007
0.000007
0.000008
0.000008
0.000008
0.000008
0.000008
0.000008
0.000009
0.000008
0.000009
0.000009
0.000009
0.000009
0.000009
0.000009
0.000009
0.000009
0.000009
0.000009
0.000009
0.000009
0.000009
0.000009
0.000009
0.000009
0.000009
0.000009
0.000009
0.000009
0.000009
0.000009
0.000010
0.000009
0.000010
0.000009
0.000010
0.000010
0.000010
0.000010
0.000010
0.000010
0.000011
0.000010
0.000011
0.000011
0.000011
0.000011
0.000012
0.000011
0.000012
0.000012
0.000013
0.000012
0.000013
0.000012
0.000013
0.000013
0.000013
0.000013
0.000013
0.000013
0.000014
0.000013
0.000014
0.000013
0.000014
0.000013
0.000014
0.000013
0.000014
0.000013
0.000014
0.000013
0.000014
0.000014
0.000014
0.000014
0.000014
0.000014
0.000015
0.000014
0.000015
0.000014
0.000015
0.000014
0.000015
0.000015
0.000016
0.000015
0.000016
0.000015
0.000016
0.000016
0.000017
0.000016
0.000017
0.000017
0.000017
0.000017
0.000018
0.000017
0.000018
0.000017
0.000018
0.000018
0.000018
0.000018
0.000019
0.000018
0.000019
0.000018
0.000019
0.000018
0.000019
0.000019
0.000019
0.000019
0.000019
0.000019
0.000019
0.000019
0.000020
0.000019
0.000020
0.000019
0.000020
0.000019
0.000020
0.000019
0.000020
0.000020
0.000020
0.000020
0.000021
0.000020
0.000021
0.000021
0.000021
0.000021
0.000022
0.000021
0.000022
0.000022
0.000022
0.000022
0.000023
0.000022
0.000023
0.000022
0.000023
0.000023
0.000023
0.000023
0.000024
0.000023
0.000024
0.000023
0.000024
0.000024
0.000024
0.000024
0.000024
0.000024
0.000024
0.000024
0.000025
0.000024
0.000025
0.000024
0.000025
0.000024
0.000025
0.000024
0.000025
0.000025
0.000025
0.000025
0.000025
0.000025
0.000026
0.000025
0.000026
0.000028
0.000026
0.000025
0.000026
0.000026
0.000028
0.000025
0.000026
0.000027
0.000028
0.000026
0.000027
0.000027
0.000029
0.000026
0.000027
0.000028
0.000029
0.000027
0.000028
0.000029
0.000030
0.000027
0.000028
0.000029
0.000030
0.000028
0.000029
0.000029
0.000030
0.000028
0.000029
0.000030
0.000031
0.000028
0.000029
0.000030
0.000029
0.000028
0.000028
0.000028
0.000028
0.000028
0.000028
0.000028
0.000028
0.000028
0.000028
0.000028
0.000029
0.000029
0.000029
0.000029
0.000029
0.000029
0.000029
0.000029
0.000029
0.000030
0.000030
0.000030
0.000030
0.000030
0.000030
0.000030
0.000031
0.000031
0.000031
0.000031
0.000031
0.000031
0.000031
0.000031
0.000031
0.000031
0.000031
0.000031
0.000031
0.000031
0.000031
0.000031
0.000031
0.000031
0.000031
0.000031
0.000031
0.000031
0.000031
0.000031
0.000031
0.000031
0.000031
0.000031
0.000031
0.000031
0.000031
0.000031
0.000031
0.000031
0.000031
0.000031
0.000031
0.000031
0.000031
0.000031
0.000032
0.000032
0.000032
0.000032
0.000032
0.000032
0.000032
0.000032
0.000032
0.000032
0.000032
0.000032
0.000032
0.000032
0.000032
0.000032
0.000033
0.000032
0.000032
0.000032
0.000032
0.000032
0.000032
0.000032
0.000032
0.000032
0.000032
0.000032
0.000032
0.000032
0.000032
0.000032
0.000032
0.000032
0.000032
0.000032
0.000032
0.000032
0.000032
0.000032
0.000032
0.000032
0.000032
0.000032
0.000032
0.000032
0.000032
0.000032
0.000032
0.000032
0.000032
0.000032
0.000032
0.000032
0.000032
0.000032
0.000032
0.000032
0.000032
0.000032
0.000032
0.000032
0.000032
0.000032
0.000032
0.000032
0.000032
0.000032
0.000032
0.000031
0.000031
0.000031
0.000031
0.000031
0.000031
0.000031
0.000031
0.000031
0.000031
0.000031
0.000031
0.000030
0.000030
0.000030
0.000030
0.000030
0.000030
0.000030
0.000030
0.000030
0.000030
0.000030
0.000030
0.000030
0.000030
0.000030
0.000030
0.000030
0.000030
0.000030
0.000030
0.000030
0.000030
0.000030
0.000030
0.000029
0.000029
0.000029
0.000029
0.000029
0.000029
0.000029
0.000029
0.000029
0.000029
0.000029
0.000029
0.000029
0.000029
0.000028
0.000028
0.000028
0.000028
0.000028
0.000028
0.000028
0.000028
0.000028
0.000027
0.000027
0.000027
0.000027
0.000027
0.000027
0.000027
0.000027
0.000027
0.000027
0.000027
0.000027
0.000026
0.000026
0.000026
0.000026
0.000026
0.000026
0.000026
0.000026
0.000026
0.000026
0.000026
0.000026
0.000026
0.000026
0.000025
0.000025
0.000025
0.000025
0.000025
0.000025
0.000025
0.000025
0.000025
0.000025
0.000024
0.000024
0.000024
0.000024
0.000024
0.000024
0.000024
0.000024
0.000023
0.000023
0.000023
0.000023
0.000023
0.000023
0.000023
0.000023
0.000023
0.000022
0.000022
0.000022
0.000022
0.000022
0.000022
0.000022
0.000022
0.000022
0.000022
0.000021
0.000021
0.000021
0.000021
0.000021
0.000021
0.000021
0.000021
0.000021
0.000021
0.000021
0.000020
0.000020
0.000020
0.000020
0.000020
0.000020
0.000020
0.000020
0.000020
0.000019
0.000019
0.000019
0.000019
0.000019
0.000019
0.000019
0.000019
0.000018
0.000018
0.000018
0.000018
0.000018
0.000018
0.000018
0.000018
0.000017
0.000017
0.000017
0.000017
0.000017
0.000017
0.000017
0.000017
0.000017
0.000017
0.000016
0.000016
0.000016
0.000016
0.000016
0.000016
0.000016
0.000016
0.000016
0.000015
0.000015
0.000015
0.000015
0.000015
0.000015
0.000015
0.000015
0.000015
0.000015
0.000014
0.000014
0.000014
0.000014
0.000014
0.000014
0.000014
0.000014
0.000013
0.000013
0.000013
0.000013
0.000013
0.000013
0.000013
0.000013
0.000013
0.000012
0.000012
0.000012
0.000012
0.000012
0.000012
0.000012
0.000012
0.000012
0.000012
0.000011
0.000011
0.000011
0.000011
0.000011
0.000011
0.000011
0.000011
0.000011
0.000011
0.000010
0.000010
0.000010
0.000010
0.000010
0.000010
0.000010
0.000010
0.000010
0.000010
0.000009
0.000009
0.000009
0.000009
0.000009
0.000009
0.000009
0.000009
0.000009
0.000009
0.000008
0.000008
0.000008
0.000008
0.000008
0.000008
0.000008
0.000008
0.000008
0.000008
0.000008
0.000007
0.000007
0.000007
0.000007
0.000007
0.000007
0.000007
0.000007
0.000007
0.000007
0.000007
0.000007
0.000006
0.000006
0.000006
0.000006
0.000006
0.000006
0.000006
0.000006
0.000006
0.000006
0.000006
0.000006
0.000006
0.000005
0.000005
0.000005
0.000005
0.000005
0.000005
0.000005
0.000005
0.000005
0.000005
0.000005
0.000005
0.000005
0.000005
0.000004
0.000004
0.000004
0.000004
0.000004
0.000004
0.000004
0.000004
0.000004
0.000004
0.000004
0.000004
0.000004
0.000004
0.000004
0.000004
0.000003
0.000003
0.000003
0.000003
0.000003
0.000003
0.000003
0.000003
0.000003
0.000003
0.000003
0.000003
0.000003
0.000003
0.000003
0.000003
0.000003
0.000003
0.000003
0.000002
0.000002
0.000002
0.000002
0.000002
0.000002
0.000002
0.000002
0.000002
0.000002
0.000002
0.000002
0.000002
0.000002
0.000002
0.000002
0.000002
0.000002
0.000002
0.000002
0.000002
0.000002
0.000002
0.000002
0.000002
0.000001
0.000001
0.000001
0.000001
0.000001
0.000001
0.000001
0.000001
0.000001
0.000001
0.000001
0.000001
0.000001
0.000001
0.000001
0.000001
0.000001
0.000001
0.000001
0.000001
0.000001
0.000001
0.000001
0.000001
0.000001
0.000001
0.000001
0.000001
0.000001
0.000001
0.000001
0.000001
0.000001
0.000001
0.000001
0.000001
0.000001
0.000001
0.000001
0.000001
0.000001
0.000001
0.000001
0.000001
0.000001
0.000001
0.000001
0.000001
0.000001
0.000001
0.000001
0.000001
0.000001
0.000001
0.000001
0.000000
0.000000
0.000000
0.000000
0.000000
0.000000
0.000000
0.000000
0.000000
0.000000
0.000002
0.000001
0.000001
0.000001
0.000001
0.000001
0.000001
0.000001
0.000001
0.000001
0.000001
0.000001
0.000001
0.000001
0.000001
0.000001
0.000002
0.000001
0.000001
0.000001
0.000002
0.000001
0.000002
0.000001
0.000002
0.000001
0.000002
0.000001
0.000002
0.000001
0.000002
0.000001
0.000002
0.000001
0.000002
0.000001
0.000002
0.000001
0.000002
0.000001
0.000002
0.000001
0.000002
0.000001
0.000002
0.000001
0.000001
0.000002
0.000001
0.000003
0.000001
0.000001
0.000002
0.000001
0.000003
0.000001
0.000001
0.000003
0.000001
0.000003
0.000001
0.000002
0.000003
0.000001
0.000001
0.000003
0.000001
0.000001
0.000003
0.000001
0.000002
0.000003
0.000001
0.000002
0.000003
0.000002
0.000002
0.000004
0.000002
0.000002
0.000004
0.000002
0.000002
0.000004
0.000002
0.000003
0.000004
0.000003
0.000003
0.000004
0.000003
0.000003
0.000005
0.000003
0.000003
0.000005
0.000003
0.000003
0.000005
0.000003
0.000003
0.000005
0.000003
0.000003
0.000005
0.000003
0.000003
0.000005
0.000003
0.000003
0.000005
0.000003
0.000003
0.000005
0.000003
0.000004
0.000005
0.000004
0.000004
0.000006
0.000004
0.000004
0.000006
0.000004
0.000004
0.000006
0.000005
0.000005
0.000005
0.000007
0.000005
0.000005
0.000005
0.000005
0.000005
0.000005
0.000006
0.000006
0.000006
0.000006
0.000006
0.000006
0.000006
0.000006
0.000006
0.000006
0.000006
0.000006
0.000006
0.000006
0.000006
0.000006
0.000006
0.000006
0.000006
0.000006
0.000007
0.000007
0.000007
0.000007
0.000007
0.000007
0.000007
0.000007
0.000007
0.000007
0.000007
0.000008
0.000008
0.000008
0.000008
0.000008
0.000008
0.000008
0.000008
0.000008
0.000008
0.000009
0.000009
0.000009
0.000009
0.000009
0.000009
0.000009
0.000009
0.000009
0.000009
0.000009
0.000009
0.000009
0.000009
0.000010
0.000010
0.000010
0.000010
0.000010
0.000010
0.000010
0.000010
0.000010
0.000010
0.000010
0.000010
0.000010
0.000010
0.000010
0.000011
0.000011
0.000011
0.000011
0.000011
0.000011
0.000011
0.000011
0.000011
0.000011
0.000012
0.000012
0.000012
0.000012
0.000012
0.000012
0.000012
0.000012
0.000012
0.000012
0.000013
0.000013
0.000013
0.000013
0.000013
0.000013
0.000013
0.000013
0.000013
0.000013
0.000013
0.000013
0.000013
0.000013
0.000013
0.000014
0.000014
0.000014
0.000014
0.000014
0.000014
0.000014
0.000014
0.000014
0.000014
0.000014
0.000014
0.000014
0.000015
0.000015
0.000015
0.000015
0.000015
0.000015
0.000015
0.000015
0.000015
0.000015
0.000015
0.000016
0.000016
0.000016
0.000016
0.000016
0.000016
0.000016
0.000016
0.000016
0.000016
0.000016
0.000016
0.000017
0.000017
0.000017
0.000017
0.000017
0.000017
0.000017
0.000017
0.000017
0.000017
0.000017
0.000017
0.000017
0.000017
0.000017
0.000017
0.000017
0.000018
0.000018
0.000018
0.000018
0.000018
0.000018
0.000018
0.000018
0.000018
0.000018
0.000018
0.000018
0.000018
0.000018
0.000018
0.000019
0.000019
0.000019
0.000019
0.000019
0.000019
0.000019
0.000019
0.000019
0.000019
0.000019
0.000019
0.000019
0.000019
0.000019
0.000020
0.000020
0.000020
0.000020
0.000020
0.000020
0.000020
0.000020
0.000020
0.000020
0.000020
0.000020
0.000020
0.000020
0.000020
0.000020
0.000020
0.000020
0.000020
0.000020
0.000020
0.000020
0.000020
0.000020
0.000021
0.000021
0.000021
0.000021
0.000021
0.000021
0.000021
0.000021
0.000021
0.000021
0.000021
0.000021
0.000021
0.000021
0.000021
0.000021
0.000021
0.000021
0.000021
0.000021
0.000021
0.000021
0.000021
0.000021
0.000021
0.000021
0.000022
0.000022
0.000022
0.000022
0.000022
0.000022
0.000022
0.000022
0.000022
0.000022
0.000022
0.000022
0.000022
0.000022
0.000022
0.000022
0.000022
0.000022
0.000022
0.000022
0.000022
0.000022
0.000022
0.000022
0.000022
0.000022
0.000022
0.000022
0.000022
0.000022
0.000022
0.000022
0.000022
0.000022
0.000022
0.000022
0.000022
0.000022
0.000022
0.000022
0.000022
0.000022
0.000022
0.000022
0.000022
0.000022
0.000022
0.000022
0.000022
0.000022
0.000022
0.000022
0.000022
0.000022
0.000022
0.000022
0.000022
0.000022
0.000022
0.000022
0.000022
0.000022
0.000022
0.000022
0.000022
0.000022
0.000022
0.000022
0.000022
0.000022
0.000022
0.000022
0.000022
0.000022
0.000022
0.000022
0.000022
0.000022
0.000022
0.000021
0.000021
0.000021
0.000021
0.000021
0.000021
0.000021
0.000021
0.000021
0.000021
0.000021
0.000021
0.000021
0.000021
0.000021
0.000021
0.000021
0.000021
0.000021
0.000021
0.000021
0.000021
0.000021
0.000021
0.000021
0.000021
0.000021
0.000021
0.000021
0.000021
0.000020
0.000020
0.000020
0.000020
0.000020
0.000020
0.000020
0.000020
0.000020
0.000020
0.000020
0.000020
0.000020
0.000020
0.000020
0.000020
0.000020
0.000020
0.000020
0.000020
0.000020
0.000020
0.000019
0.000019
0.000019
0.000019
0.000019
0.000019
0.000019
0.000019
0.000019
0.000019
0.000019
0.000019
0.000019
0.000019
0.000019
0.000019
0.000019
0.000019
0.000018
0.000018
0.000018
0.000018
0.000018
0.000018
0.000018
0.000018
0.000018
0.000018
0.000018
0.000018
0.000018
0.000018
0.000018
0.000018
0.000017
0.000017
0.000017
0.000017
0.000017
0.000017
0.000017
0.000017
0.000017
0.000017
0.000017
0.000017
0.000017
0.000017
0.000017
0.000017
0.000016
0.000016
0.000016
0.000016
0.000016
0.000016
0.000016
0.000016
0.000016
0.000016
0.000016
0.000016
0.000016
0.000016
0.000015
0.000015
0.000015
0.000015
0.000015
0.000015
0.000015
0.000015
0.000015
0.000015
0.000015
0.000015
0.000015
0.000014
0.000014
0.000014
0.000014
0.000014
0.000014
0.000014
0.000014
0.000014
0.000014
0.000014
0.000014
0.000014
0.000014
0.000013
0.000013
0.000013
0.000013
0.000013
0.000013
0.000013
0.000013
0.000013
0.000013
0.000013
0.000013
0.000013
0.000013
0.000012
0.000012
0.000012
0.000012
0.000012
0.000012
0.000012
0.000012
0.000012
0.000012
0.000012
0.000012
0.000012
0.000011
0.000011
0.000011
0.000011
0.000011
0.000011
0.000011
0.000011
0.000011
0.000011
0.000011
0.000011
0.000011
0.000010
0.000010
0.000010
0.000010
0.000010
0.000010
0.000010
0.000010
0.000010
0.000010
0.000010
0.000010
0.000010
0.000010
0.000010
0.000009
0.000009
0.000009
0.000009
0.000009
0.000009
0.000009
0.000009
0.000009
0.000009
0.000009
0.000009
0.000009
0.000009
0.000008
0.000008
0.000008
0.000008
0.000008
0.000008
0.000008
0.000008
0.000008
0.000008
0.000008
0.000008
0.000008
0.000008
0.000008
0.000007
0.000007
0.000007
0.000007
0.000007
0.000007
0.000007
0.000007
0.000007
0.000007
0.000007
0.000007
0.000007
0.000007
0.000007
0.000007
0.000007
0.000006
0.000006
0.000006
0.000006
0.000006
0.000006
0.000006
0.000006
0.000006
0.000006
0.000006
0.000006
0.000006
0.000006
0.000006
0.000006
0.000006
0.000006
0.000005
0.000005
0.000005
0.000005
0.000005
0.000005
0.000005
0.000005
0.000005
0.000005
0.000005
0.000005
0.000005
0.000005
0.000005
0.000005
0.000005
0.000005
0.000005
0.000005
0.000004
0.000004
0.000004
0.000004
0.000004
0.000004
0.000004
0.000004
0.000004
0.000004
0.000004
0.000004
0.000004
0.000004
0.000004
0.000004
0.000004
0.000004
0.000004
0.000004
0.000004
0.000004
0.000004
0.000004
0.000004
0.000003
0.000003
0.000003
0.000003
0.000003
0.000003
0.000003
0.000003
0.000003
0.000003
0.000003
0.000003
0.000003
0.000003
0.000003
0.000003
0.000003
0.000003
0.000003
0.000003
0.000003
0.000003
0.000003
0.000003
0.000003
0.000003
0.000003
0.000003
0.000003
0.000003
0.000003
0.000003
0.000002
0.000002
0.000002
0.000002
0.000002
0.000002
0.000002
0.000002
0.000002
0.000002
0.000002
0.000002
0.000002
0.000002
0.000002
0.000002
0.000002
0.000002
0.000002
0.000002
0.000002
0.000002
0.000002
0.000002
0.000002
0.000002
0.000002
0.000002
0.000002
0.000002
0.000002
0.000002
0.000002
0.000002
0.000002
0.000002
0.000002
0.000002
0.000002
0.000002
0.000002
0.000002
0.000002
0.000002
0.000002
0.000002
0.000002
0.000002
0.000002
0.000002
0.000001
0.000001
0.000001
0.000001
0.000001
0.000001
0.000001
0.000001
0.000001
0.000001
0.000001
0.000001
0.000001
0.000001
0.000001
0.000001
0.000001
0.000001
0.000001
0.000001
0.000001
0.000001
0.000001
0.000001
0.000001
0.000001
0.000001
0.000001
0.000001
0.000001
0.000001
0.000001
0.000001
0.000001
0.000001
0.000001
0.000001
0.000001
0.000001
0.000001
0.000001
0.000001
0.000001
0.000001
0.000001
0.000001
0.000001
0.000001
0.000001
0.000001
0.000001
0.000001
0.000001
0.000001
0.000001
0.000001
0.000001
0.000001
0.000001
0.000001
0.000001
0.000001
0.000001
0.000001
0.000001
0.000001
0.000001
0.000001
0.000001
0.000001
0.000001
0.000001
0.000001
0.000001
0.000001
0.000001
0.000001
0.000001
0.000001
0.000001
0.000001
0.000001
0.000001
0.000001
0.000001
0.000001
0.000001
0.000001
0.000001
0.000001
0.000001
0.000001
0.000001
0.000001
0.000001
0.000001
0.000001
0.000001
0.000001
0.000001
0.000001
0.000001
0.000001
0.000001
0.000001
0.000001
0.000001
0.000001
0.000001
0.000001
0.000001
0.000001
0.000001
0.000001
0.000001
0.000001
0.000001
0.000000
0.000000
0.000000
0.000000
0.000000
0.000000
0.000000
0.000000
0.000000
0.000000
0.000000
0.000000
0.000000
0.000000
0.000000
0.000000
0.000000
0.000000
0.000000
0.000000
0.000000
0.000000
0.000000
0.000000
0.000000
0.000000
0.000000
0.000000
0.000000
0.000000
0.000000
0.000000
0.000001
0.000001
0.000001
0.000001
0.000001
0.000001
0.000001
0.000001
0.000001
0.000001
0.000001
0.000001
0.000001
0.000001
0.000001
0.000001
0.000001
0.000001
0.000001
0.000001
0.000001
0.000001
0.000001
0.000001
0.000001
0.000001
0.000001
0.000001
0.000001
0.000001
0.000001
0.000001
0.000001
0.000001
0.000001
0.000001
0.000001
0.000001
0.000001
0.000001
0.000001
0.000001
0.000001
0.000001
0.000001
0.000001
0.000001
0.000001
0.000001
0.000001
0.000001
0.000001
0.000001
0.000001
0.000001
0.000001
0.000001
0.000001
0.000001
0.000001
0.000001
0.000001
0.000001
0.000001
0.000001
0.000001
0.000001
0.000001
0.000001
0.000001
0.000000
0.000000
0.000000
0.000000
0.000000
0.000000
0.000000
0.000000
0.000000
0.000000
0.000000
0.000000
0.000000
0.000000
0.000000
0.000000
0.000000
0.000000
0.000000
0.000000
0.000000
0.000000
0.000000
0.000005
0.000001
0.000002
0.000003
0.000002
0.000003
0.000001
0.000003
0.000002
0.000002
0.000002
0.000002
0.000002
0.000002
0.000004
0.000001
0.000002
0.000003
0.000003
0.000002
0.000003
0.000002
0.000003
0.000003
0.000003
0.000003
0.000003
0.000003
0.000003
0.000003
0.000003
0.000003
0.000003
0.000003
0.000003
0.000003
0.000003
0.000003
0.000003
0.000003
0.000003
0.000003
0.000003
0.000003
0.000003
0.000001
0.000004
0.000004
0.000002
0.000002
0.000003
0.000004
0.000002
0.000004
0.000003
0.000003
0.000004
0.000003
0.000004
0.000003
0.000004
0.000002
0.000004
0.000004
0.000002
0.000003
0.000004
0.000005
0.000003
0.000002
0.000004
0.000004
0.000003
0.000002
0.000004
0.000002
0.000004
0.000003
0.000003
0.000004
0.000003
0.000003
0.000003
0.000003
0.000003
0.000003
0.000004
0.000004
0.000004
0.000004
0.000004
0.000004
0.000004
0.000004
0.000004
0.000005
0.000005
0.000005
0.000005
0.000005
0.000005
0.000005
0.000005
0.000005
0.000005
0.000005
0.000005
0.000006
0.000005
0.000006
0.000005
0.000006
0.000005
0.000006
0.000005
0.000006
0.000005
0.000006
0.000005
0.000006
0.000005
0.000006
0.000005
0.000006
0.000005
0.000006
0.000005
0.000006
0.000006
0.000006
0.000006
0.000006
0.000006
0.000006
0.000006
0.000007
0.000006
0.000007
0.000007
0.000007
0.000007
0.000008
0.000007
0.000008
0.000008
0.000008
0.000008
0.000008
0.000008
0.000009
0.000008
0.000009
0.000009
0.000009
0.000009
0.000009
0.000009
0.000009
0.000009
0.000009
0.000009
0.000009
0.000009
0.000009
0.000009
0.000009
0.000009
0.000009
0.000009
0.000009
0.000009
0.000010
0.000009
0.000010
0.000009
0.000010
0.000009
0.000010
0.000010
0.000010
0.000010
0.000011
0.000010
0.000011
0.000011
0.000011
0.000011
0.000012
0.000011
0.000012
0.000012
0.000012
0.000012
0.000013
0.000012
0.000013
0.000012
0.000013
0.000013
0.000013
0.000013
0.000013
0.000013
0.000014
0.000013
0.000014
0.000013
0.000014
0.000013
0.000014
0.000013
0.000014
0.000014
0.000014
0.000014
0.000014
0.000014
0.000014
0.000014
0.000015
0.000014
0.000015
0.000014
0.000015
0.000014
0.000015
0.000015
0.000015
0.000015
0.000016
0.000015
0.000016
0.000016
0.000016
0.000016
0.000017
0.000016
0.000017
0.000017
0.000017
0.000017
0.000018
0.000017
0.000018
0.000018
0.000018
0.000018
0.000019
0.000018
0.000019
0.000018
0.000019
0.000018
0.000019
0.000018
0.000019
0.000019
0.000019
0.000019
0.000019
0.000019
0.000020
0.000019
0.000020
0.000019
0.000020
0.000019
0.000020
0.000019
0.000020
0.000020
0.000020
0.000020
0.000021
0.000020
0.000021
0.000020
0.000021
0.000021
0.000022
0.000021
0.000022
0.000021
0.000022
0.000022
0.000022
0.000022
0.000023
0.000022
0.000023
0.000023
0.000023
0.000023
0.000024
0.000023
0.000024
0.000023
0.000024
0.000023
0.000024
0.000024
0.000024
0.000024
0.000024
0.000024
0.000024
0.000024
0.000025
0.000024
0.000025
0.000024
0.000025
0.000024
0.000025
0.000025
0.000025
0.000025
0.000025
0.000025
0.000026
0.000025
0.000026
0.000028
0.000026
0.000025
0.000026
0.000026
0.000028
0.000025
0.000026
0.000027
0.000028
0.000026
0.000027
0.000027
0.000028
0.000026
0.000027
0.000028
0.000029
0.000027
0.000028
0.000028
0.000029
0.000027
0.000028
0.000029
0.000030
0.000028
0.000029
0.000029
0.000030
0.000028
0.000029
0.000030
0.000031
0.000028
0.000029
0.000030
0.000029
0.000028
0.000028
0.000028
0.000028
0.000028
0.000028
0.000028
0.000028
0.000028
0.000028
0.000028
0.000028
0.000029
0.000029
0.000029
0.000029
0.000029
0.000029
0.000029
0.000029
0.000029
0.000030
0.000030
0.000030
0.000030
0.000030
0.000030
0.000030
0.000031
0.000031
0.000031
0.000031
0.000031
0.000031
0.000031
0.000031
0.000031
0.000031
0.000031
0.000031
0.000031
0.000031
0.000031
0.000031
0.000031
0.000031
0.000031
0.000031
0.000031
0.000031
0.000031
0.000031
0.000031
0.000031
0.000031
0.000031
0.000031
0.000031
0.000031
0.000031
0.000031
0.000031
0.000031
0.000031
0.000031
0.000031
0.000031
0.000032
0.000032
0.000032
0.000032
0.000032
0.000032
0.000032
0.000032
0.000032
0.000032
0.000032
0.000032
0.000032
0.000032
0.000032
0.000032
0.000032
0.000032
0.000032
0.000032
0.000032
0.000032
0.000032
0.000032
0.000032
0.000032
0.000032
0.000032
0.000032
0.000032
0.000032
0.000032
0.000032
0.000032
0.000032
0.000032
0.000032
0.000032
0.000032
0.000032
0.000032
0.000032
0.000032
0.000032
0.000032
0.000032
0.000032
0.000032
0.000032
0.000032
0.000032
0.000032
0.000032
0.000032
0.000032
0.000032
0.000032
0.000032
0.000032
0.000032
0.000032
0.000032
0.000032
0.000032
0.000032
0.000032
0.000032
0.000032
0.000032
0.000032
0.000031
0.000031
0.000031
0.000031
0.000031
0.000031
0.000031
0.000031
0.000031
0.000031
0.000031
0.000031
0.000030
0.000030
0.000030
0.000030
0.000030
0.000030
0.000030
0.000030
0.000030
0.000030
0.000030
0.000030
0.000030
0.000030
0.000030
0.000030
0.000030
0.000030
0.000030
0.000030
0.000030
0.000030
0.000030
0.000030
0.000029
0.000029
0.000029
0.000029
0.000029
0.000029
0.000029
0.000029
0.000029
0.000029
0.000029
0.000029
0.000029
0.000029
0.000028
0.000028
0.000028
0.000028
0.000028
0.000028
0.000028
0.000028
0.000028
0.000027
0.000027
0.000027
0.000027
0.000027
0.000027
0.000027
0.000027
0.000027
0.000027
0.000027
0.000027
0.000026
0.000026
0.000026
0.000026
0.000026
0.000026
0.000026
0.000026
0.000026
0.000026
0.000026
0.000026
0.000026
0.000026
0.000025
0.000025
0.000025
0.000025
0.000025
0.000025
0.000025
0.000025
0.000025
0.000025
0.000024
0.000024
0.000024
0.000024
0.000024
0.000024
0.000024
0.000024
0.000023
0.000023
0.000023
0.000023
0.000023
0.000023
0.000023
0.000023
0.000023
0.000022
0.000022
0.000022
0.000022
0.000022
0.000022
0.000022
0.000022
0.000022
0.000022
0.000021
0.000021
0.000021
0.000021
0.000021
0.000021
0.000021
0.000021
0.000021
0.000021
0.000021
0.000020
0.000020
0.000020
0.000020
0.000020
0.000020
0.000020
0.000020
0.000020
0.000019
0.000019
0.000019
0.000019
0.000019
0.000019
0.000019
0.000019
0.000018
0.000018
0.000018
0.000018
0.000018
0.000018
0.000018
0.000018
0.000017
0.000017
0.000017
0.000017
0.000017
0.000017
0.000017
0.000017
0.000017
0.000017
0.000016
0.000016
0.000016
0.000016
0.000016
0.000016
0.000016
0.000016
0.000016
0.000015
0.000015
0.000015
0.000015
0.000015
0.000015
0.000015
0.000015
0.000015
0.000015
0.000014
0.000014
0.000014
0.000014
0.000014
0.000014
0.000014
0.000014
0.000013
0.000013
0.000013
0.000013
0.000013
0.000013
0.000013
0.000013
0.000013
0.000012
0.000012
0.000012
0.000012
0.000012
0.000012
0.000012
0.000012
0.000012
0.000012
0.000011
0.000011
0.000011
0.000011
0.000011
0.000011
0.000011
0.000011
0.000011
0.000011
0.000010
0.000010
0.000010
0.000010
0.000010
0.000010
0.000010
0.000010
0.000010
0.000010
0.000009
0.000009
0.000009
0.000009
0.000009
0.000009
0.000009
0.000009
0.000009
0.000009
0.000008
0.000008
0.000008
0.000008
0.000008
0.000008
0.000008
0.000008
0.000008
0.000008
0.000008
0.000007
0.000007
0.000007
0.000007
0.000007
0.000007
0.000007
0.000007
0.000007
0.000007
0.000007
0.000007
0.000006
0.000006
0.000006
0.000006
0.000006
0.000006
0.000006
0.000006
0.000006
0.000006
0.000006
0.000006
0.000006
0.000005
0.000005
0.000005
0.000005
0.000005
0.000005
0.000005
0.000005
0.000005
0.000005
0.000005
0.000005
0.000005
0.000005
0.000004
0.000004
0.000004
0.000004
0.000004
0.000004
0.000004
0.000004
0.000004
0.000004
0.000004
0.000004
0.000004
0.000004
0.000004
0.000004
0.000003
0.000003
0.000003
0.000003
0.000003
0.000003
0.000003
0.000003
0.000003
0.000003
0.000003
0.000003
0.000003
0.000003
0.000003
0.000003
0.000003
0.000003
0.000003
0.000002
0.000002
0.000002
0.000002
0.000002
0.000002
0.000002
0.000002
0.000002
0.000002
0.000002
0.000002
0.000002
0.000002
0.000002
0.000002
0.000002
0.000002
0.000002
0.000002
0.000002
0.000002
0.000002
0.000002
0.000002
0.000001
0.000001
0.000001
0.000001
0.000001
0.000001
0.000001
0.000001
0.000001
0.000001
0.000001
0.000001
0.000001
0.000001
0.000001
0.000001
0.000001
0.000001
0.000001
0.000001
0.000001
0.000001
0.000001
0.000001
0.000001
0.000001
0.000001
0.000001
0.000001
0.000001
0.000001
0.000001
0.000001
0.000001
0.000001
0.000001
0.000001
0.000001
0.000001
0.000001
0.000001
0.000001
0.000001
0.000001
0.000001
0.000001
0.000001
0.000001
0.000001
0.000001
0.000001
0.000001
0.000001
0.000001
0.000001
0.000000
0.000000
0.000000
0.000000
0.000000
0.000000
0.000000
0.000000
0.000000
0.000000
0.000002
0.000001
0.000001
0.000001
0.000001
0.000001
0.000001
0.000001
0.000001
0.000001
0.000001
0.000001
0.000001
0.000001
0.000001
0.000001
0.000002
0.000001
0.000001
0.000001
0.000002
0.000001
0.000002
0.000001
0.000002
0.000001
0.000002
0.000001
0.000002
0.000001
0.000002
0.000001
0.000002
0.000001
0.000002
0.000001
0.000002
0.000001
0.000002
0.000001
0.000002
0.000001
0.000002
0.000001
0.000002
0.000001
0.000001
0.000002
0.000001
0.000003
0.000001
0.000001
0.000002
0.000001
0.000003
0.000001
0.000001
0.000003
0.000001
0.000003
0.000001
0.000002
0.000003
0.000001
0.000001
0.000003
0.000001
0.000001
0.000003
0.000001
0.000002
0.000003
0.000001
0.000002
0.000003
0.000002
0.000002
0.000004
0.000002
0.000002
0.000004
0.000002
0.000002
0.000004
0.000002
0.000003
0.000004
0.000003
0.000003
0.000004
0.000003
0.000003
0.000005
0.000003
0.000003
0.000005
0.000003
0.000003
0.000005
0.000003
0.000003
0.000005
0.000003
0.000003
0.000005
0.000003
0.000003
0.000005
0.000003
0.000003
0.000005
0.000003
0.000003
0.000005
0.000003
0.000004
0.000005
0.000004
0.000004
0.000006
0.000004
0.000004
0.000006
0.000004
0.000004
0.000006
0.000005
0.000005
0.000005
0.000007
0.000005
0.000005
0.000005
0.000005
0.000005
0.000005
0.000006
0.000006
0.000006
0.000006
0.000006
0.000006
0.000006
0.000006
0.000006
0.000006
0.000006
0.000006
0.000006
0.000006
0.000006
0.000006
0.000006
0.000006
0.000006
0.000006
0.000007
0.000007
0.000007
0.000007
0.000007
0.000007
0.000007
0.000007
0.000007
0.000007
0.000007
0.000008
0.000008
0.000008
0.000008
0.000008
0.000008
0.000008
0.000008
0.000008
0.000008
0.000009
0.000009
0.000009
0.000009
0.000009
0.000009
0.000009
0.000009
0.000009
0.000009
0.000009
0.000009
0.000009
0.000009
0.000010
0.000010
0.000010
0.000010
0.000010
0.000010
0.000010
0.000010
0.000010
0.000010
0.000010
0.000010
0.000010
0.000010
0.000010
0.000011
0.000011
0.000011
0.000011
0.000011
0.000011
0.000011
0.000011
0.000011
0.000011
0.000012
0.000012
0.000012
0.000012
0.000012
0.000012
0.000012
0.000012
0.000012
0.000012
0.000013
0.000013
0.000013
0.000013
0.000013
0.000013
0.000013
0.000013
0.000013
0.000013
0.000013
0.000013
0.000013
0.000013
0.000013
0.000014
0.000014
0.000014
0.000014
0.000014
0.000014
0.000014
0.000014
0.000014
0.000014
0.000014
0.000014
0.000014
0.000015
0.000015
0.000015
0.000015
0.000015
0.000015
0.000015
0.000015
0.000015
0.000015
0.000015
0.000016
0.000016
0.000016
0.000016
0.000016
0.000016
0.000016
0.000016
0.000016
0.000016
0.000016
0.000016
0.000017
0.000017
0.000017
0.000017
0.000017
0.000017
0.000017
0.000017
0.000017
0.000017
0.000017
0.000017
0.000017
0.000017
0.000017
0.000017
0.000017
0.000018
0.000018
0.000018
0.000018
0.000018
0.000018
0.000018
0.000018
0.000018
0.000018
0.000018
0.000018
0.000018
0.000018
0.000018
0.000019
0.000019
0.000019
0.000019
0.000019
0.000019
0.000019
0.000019
0.000019
0.000019
0.000019
0.000019
0.000019
0.000019
0.000019
0.000020
0.000020
0.000020
0.000020
0.000020
0.000020
0.000020
0.000020
0.000020
0.000020
0.000020
0.000020
0.000020
0.000020
0.000020
0.000020
0.000020
0.000020
0.000020
0.000020
0.000020
0.000020
0.000020
0.000020
0.000021
0.000021
0.000021
0.000021
0.000021
0.000021
0.000021
0.000021
0.000021
0.000021
0.000021
0.000021
0.000021
0.000021
0.000021
0.000021
0.000021
0.000021
0.000021
0.000021
0.000021
0.000021
0.000021
0.000021
0.000021
0.000021
0.000022
0.000022
0.000022
0.000022
0.000022
0.000022
0.000022
0.000022
0.000022
0.000022
0.000022
0.000022
0.000022
0.000022
0.000022
0.000022
0.000022
0.000022
0.000022
0.000022
0.000022
0.000022
0.000022
0.000022
0.000022
0.000022
0.000022
0.000022
0.000022
0.000022
0.000022
0.000022
0.000022
0.000022
0.000022
0.000022
0.000022
0.000022
0.000022
0.000022
0.000022
0.000022
0.000022
0.000022
0.000022
0.000022
0.000022
0.000022
0.000022
0.000022
0.000022
0.000022
0.000022
0.000022
0.000022
0.000022
0.000022
0.000022
0.000022
0.000022
0.000022
0.000022
0.000022
0.000022
0.000022
0.000022
0.000022
0.000022
0.000022
0.000022
0.000022
0.000022
0.000022
0.000022
0.000022
0.000022
0.000022
0.000022
0.000022
0.000021
0.000021
0.000021
0.000021
0.000021
0.000021
0.000021
0.000021
0.000021
0.000021
0.000021
0.000021
0.000021
0.000021
0.000021
0.000021
0.000021
0.000021
0.000021
0.000021
0.000021
0.000021
0.000021
0.000021
0.000021
0.000021
0.000021
0.000021
0.000021
0.000021
0.000020
0.000020
0.000020
0.000020
0.000020
0.000020
0.000020
0.000020
0.000020
0.000020
0.000020
0.000020
0.000020
0.000020
0.000020
0.000020
0.000020
0.000020
0.000020
0.000020
0.000020
0.000020
0.000019
0.000019
0.000019
0.000019
0.000019
0.000019
0.000019
0.000019
0.000019
0.000019
0.000019
0.000019
0.000019
0.000019
0.000019
0.000019
0.000019
0.000019
0.000018
0.000018
0.000018
0.000018
0.000018
0.000018
0.000018
0.000018
0.000018
0.000018
0.000018
0.000018
0.000018
0.000018
0.000018
0.000018
0.000017
0.000017
0.000017
0.000017
0.000017
0.000017
0.000017
0.000017
0.000017
0.000017
0.000017
0.000017
0.000017
0.000017
0.000017
0.000017
0.000016
0.000016
0.000016
0.000016
0.000016
0.000016
0.000016
0.000016
0.000016
0.000016
0.000016
0.000016
0.000016
0.000016
0.000015
0.000015
0.000015
0.000015
0.000015
0.000015
0.000015
0.000015
0.000015
0.000015
0.000015
0.000015
0.000015
0.000014
0.000014
0.000014
0.000014
0.000014
0.000014
0.000014
0.000014
0.000014
0.000014
0.000014
0.000014
0.000014
0.000014
0.000013
0.000013
0.000013
0.000013
0.000013
0.000013
0.000013
0.000013
0.000013
0.000013
0.000013
0.000013
0.000013
0.000013
0.000012
0.000012
0.000012
0.000012
0.000012
0.000012
0.000012
0.000012
0.000012
0.000012
0.000012
0.000012
0.000012
0.000011
0.000011
0.000011
0.000011
0.000011
0.000011
0.000011
0.000011
0.000011
0.000011
0.000011
0.000011
0.000011
0.000010
0.000010
0.000010
0.000010
0.000010
0.000010
0.000010
0.000010
0.000010
0.000010
0.000010
0.000010
0.000010
0.000010
0.000010
0.000009
0.000009
0.000009
0.000009
0.000009
0.000009
0.000009
0.000009
0.000009
0.000009
0.000009
0.000009
0.000009
0.000009
0.000008
0.000008
0.000008
0.000008
0.000008
0.000008
0.000008
0.000008
0.000008
0.000008
0.000008
0.000008
0.000008
0.000008
0.000008
0.000007
0.000007
0.000007
0.000007
0.000007
0.000007
0.000007
0.000007
0.000007
0.000007
0.000007
0.000007
0.000007
0.000007
0.000007
0.000007
0.000007
0.000006
0.000006
0.000006
0.000006
0.000006
0.000006
0.000006
0.000006
0.000006
0.000006
0.000006
0.000006
0.000006
0.000006
0.000006
0.000006
0.000006
0.000006
0.000005
0.000005
0.000005
0.000005
0.000005
0.000005
0.000005
0.000005
0.000005
0.000005
0.000005
0.000005
0.000005
0.000005
0.000005
0.000005
0.000005
0.000005
0.000005
0.000005
0.000004
0.000004
0.000004
0.000004
0.000004
0.000004
0.000004
0.000004
0.000004
0.000004
0.000004
0.000004
0.000004
0.000004
0.000004
0.000004
0.000004
0.000004
0.000004
0.000004
0.000004
0.000004
0.000004
0.000004
0.000004
0.000003
0.000003
0.000003
0.000003
0.000003
0.000003
0.000003
0.000003
0.000003
0.000003
0.000003
0.000003
0.000003
0.000003
0.000003
0.000003
0.000003
0.000003
0.000003
0.000003
0.000003
0.000003
0.000003
0.000003
0.000003
0.000003
0.000003
0.000003
0.000003
0.000003
0.000003
0.000003
0.000002
0.000002
0.000002
0.000002
0.000002
0.000002
0.000002
0.000002
0.000002
0.000002
0.000002
0.000002
0.000002
0.000002
0.000002
0.000002
0.000002
0.000002
0.000002
0.000002
0.000002
0.000002
0.000002
0.000002
0.000002
0.000002
0.000002
0.000002
0.000002
0.000002
0.000002
0.000002
0.000002
0.000002
0.000002
0.000002
0.000002
0.000002
0.000002
0.000002
0.000002
0.000002
0.000002
0.000002
0.000002
0.000002
0.000002
0.000002
0.000002
0.000002
0.000001
0.000001
0.000001
0.000001
0.000001
0.000001
0.000001
0.000001
0.000001
0.000001
0.000001
0.000001
0.000001
0.000001
0.000001
0.000001
0.000001
0.000001
0.000001
0.000001
0.000001
0.000001
0.000001
0.000001
0.000001
0.000001
0.000001
0.000001
0.000001
0.000001
0.000001
0.000001
0.000001
0.000001
0.000001
0.000001
0.000001
0.000001
0.000001
0.000001
0.000001
0.000001
0.000001
0.000001
0.000001
0.000001
0.000001
0.000001
0.000001
0.000001
0.000001
0.000001
0.000001
0.000001
0.000001
0.000001
0.000001
0.000001
0.000001
0.000001
0.000001
0.000001
0.000001
0.000001
0.000001
0.000001
0.000001
0.000001
0.000001
0.000001
0.000001
0.000001
0.000001
0.000001
0.000001
0.000001
0.000001
0.000001
0.000001
0.000001
0.000001
0.000001
0.000001
0.000001
0.000001
0.000001
0.000001
0.000001
0.000001
0.000001
0.000001
0.000001
0.000001
0.000001
0.000001
0.000001
0.000001
0.000001
0.000001
0.000001
0.000001
0.000001
0.000001
0.000001
0.000001
0.000001
0.000001
0.000001
0.000001
0.000001
0.000001
0.000001
0.000001
0.000001
0.000001
0.000001
0.000001
0.000000
0.000000
0.000000
0.000000
0.000000
0.000000
0.000000
0.000000
0.000000
0.000000
0.000000
0.000000
0.000000
0.000000
0.000000
0.000000
0.000000
0.000000
0.000000
0.000000
0.000000
0.000000
0.000000
0.000000
0.000000
0.000000
0.000000
0.000000
0.000000
0.000000
0.000000
0.000000
0.000001
0.000001
0.000001
0.000001
0.000001
0.000001
0.000001
0.000001
0.000001
0.000001
0.000001
0.000001
0.000001
0.000001
0.000001
0.000001
0.000001
0.000001
0.000001
0.000001
0.000001
0.000001
0.000001
0.000001
0.000001
0.000001
0.000001
0.000001
0.000001
0.000001
0.000001
0.000001
0.000001
0.000001
0.000001
0.000001
0.000001
0.000001
0.000001
0.000001
0.000001
0.000001
0.000001
0.000001
0.000001
0.000001
0.000001
0.000001
0.000001
0.000001
0.000001
0.000001
0.000001
0.000001
0.000001
0.000001
0.000001
0.000001
0.000001
0.000001
0.000001
0.000001
0.000001
0.000001
0.000001
0.000001
0.000001
0.000001
0.000001
0.000001
0.000000
0.000000
0.000000
0.000000
0.000000
0.000000
0.000000
0.000000
0.000000
0.000000
0.000000
0.000000
0.000000
0.000000
0.000000
0.000000
0.000000
0.000000
0.000000
0.000000
0.000000
0.000000
0.000000
0.000005
0.000001
0.000002
0.000003
0.000002
0.000003
0.000001
0.000003
0.000002
0.000002
0.000002
0.000002
0.000002
0.000002
0.000004
0.000001
0.000002
0.000003
0.000003
0.000002
0.000003
0.000002
0.000003
0.000003
0.000003
0.000003
0.000003
0.000003
0.000003
0.000003
0.000003
0.000003
0.000003
0.000003
0.000003
0.000003
0.000003
0.000003
0.000003
0.000003
0.000003
0.000003
0.000003
0.000003
0.000003
0.000001
0.000004
0.000004
0.000002
0.000002
0.000003
0.000004
0.000002
0.000004
0.000003
0.000003
0.000004
0.000003
0.000004
0.000003
0.000004
0.000002
0.000004
0.000004
0.000002
0.000003
0.000004
0.000005
0.000003
0.000002
0.000004
0.000004
0.000003
0.000002
0.000004
0.000002
0.000004
0.000003
0.000003
0.000004
0.000003
0.000003
0.000003
0.000003
0.000003
0.000003
0.000004
0.000004
0.000004
0.000004
0.000004
0.000004
0.000004
0.000004
0.000004
0.000005
0.000005
0.000005
0.000005
0.000005
0.000005
0.000005
0.000005
0.000005
0.000005
0.000005
0.000005
0.000006
0.000005
0.000006
0.000005
0.000006
0.000005
0.000006
0.000005
0.000006
0.000005
0.000006
0.000005
0.000006
0.000005
0.000006
0.000005
0.000006
0.000005
0.000006
0.000005
0.000006
0.000006
0.000006
0.000006
0.000006
0.000006
0.000006
0.000006
0.000007
0.000006
0.000007
0.000007
0.000007
0.000007
0.000008
0.000007
0.000008
0.000008
0.000008
0.000008
0.000008
0.000008
0.000009
0.000008
0.000009
0.000009
0.000009
0.000009
0.000009
0.000009
0.000009
0.000009
0.000009
0.000009
0.000009
0.000009
0.000009
0.000009
0.000009
0.000009
0.000009
0.000009
0.000009
0.000009
0.000010
0.000009
0.000010
0.000009
0.000010
0.000009
0.000010
0.000010
0.000010
0.000010
0.000011
0.000010
0.000011
0.000011
0.000011
0.000011
0.000012
0.000011
0.000012
0.000012
0.000012
0.000012
0.000013
0.000012
0.000013
0.000012
0.000013
0.000013
0.000013
0.000013
0.000013
0.000013
0.000014
0.000013
0.000014
0.000013
0.000014
0.000013
0.000014
0.000013
0.000014
0.000014
0.000014
0.000014
0.000014
0.000014
0.000014
0.000014
0.000015
0.000014
0.000015
0.000014
0.000015
0.000014
0.000015
0.000015
0.000015
0.000015
0.000016
0.000015
0.000016
0.000016
0.000016
0.000016
0.000017
0.000016
0.000017
0.000017
0.000017
0.000017
0.000018
0.000017
0.000018
0.000018
0.000018
0.000018
0.000019
0.000018
0.000019
0.000018
0.000019
0.000018
0.000019
0.000018
0.000019
0.000019
0.000019
0.000019
0.000019
0.000019
0.000020
0.000019
0.000020
0.000019
0.000020
0.000019
0.000020
0.000019
0.000020
0.000020
0.000020
0.000020
0.000021
0.000020
0.000021
0.000020
0.000021
0.000021
0.000022
0.000021
0.000022
0.000021
0.000022
0.000022
0.000022
0.000022
0.000023
0.000022
0.000023
0.000023
0.000023
0.000023
0.000024
0.000023
0.000024
0.000023
0.000024
0.000023
0.000024
0.000024
0.000024
0.000024
0.000024
0.000024
0.000024
0.000024
0.000025
0.000024
0.000025
0.000024
0.000025
0.000024
0.000025
0.000025
0.000025
0.000025
0.000025
0.000025
0.000026
0.000025
0.000026
0.000028
0.000026
0.000025
0.000026
0.000026
0.000028
0.000025
0.000026
0.000027
0.000028
0.000026
0.000027
0.000027
0.000028
0.000026
0.000027
0.000028
0.000029
0.000027
0.000028
0.000028
0.000029
0.000027
0.000028
0.000029
0.000030
0.000028
0.000029
0.000029
0.000030
0.000028
0.000029
0.000030
0.000031
0.000028
0.000029
0.000030
0.000029
0.000028
0.000028
0.000028
0.000028
0.000028
0.000028
0.000028
0.000028
0.000028
0.000028
0.000028
0.000028
0.000029
0.000029
0.000029
0.000029
0.000029
0.000029
0.000029
0.000029
0.000029
0.000030
0.000030
0.000030
0.000030
0.000030
0.000030
0.000030
0.000031
0.000031
0.000031
0.000031
0.000031
0.000031
0.000031
0.000031
0.000031
0.000031
0.000031
0.000031
0.000031
0.000031
0.000031
0.000031
0.000031
0.000031
0.000031
0.000031
0.000031
0.000031
0.000031
0.000031
0.000031
0.000031
0.000031
0.000031
0.000031
0.000031
0.000031
0.000031
0.000031
0.000031
0.000031
0.000031
0.000031
0.000031
0.000031
0.000032
0.000032
0.000032
0.000032
0.000032
0.000032
0.000032
0.000032
0.000032
0.000032
0.000032
0.000032
0.000032
0.000032
0.000032
0.000032
0.000032
0.000032
0.000032
0.000032
0.000032
0.000032
0.000032
0.000032
0.000032
0.000032
0.000032
0.000032
0.000032
0.000032
0.000032
0.000032
0.000032
0.000032
0.000032
0.000032
0.000032
0.000032
0.000032
0.000032
0.000032
0.000032
0.000032
0.000032
0.000032
0.000032
0.000032
0.000032
0.000032
0.000032
0.000032
0.000032
0.000032
0.000032
0.000032
0.000032
0.000032
0.000032
0.000032
0.000032
0.000032
0.000032
0.000032
0.000032
0.000032
0.000032
0.000032
0.000032
0.000032
0.000032
0.000031
0.000031
0.000031
0.000031
0.000031
0.000031
0.000031
0.000031
0.000031
0.000031
0.000031
0.000031
0.000030
0.000030
0.000030
0.000030
0.000030
0.000030
0.000030
0.000030
0.000030
0.000030
0.000030
0.000030
0.000030
0.000030
0.000030
0.000030
0.000030
0.000030
0.000030
0.000030
0.000030
0.000030
0.000030
0.000030
0.000029
0.000029
0.000029
0.000029
0.000029
0.000029
0.000029
0.000029
0.000029
0.000029
0.000029
0.000029
0.000029
0.000029
0.000028
0.000028
0.000028
0.000028
0.000028
0.000028
0.000028
0.000028
0.000028
0.000027
0.000027
0.000027
0.000027
0.000027
0.000027
0.000027
0.000027
0.000027
0.000027
0.000027
0.000027
0.000026
0.000026
0.000026
0.000026
0.000026
0.000026
0.000026
0.000026
0.000026
0.000026
0.000026
0.000026
0.000026
0.000026
0.000025
0.000025
0.000025
0.000025
0.000025
0.000025
0.000025
0.000025
0.000025
0.000025
0.000024
0.000024
0.000024
0.000024
0.000024
0.000024
0.000024
0.000024
0.000023
0.000023
0.000023
0.000023
0.000023
0.000023
0.000023
0.000023
0.000023
0.000022
0.000022
0.000022
0.000022
0.000022
0.000022
0.000022
0.000022
0.000022
0.000022
0.000022
0.000021
0.000021
0.000021
0.000021
0.000021
0.000021
0.000021
0.000021
0.000021
0.000021
0.000020
0.000020
0.000020
0.000020
0.000020
0.000020
0.000020
0.000020
0.000020
0.000019
0.000019
0.000019
0.000019
0.000019
0.000019
0.000019
0.000019
0.000018
0.000018
0.000018
0.000018
0.000018
0.000018
0.000018
0.000018
0.000017
0.000017
0.000017
0.000017
0.000017
0.000017
0.000017
0.000017
0.000017
0.000017
0.000016
0.000016
0.000016
0.000016
0.000016
0.000016
0.000016
0.000016
0.000016
0.000015
0.000015
0.000015
0.000015
0.000015
0.000015
0.000015
0.000015
0.000015
0.000015
0.000014
0.000014
0.000014
0.000014
0.000014
0.000014
0.000014
0.000014
0.000013
0.000013
0.000013
0.000013
0.000013
0.000013
0.000013
0.000013
0.000013
0.000012
0.000012
0.000012
0.000012
0.000012
0.000012
0.000012
0.000012
0.000012
0.000012
0.000011
0.000011
0.000011
0.000011
0.000011
0.000011
0.000011
0.000011
0.000011
0.000011
0.000010
0.000010
0.000010
0.000010
0.000010
0.000010
0.000010
0.000010
0.000010
0.000010
0.000009
0.000009
0.000009
0.000009
0.000009
0.000009
0.000009
0.000009
0.000009
0.000009
0.000008
0.000008
0.000008
0.000008
0.000008
0.000008
0.000008
0.000008
0.000008
0.000008
0.000008
0.000007
0.000007
0.000007
0.000007
0.000007
0.000007
0.000007
0.000007
0.000007
0.000007
0.000007
0.000007
0.000006
0.000006
0.000006
0.000006
0.000006
0.000006
0.000006
0.000006
0.000006
0.000006
0.000006
0.000006
0.000006
0.000005
0.000005
0.000005
0.000005
0.000005
0.000005
0.000005
0.000005
0.000005
0.000005
0.000005
0.000005
0.000005
0.000005
0.000004
0.000004
0.000004
0.000004
0.000004
0.000004
0.000004
0.000004
0.000004
0.000004
0.000004
0.000004
0.000004
0.000004
0.000004
0.000004
0.000003
0.000003
0.000003
0.000003
0.000003
0.000003
0.000003
0.000003
0.000003
0.000003
0.000003
0.000003
0.000003
0.000003
0.000003
0.000003
0.000003
0.000003
0.000003
0.000002
0.000002
0.000002
0.000002
0.000002
0.000002
0.000002
0.000002
0.000002
0.000002
0.000002
0.000002
0.000002
0.000002
0.000002
0.000002
0.000002
0.000002
0.000002
0.000002
0.000002
0.000002
0.000002
0.000002
0.000002
0.000001
0.000001
0.000001
0.000001
0.000001
0.000001
0.000001
0.000001
0.000001
0.000001
0.000001
0.000001
0.000001
0.000001
0.000001
0.000001
0.000001
0.000001
0.000001
0.000001
0.000001
0.000001
0.000001
0.000001
0.000001
0.000001
0.000001
0.000001
0.000001
0.000001
0.000001
0.000001
0.000001
0.000001
0.000001
0.000001
0.000001
0.000001
0.000001
0.000001
0.000001
0.000001
0.000001
0.000001
0.000001
0.000001
0.000001
0.000001
0.000001
0.000001
0.000001
0.000001
0.000001
0.000001
0.000001
0.000000
0.000000
0.000000
0.000000
0.000000
0.000000
0.000000
0.000000
0.000000
0.000000
0.000002
0.000001
0.000001
0.000001
0.000001
0.000001
0.000001
0.000001
0.000001
0.000001
0.000001
0.000001
0.000001
0.000001
0.000001
0.000001
0.000002
0.000001
0.000001
0.000001
0.000002
0.000001
0.000002
0.000001
0.000002
0.000001
0.000002
0.000001
0.000002
0.000001
0.000002
0.000001
0.000002
0.000001
0.000002
0.000001
0.000002
0.000001
0.000002
0.000001
0.000002
0.000001
0.000002
0.000001
0.000002
0.000001
0.000001
0.000002
0.000001
0.000003
0.000001
0.000001
0.000002
0.000001
0.000003
0.000001
0.000001
0.000003
0.000001
0.000003
0.000001
0.000002
0.000003
0.000001
0.000001
0.000003
0.000001
0.000001
0.000003
0.000001
0.000002
0.000003
0.000001
0.000002
0.000003
0.000002
0.000002
0.000004
0.000002
0.000002
0.000004
0.000002
0.000002
0.000004
0.000002
0.000003
0.000004
0.000003
0.000003
0.000004
0.000003
0.000003
0.000005
0.000003
0.000003
0.000005
0.000003
0.000003
0.000005
0.000003
0.000003
0.000005
0.000003
0.000003
0.000005
0.000003
0.000003
0.000005
0.000003
0.000003
0.000005
0.000003
0.000003
0.000005
0.000003
0.000004
0.000005
0.000004
0.000004
0.000006
0.000004
0.000004
0.000006
0.000004
0.000004
0.000006
0.000005
0.000005
0.000005
0.000007
0.000005
0.000005
0.000005
0.000005
0.000005
0.000005
0.000006
0.000006
0.000006
0.000006
0.000006
0.000006
0.000006
0.000006
0.000006
0.000006
0.000006
0.000006
0.000006
0.000006
0.000006
0.000006
0.000006
0.000006
0.000006
0.000006
0.000007
0.000007
0.000007
0.000007
0.000007
0.000007
0.000007
0.000007
0.000007
0.000007
0.000007
0.000008
0.000008
0.000008
0.000008
0.000008
0.000008
0.000008
0.000008
0.000008
0.000008
0.000009
0.000009
0.000009
0.000009
0.000009
0.000009
0.000009
0.000009
0.000009
0.000009
0.000009
0.000009
0.000009
0.000009
0.000010
0.000010
0.000010
0.000010
0.000010
0.000010
0.000010
0.000010
0.000010
0.000010
0.000010
0.000010
0.000010
0.000010
0.000010
0.000011
0.000011
0.000011
0.000011
0.000011
0.000011
0.000011
0.000011
0.000011
0.000011
0.000012
0.000012
0.000012
0.000012
0.000012
0.000012
0.000012
0.000012
0.000012
0.000012
0.000013
0.000013
0.000013
0.000013
0.000013
0.000013
0.000013
0.000013
0.000013
0.000013
0.000013
0.000013
0.000013
0.000013
0.000013
0.000014
0.000014
0.000014
0.000014
0.000014
0.000014
0.000014
0.000014
0.000014
0.000014
0.000014
0.000014
0.000014
0.000015
0.000015
0.000015
0.000015
0.000015
0.000015
0.000015
0.000015
0.000015
0.000015
0.000015
0.000016
0.000016
0.000016
0.000016
0.000016
0.000016
0.000016
0.000016
0.000016
0.000016
0.000016
0.000016
0.000017
0.000017
0.000017
0.000017
0.000017
0.000017
0.000017
0.000017
0.000017
0.000017
0.000017
0.000017
0.000017
0.000017
0.000017
0.000017
0.000017
0.000018
0.000018
0.000018
0.000018
0.000018
0.000018
0.000018
0.000018
0.000018
0.000018
0.000018
0.000018
0.000018
0.000018
0.000018
0.000019
0.000019
0.000019
0.000019
0.000019
0.000019
0.000019
0.000019
0.000019
0.000019
0.000019
0.000019
0.000019
0.000019
0.000019
0.000020
0.000020
0.000020
0.000020
0.000020
0.000020
0.000020
0.000020
0.000020
0.000020
0.000020
0.000020
0.000020
0.000020
0.000020
0.000020
0.000020
0.000020
0.000020
0.000020
0.000020
0.000020
0.000020
0.000020
0.000021
0.000021
0.000021
0.000021
0.000021
0.000021
0.000021
0.000021
0.000021
0.000021
0.000021
0.000021
0.000021
0.000021
0.000021
0.000021
0.000021
0.000021
0.000021
0.000021
0.000021
0.000021
0.000021
0.000021
0.000021
0.000021
0.000022
0.000022
0.000022
0.000022
0.000022
0.000022
0.000022
0.000022
0.000022
0.000022
0.000022
0.000022
0.000022
0.000022
0.000022
0.000022
0.000022
0.000022
0.000022
0.000022
0.000022
0.000022
0.000022
0.000022
0.000022
0.000022
0.000022
0.000022
0.000022
0.000022
0.000022
0.000022
0.000022
0.000022
0.000022
0.000022
0.000022
0.000022
0.000022
0.000022
0.000022
0.000022
0.000022
0.000022
0.000022
0.000022
0.000022
0.000022
0.000022
0.000022
0.000022
0.000022
0.000022
0.000022
0.000022
0.000022
0.000022
0.000022
0.000022
0.000022
0.000022
0.000022
0.000022
0.000022
0.000022
0.000022
0.000022
0.000022
0.000022
0.000022
0.000022
0.000022
0.000022
0.000022
0.000022
0.000022
0.000022
0.000022
0.000022
0.000021
0.000021
0.000021
0.000021
0.000021
0.000021
0.000021
0.000021
0.000021
0.000021
0.000021
0.000021
0.000021
0.000021
0.000021
0.000021
0.000021
0.000021
0.000021
0.000021
0.000021
0.000021
0.000021
0.000021
0.000021
0.000021
0.000021
0.000021
0.000021
0.000021
0.000020
0.000020
0.000020
0.000020
0.000020
0.000020
0.000020
0.000020
0.000020
0.000020
0.000020
0.000020
0.000020
0.000020
0.000020
0.000020
0.000020
0.000020
0.000020
0.000020
0.000020
0.000020
0.000019
0.000019
0.000019
0.000019
0.000019
0.000019
0.000019
0.000019
0.000019
0.000019
0.000019
0.000019
0.000019
0.000019
0.000019
0.000019
0.000019
0.000019
0.000018
0.000018
0.000018
0.000018
0.000018
0.000018
0.000018
0.000018
0.000018
0.000018
0.000018
0.000018
0.000018
0.000018
0.000018
0.000018
0.000017
0.000017
0.000017
0.000017
0.000017
0.000017
0.000017
0.000017
0.000017
0.000017
0.000017
0.000017
0.000017
0.000017
0.000017
0.000017
0.000016
0.000016
0.000016
0.000016
0.000016
0.000016
0.000016
0.000016
0.000016
0.000016
0.000016
0.000016
0.000016
0.000016
0.000015
0.000015
0.000015
0.000015
0.000015
0.000015
0.000015
0.000015
0.000015
0.000015
0.000015
0.000015
0.000015
0.000014
0.000014
0.000014
0.000014
0.000014
0.000014
0.000014
0.000014
0.000014
0.000014
0.000014
0.000014
0.000014
0.000014
0.000013
0.000013
0.000013
0.000013
0.000013
0.000013
0.000013
0.000013
0.000013
0.000013
0.000013
0.000013
0.000013
0.000013
0.000012
0.000012
0.000012
0.000012
0.000012
0.000012
0.000012
0.000012
0.000012
0.000012
0.000012
0.000012
0.000012
0.000011
0.000011
0.000011
0.000011
0.000011
0.000011
0.000011
0.000011
0.000011
0.000011
0.000011
0.000011
0.000011
0.000010
0.000010
0.000010
0.000010
0.000010
0.000010
0.000010
0.000010
0.000010
0.000010
0.000010
0.000010
0.000010
0.000010
0.000010
0.000009
0.000009
0.000009
0.000009
0.000009
0.000009
0.000009
0.000009
0.000009
0.000009
0.000009
0.000009
0.000009
0.000009
0.000008
0.000008
0.000008
0.000008
0.000008
0.000008
0.000008
0.000008
0.000008
0.000008
0.000008
0.000008
0.000008
0.000008
0.000008
0.000007
0.000007
0.000007
0.000007
0.000007
0.000007
0.000007
0.000007
0.000007
0.000007
0.000007
0.000007
0.000007
0.000007
0.000007
0.000007
0.000007
0.000006
0.000006
0.000006
0.000006
0.000006
0.000006
0.000006
0.000006
0.000006
0.000006
0.000006
0.000006
0.000006
0.000006
0.000006
0.000006
0.000006
0.000006
0.000005
0.000005
0.000005
0.000005
0.000005
0.000005
0.000005
0.000005
0.000005
0.000005
0.000005
0.000005
0.000005
0.000005
0.000005
0.000005
0.000005
0.000005
0.000005
0.000005
0.000004
0.000004
0.000004
0.000004
0.000004
0.000004
0.000004
0.000004
0.000004
0.000004
0.000004
0.000004
0.000004
0.000004
0.000004
0.000004
0.000004
0.000004
0.000004
0.000004
0.000004
0.000004
0.000004
0.000004
0.000004
0.000003
0.000003
0.000003
0.000003
0.000003
0.000003
0.000003
0.000003
0.000003
0.000003
0.000003
0.000003
0.000003
0.000003
0.000003
0.000003
0.000003
0.000003
0.000003
0.000003
0.000003
0.000003
0.000003
0.000003
0.000003
0.000003
0.000003
0.000003
0.000003
0.000003
0.000003
0.000003
0.000002
0.000002
0.000002
0.000002
0.000002
0.000002
0.000002
0.000002
0.000002
0.000002
0.000002
0.000002
0.000002
0.000002
0.000002
0.000002
0.000002
0.000002
0.000002
0.000002
0.000002
0.000002
0.000002
0.000002
0.000002
0.000002
0.000002
0.000002
0.000002
0.000002
0.000002
0.000002
0.000002
0.000002
0.000002
0.000002
0.000002
0.000002
0.000002
0.000002
0.000002
0.000002
0.000002
0.000002
0.000002
0.000002
0.000002
0.000002
0.000002
0.000002
0.000001
0.000001
0.000001
0.000001
0.000001
0.000001
0.000001
0.000001
0.000001
0.000001
0.000001
0.000001
0.000001
0.000001
0.000001
0.000001
0.000001
0.000001
0.000001
0.000001
0.000001
0.000001
0.000001
0.000001
0.000001
0.000001
0.000001
0.000001
0.000001
0.000001
0.000001
0.000001
0.000001
0.000001
0.000001
0.000001
0.000001
0.000001
0.000001
0.000001
0.000001
0.000001
0.000001
0.000001
0.000001
0.000001
0.000001
0.000001
0.000001
0.000001
0.000001
0.000001
0.000001
0.000001
0.000001
0.000001
0.000001
0.000001
0.000001
0.000001
0.000001
0.000001
0.000001
0.000001
0.000001
0.000001
0.000001
0.000001
0.000001
0.000001
0.000001
0.000001
0.000001
0.000001
0.000001
0.000001
0.000001
0.000001
0.000001
0.000001
0.000001
0.000001
0.000001
0.000001
0.000001
0.000001
0.000001
0.000001
0.000001
0.000001
0.000001
0.000001
0.000001
0.000001
0.000001
0.000001
0.000001
0.000001
0.000001
0.000001
0.000001
0.000001
0.000001
0.000001
0.000001
0.000001
0.000001
0.000001
0.000001
0.000001
0.000001
0.000001
0.000001
0.000001
0.000001
0.000001
0.000001
0.000000
0.000000
0.000000
0.000000
0.000000
0.000000
0.000000
0.000000
0.000000
0.000000
0.000000
0.000000
0.000000
0.000000
0.000000
0.000000
0.000000
0.000000
0.000000
0.000000
0.000000
0.000000
0.000000
0.000000
0.000000
0.000000
0.000000
0.000000
0.000000
0.000000
0.000000
0.000000
0.000001
0.000001
0.000001
0.000001
0.000001
0.000001
0.000001
0.000001
0.000001
0.000001
0.000001
0.000001
0.000001
0.000001
0.000001
0.000001
0.000001
0.000001
0.000001
0.000001
0.000001
0.000001
0.000001
0.000001
0.000001
0.000001
0.000001
0.000001
0.000001
0.000001
0.000001
0.000001
0.000001
0.000001
0.000001
0.000001
0.000001
0.000001
0.000001
0.000001
0.000001
0.000001
0.000001
0.000001
0.000001
0.000001
0.000001
0.000001
0.000001
0.000001
0.000001
0.000001
0.000001
0.000001
0.000001
0.000001
0.000001
0.000001
0.000001
0.000001
0.000001
0.000001
0.000001
0.000001
0.000001
0.000001
0.000001
0.000001
0.000001
0.000001
0.000000
0.000000
0.000000
0.000000
0.000000
0.000000
0.000000
0.000000
0.000000
0.000000
0.000000
0.000000
0.000000
0.000000
0.000000
0.000000
0.000000
0.000000
0.000000
0.000000
0.000000
0.000000
0.000000
0.000005
0.000001
0.000002
0.000003
0.000002
0.000003
0.000001
0.000003
0.000002
0.000002
0.000002
0.000002
0.000002
0.000002
0.000004
0.000001
0.000002
0.000003
0.000003
0.000002
0.000003
0.000002
0.000003
0.000003
0.000003
0.000003
0.000003
0.000003
0.000003
0.000003
0.000003
0.000003
0.000003
0.000003
0.000003
0.000003
0.000003
0.000003
0.000003
0.000003
0.000003
0.000003
0.000003
0.000003
0.000003
0.000001
0.000004
0.000004
0.000002
0.000002
0.000003
0.000004
0.000002
0.000004
0.000003
0.000003
0.000004
0.000003
0.000004
0.000003
0.000004
0.000002
0.000004
0.000004
0.000002
0.000003
0.000004
0.000005
0.000003
0.000002
0.000004
0.000004
0.000003
0.000002
0.000004
0.000002
0.000004
0.000003
0.000003
0.000004
0.000003
0.000003
0.000003
0.000003
0.000003
0.000003
0.000004
0.000004
0.000004
0.000004
0.000004
0.000004
0.000004
0.000004
0.000004
0.000005
0.000005
0.000005
0.000005
0.000005
0.000005
0.000005
0.000005
0.000005
0.000005
0.000005
0.000005
0.000006
0.000005
0.000006
0.000005
0.000006
0.000005
0.000006
0.000005
0.000006
0.000005
0.000006
0.000005
0.000006
0.000005
0.000006
0.000005
0.000006
0.000005
0.000006
0.000005
0.000006
0.000006
0.000006
0.000006
0.000006
0.000006
0.000006
0.000006
0.000007
0.000006
0.000007
0.000007
0.000007
0.000007
0.000008
0.000007
0.000008
0.000008
0.000008
0.000008
0.000008
0.000008
0.000009
0.000008
0.000009
0.000009
0.000009
0.000009
0.000009
0.000009
0.000009
0.000009
0.000009
0.000009
0.000009
0.000009
0.000009
0.000009
0.000009
0.000009
0.000009
0.000009
0.000009
0.000009
0.000010
0.000009
0.000010
0.000009
0.000010
0.000009
0.000010
0.000010
0.000010
0.000010
0.000011
0.000010
0.000011
0.000011
0.000011
0.000011
0.000012
0.000011
0.000012
0.000012
0.000012
0.000012
0.000013
0.000012
0.000013
0.000012
0.000013
0.000013
0.000013
0.000013
0.000013
0.000013
0.000014
0.000013
0.000014
0.000013
0.000014
0.000013
0.000014
0.000013
0.000014
0.000014
0.000014
0.000014
0.000014
0.000014
0.000014
0.000014
0.000015
0.000014
0.000015
0.000014
0.000015
0.000014
0.000015
0.000015
0.000015
0.000015
0.000016
0.000015
0.000016
0.000016
0.000016
0.000016
0.000017
0.000016
0.000017
0.000017
0.000017
0.000017
0.000018
0.000017
0.000018
0.000018
0.000018
0.000018
0.000019
0.000018
0.000019
0.000018
0.000019
0.000018
0.000019
0.000018
0.000019
0.000019
0.000019
0.000019
0.000019
0.000019
0.000020
0.000019
0.000020
0.000019
0.000020
0.000019
0.000020
0.000019
0.000020
0.000020
0.000020
0.000020
0.000021
0.000020
0.000021
0.000020
0.000021
0.000021
0.000022
0.000021
0.000022
0.000021
0.000022
0.000022
0.000022
0.000022
0.000023
0.000022
0.000023
0.000023
0.000023
0.000023
0.000024
0.000023
0.000024
0.000023
0.000024
0.000023
0.000024
0.000024
0.000024
0.000024
0.000024
0.000024
0.000024
0.000024
0.000025
0.000024
0.000025
0.000024
0.000025
0.000024
0.000025
0.000025
0.000025
0.000025
0.000025
0.000025
0.000026
0.000025
0.000026
0.000028
0.000026
0.000025
0.000026
0.000026
0.000028
0.000025
0.000026
0.000027
0.000028
0.000026
0.000027
0.000027
0.000028
0.000026
0.000027
0.000028
0.000029
0.000027
0.000028
0.000028
0.000029
0.000027
0.000028
0.000029
0.000030
0.000028
0.000029
0.000029
0.000030
0.000028
0.000029
0.000030
0.000031
0.000028
0.000029
0.000030
0.000029
0.000028
0.000028
0.000028
0.000028
0.000028
0.000028
0.000028
0.000028
0.000028
0.000028
0.000028
0.000028
0.000029
0.000029
0.000029
0.000029
0.000029
0.000029
0.000029
0.000029
0.000029
0.000030
0.000030
0.000030
0.000030
0.000030
0.000030
0.000030
0.000031
0.000031
0.000031
0.000031
0.000031
0.000031
0.000031
0.000031
0.000031
0.000031
0.000031
0.000031
0.000031
0.000031
0.000031
0.000031
0.000031
0.000031
0.000031
0.000031
0.000031
0.000031
0.000031
0.000031
0.000031
0.000031
0.000031
0.000031
0.000031
0.000031
0.000031
0.000031
0.000031
0.000031
0.000031
0.000031
0.000031
0.000031
0.000031
0.000032
0.000032
0.000032
0.000032
0.000032
0.000032
0.000032
0.000032
0.000032
0.000032
0.000032
0.000032
0.000032
0.000032
0.000032
0.000032
0.000032
0.000032
0.000032
0.000032
0.000032
0.000032
0.000032
0.000032
0.000032
0.000032
0.000032
0.000032
0.000032
0.000032
0.000032
0.000032
0.000032
0.000032
0.000032
0.000032
0.000032
0.000032
0.000032
0.000032
0.000032
0.000032
0.000032
0.000032
0.000032
0.000032
0.000032
0.000032
0.000032
0.000032
0.000032
0.000032
0.000032
0.000032
0.000032
0.000032
0.000032
0.000032
0.000032
0.000032
0.000032
0.000032
0.000032
0.000032
0.000032
0.000032
0.000032
0.000032
0.000032
0.000032
0.000031
0.000031
0.000031
0.000031
0.000031
0.000031
0.000031
0.000031
0.000031
0.000031
0.000031
0.000031
0.000030
0.000030
0.000030
0.000030
0.000030
0.000030
0.000030
0.000030
0.000030
0.000030
0.000030
0.000030
0.000030
0.000030
0.000030
0.000030
0.000030
0.000030
0.000030
0.000030
0.000030
0.000030
0.000030
0.000030
0.000029
0.000029
0.000029
0.000029
0.000029
0.000029
0.000029
0.000029
0.000029
0.000029
0.000029
0.000029
0.000029
0.000029
0.000028
0.000028
0.000028
0.000028
0.000028
0.000028
0.000028
0.000028
0.000028
0.000027
0.000027
0.000027
0.000027
0.000027
0.000027
0.000027
0.000027
0.000027
0.000027
0.000027
0.000027
0.000026
0.000026
0.000026
0.000026
0.000026
0.000026
0.000026
0.000026
0.000026
0.000026
0.000026
0.000026
0.000026
0.000026
0.000025
0.000025
0.000025
0.000025
0.000025
0.000025
0.000025
0.000025
0.000025
0.000025
0.000024
0.000024
0.000024
0.000024
0.000024
0.000024
0.000024
0.000024
0.000023
0.000023
0.000023
0.000023
0.000023
0.000023
0.000023
0.000023
0.000023
0.000022
0.000022
0.000022
0.000022
0.000022
0.000022
0.000022
0.000022
0.000022
0.000022
0.000022
0.000021
0.000021
0.000021
0.000021
0.000021
0.000021
0.000021
0.000021
0.000021
0.000021
0.000020
0.000020
0.000020
0.000020
0.000020
0.000020
0.000020
0.000020
0.000020
0.000019
0.000019
0.000019
0.000019
0.000019
0.000019
0.000019
0.000019
0.000018
0.000018
0.000018
0.000018
0.000018
0.000018
0.000018
0.000018
0.000017
0.000017
0.000017
0.000017
0.000017
0.000017
0.000017
0.000017
0.000017
0.000017
0.000016
0.000016
0.000016
0.000016
0.000016
0.000016
0.000016
0.000016
0.000016
0.000015
0.000015
0.000015
0.000015
0.000015
0.000015
0.000015
0.000015
0.000015
0.000015
0.000014
0.000014
0.000014
0.000014
0.000014
0.000014
0.000014
0.000014
0.000013
0.000013
0.000013
0.000013
0.000013
0.000013
0.000013
0.000013
0.000013
0.000012
0.000012
0.000012
0.000012
0.000012
0.000012
0.000012
0.000012
0.000012
0.000012
0.000011
0.000011
0.000011
0.000011
0.000011
0.000011
0.000011
0.000011
0.000011
0.000011
0.000010
0.000010
0.000010
0.000010
0.000010
0.000010
0.000010
0.000010
0.000010
0.000010
0.000009
0.000009
0.000009
0.000009
0.000009
0.000009
0.000009
0.000009
0.000009
0.000009
0.000008
0.000008
0.000008
0.000008
0.000008
0.000008
0.000008
0.000008
0.000008
0.000008
0.000008
0.000007
0.000007
0.000007
0.000007
0.000007
0.000007
0.000007
0.000007
0.000007
0.000007
0.000007
0.000007
0.000006
0.000006
0.000006
0.000006
0.000006
0.000006
0.000006
0.000006
0.000006
0.000006
0.000006
0.000006
0.000006
0.000005
0.000005
0.000005
0.000005
0.000005
0.000005
0.000005
0.000005
0.000005
0.000005
0.000005
0.000005
0.000005
0.000005
0.000004
0.000004
0.000004
0.000004
0.000004
0.000004
0.000004
0.000004
0.000004
0.000004
0.000004
0.000004
0.000004
0.000004
0.000004
0.000004
0.000003
0.000003
0.000003
0.000003
0.000003
0.000003
0.000003
0.000003
0.000003
0.000003
0.000003
0.000003
0.000003
0.000003
0.000003
0.000003
0.000003
0.000003
0.000003
0.000002
0.000002
0.000002
0.000002
0.000002
0.000002
0.000002
0.000002
0.000002
0.000002
0.000002
0.000002
0.000002
0.000002
0.000002
0.000002
0.000002
0.000002
0.000002
0.000002
0.000002
0.000002
0.000002
0.000002
0.000002
0.000001
0.000001
0.000001
0.000001
0.000001
0.000001
0.000001
0.000001
0.000001
0.000001
0.000001
0.000001
0.000001
0.000001
0.000001
0.000001
0.000001
0.000001
0.000001
0.000001
0.000001
0.000001
0.000001
0.000001
0.000001
0.000001
0.000001
0.000001
0.000001
0.000001
0.000001
0.000001
0.000001
0.000001
0.000001
0.000001
0.000001
0.000001
0.000001
0.000001
0.000001
0.000001
0.000001
0.000001
0.000001
0.000001
0.000001
0.000001
0.000001
0.000001
0.000001
0.000001
0.000001
0.000001
0.000001
0.000000
0.000000
0.000000
0.000000
0.000000
0.000000
0.000000
0.000000
0.000000
0.000000
0.000002
0.000001
0.000001
0.000001
0.000001
0.000001
0.000001
0.000001
0.000001
0.000001
0.000001
0.000001
0.000001
0.000001
0.000001
0.000001
0.000002
0.000001
0.000001
0.000001
0.000002
0.000001
0.000002
0.000001
0.000002
0.000001
0.000002
0.000001
0.000002
0.000001
0.000002
0.000001
0.000002
0.000001
0.000002
0.000001
0.000002
0.000001
0.000002
0.000001
0.000002
0.000001
0.000002
0.000001
0.000002
0.000001
0.000001
0.000002
0.000001
0.000003
0.000001
0.000001
0.000002
0.000001
0.000003
0.000001
0.000001
0.000003
0.000001
0.000003
0.000001
0.000002
0.000003
0.000001
0.000001
0.000003
0.000001
0.000001
0.000003
0.000001
0.000002
0.000003
0.000001
0.000002
0.000003
0.000002
0.000002
0.000004
0.000002
0.000002
0.000004
0.000002
0.000002
0.000004
0.000002
0.000003
0.000004
0.000003
0.000003
0.000004
0.000003
0.000003
0.000005
0.000003
0.000003
0.000005
0.000003
0.000003
0.000005
0.000003
0.000003
0.000005
0.000003
0.000003
0.000005
0.000003
0.000003
0.000005
0.000003
0.000003
0.000005
0.000003
0.000003
0.000005
0.000003
0.000004
0.000005
0.000004
0.000004
0.000006
0.000004
0.000004
0.000006
0.000004
0.000004
0.000006
0.000005
0.000005
0.000005
0.000007
0.000005
0.000005
0.000005
0.000005
0.000005
0.000005
0.000006
0.000006
0.000006
0.000006
0.000006
0.000006
0.000006
0.000006
0.000006
0.000006
0.000006
0.000006
0.000006
0.000006
0.000006
0.000006
0.000006
0.000006
0.000006
0.000006
0.000007
0.000007
0.000007
0.000007
0.000007
0.000007
0.000007
0.000007
0.000007
0.000007
0.000007
0.000008
0.000008
0.000008
0.000008
0.000008
0.000008
0.000008
0.000008
0.000008
0.000008
0.000009
0.000009
0.000009
0.000009
0.000009
0.000009
0.000009
0.000009
0.000009
0.000009
0.000009
0.000009
0.000009
0.000009
0.000010
0.000010
0.000010
0.000010
0.000010
0.000010
0.000010
0.000010
0.000010
0.000010
0.000010
0.000010
0.000010
0.000010
0.000010
0.000011
0.000011
0.000011
0.000011
0.000011
0.000011
0.000011
0.000011
0.000011
0.000011
0.000012
0.000012
0.000012
0.000012
0.000012
0.000012
0.000012
0.000012
0.000012
0.000012
0.000013
0.000013
0.000013
0.000013
0.000013
0.000013
0.000013
0.000013
0.000013
0.000013
0.000013
0.000013
0.000013
0.000013
0.000013
0.000014
0.000014
0.000014
0.000014
0.000014
0.000014
0.000014
0.000014
0.000014
0.000014
0.000014
0.000014
0.000014
0.000015
0.000015
0.000015
0.000015
0.000015
0.000015
0.000015
0.000015
0.000015
0.000015
0.000015
0.000016
0.000016
0.000016
0.000016
0.000016
0.000016
0.000016
0.000016
0.000016
0.000016
0.000016
0.000016
0.000017
0.000017
0.000017
0.000017
0.000017
0.000017
0.000017
0.000017
0.000017
0.000017
0.000017
0.000017
0.000017
0.000017
0.000017
0.000017
0.000017
0.000018
0.000018
0.000018
0.000018
0.000018
0.000018
0.000018
0.000018
0.000018
0.000018
0.000018
0.000018
0.000018
0.000018
0.000018
0.000019
0.000019
0.000019
0.000019
0.000019
0.000019
0.000019
0.000019
0.000019
0.000019
0.000019
0.000019
0.000019
0.000019
0.000019
0.000020
0.000020
0.000020
0.000020
0.000020
0.000020
0.000020
0.000020
0.000020
0.000020
0.000020
0.000020
0.000020
0.000020
0.000020
0.000020
0.000020
0.000020
0.000020
0.000020
0.000020
0.000020
0.000020
0.000020
0.000021
0.000021
0.000021
0.000021
0.000021
0.000021
0.000021
0.000021
0.000021
0.000021
0.000021
0.000021
0.000021
0.000021
0.000021
0.000021
0.000021
0.000021
0.000021
0.000021
0.000021
0.000021
0.000021
0.000021
0.000021
0.000021
0.000022
0.000022
0.000022
0.000022
0.000022
0.000022
0.000022
0.000022
0.000022
0.000022
0.000022
0.000022
0.000022
0.000022
0.000022
0.000022
0.000022
0.000022
0.000022
0.000022
0.000022
0.000022
0.000022
0.000022
0.000022
0.000022
0.000022
0.000022
0.000022
0.000022
0.000022
0.000022
0.000022
0.000022
0.000022
0.000022
0.000022
0.000022
0.000022
0.000022
0.000022
0.000022
0.000022
0.000022
0.000022
0.000022
0.000022
0.000022
0.000022
0.000022
0.000022
0.000022
0.000022
0.000022
0.000022
0.000022
0.000022
0.000022
0.000022
0.000022
0.000022
0.000022
0.000022
0.000022
0.000022
0.000022
0.000022
0.000022
0.000022
0.000022
0.000022
0.000022
0.000022
0.000022
0.000022
0.000022
0.000022
0.000022
0.000022
0.000021
0.000021
0.000021
0.000021
0.000021
0.000021
0.000021
0.000021
0.000021
0.000021
0.000021
0.000021
0.000021
0.000021
0.000021
0.000021
0.000021
0.000021
0.000021
0.000021
0.000021
0.000021
0.000021
0.000021
0.000021
0.000021
0.000021
0.000021
0.000021
0.000021
0.000020
0.000020
0.000020
0.000020
0.000020
0.000020
0.000020
0.000020
0.000020
0.000020
0.000020
0.000020
0.000020
0.000020
0.000020
0.000020
0.000020
0.000020
0.000020
0.000020
0.000020
0.000020
0.000019
0.000019
0.000019
0.000019
0.000019
0.000019
0.000019
0.000019
0.000019
0.000019
0.000019
0.000019
0.000019
0.000019
0.000019
0.000019
0.000019
0.000019
0.000018
0.000018
0.000018
0.000018
0.000018
0.000018
0.000018
0.000018
0.000018
0.000018
0.000018
0.000018
0.000018
0.000018
0.000018
0.000018
0.000017
0.000017
0.000017
0.000017
0.000017
0.000017
0.000017
0.000017
0.000017
0.000017
0.000017
0.000017
0.000017
0.000017
0.000017
0.000017
0.000016
0.000016
0.000016
0.000016
0.000016
0.000016
0.000016
0.000016
0.000016
0.000016
0.000016
0.000016
0.000016
0.000016
0.000015
0.000015
0.000015
0.000015
0.000015
0.000015
0.000015
0.000015
0.000015
0.000015
0.000015
0.000015
0.000015
0.000014
0.000014
0.000014
0.000014
0.000014
0.000014
0.000014
0.000014
0.000014
0.000014
0.000014
0.000014
0.000014
0.000014
0.000013
0.000013
0.000013
0.000013
0.000013
0.000013
0.000013
0.000013
0.000013
0.000013
0.000013
0.000013
0.000013
0.000013
0.000012
0.000012
0.000012
0.000012
0.000012
0.000012
0.000012
0.000012
0.000012
0.000012
0.000012
0.000012
0.000012
0.000011
0.000011
0.000011
0.000011
0.000011
0.000011
0.000011
0.000011
0.000011
0.000011
0.000011
0.000011
0.000011
0.000010
0.000010
0.000010
0.000010
0.000010
0.000010
0.000010
0.000010
0.000010
0.000010
0.000010
0.000010
0.000010
0.000010
0.000010
0.000009
0.000009
0.000009
0.000009
0.000009
0.000009
0.000009
0.000009
0.000009
0.000009
0.000009
0.000009
0.000009
0.000009
0.000008
0.000008
0.000008
0.000008
0.000008
0.000008
0.000008
0.000008
0.000008
0.000008
0.000008
0.000008
0.000008
0.000008
0.000008
0.000007
0.000007
0.000007
0.000007
0.000007
0.000007
0.000007
0.000007
0.000007
0.000007
0.000007
0.000007
0.000007
0.000007
0.000007
0.000007
0.000007
0.000006
0.000006
0.000006
0.000006
0.000006
0.000006
0.000006
0.000006
0.000006
0.000006
0.000006
0.000006
0.000006
0.000006
0.000006
0.000006
0.000006
0.000006
0.000005
0.000005
0.000005
0.000005
0.000005
0.000005
0.000005
0.000005
0.000005
0.000005
0.000005
0.000005
0.000005
0.000005
0.000005
0.000005
0.000005
0.000005
0.000005
0.000005
0.000004
0.000004
0.000004
0.000004
0.000004
0.000004
0.000004
0.000004
0.000004
0.000004
0.000004
0.000004
0.000004
0.000004
0.000004
0.000004
0.000004
0.000004
0.000004
0.000004
0.000004
0.000004
0.000004
0.000004
0.000004
0.000003
0.000003
0.000003
0.000003
0.000003
0.000003
0.000003
0.000003
0.000003
0.000003
0.000003
0.000003
0.000003
0.000003
0.000003
0.000003
0.000003
0.000003
0.000003
0.000003
0.000003
0.000003
0.000003
0.000003
0.000003
0.000003
0.000003
0.000003
0.000003
0.000003
0.000003
0.000003
0.000002
0.000002
0.000002
0.000002
0.000002
0.000002
0.000002
0.000002
0.000002
0.000002
0.000002
0.000002
0.000002
0.000002
0.000002
0.000002
0.000002
0.000002
0.000002
0.000002
0.000002
0.000002
0.000002
0.000002
0.000002
0.000002
0.000002
0.000002
0.000002
0.000002
0.000002
0.000002
0.000002
0.000002
0.000002
0.000002
0.000002
0.000002
0.000002
0.000002
0.000002
0.000002
0.000002
0.000002
0.000002
0.000002
0.000002
0.000002
0.000002
0.000002
0.000001
0.000001
0.000001
0.000001
0.000001
0.000001
0.000001
0.000001
0.000001
0.000001
0.000001
0.000001
0.000001
0.000001
0.000001
0.000001
0.000001
0.000001
0.000001
0.000001
0.000001
0.000001
0.000001
0.000001
0.000001
0.000001
0.000001
0.000001
0.000001
0.000001
0.000001
0.000001
0.000001
0.000001
0.000001
0.000001
0.000001
0.000001
0.000001
0.000001
0.000001
0.000001
0.000001
0.000001
0.000001
0.000001
0.000001
0.000001
0.000001
0.000001
0.000001
0.000001
0.000001
0.000001
0.000001
0.000001
0.000001
0.000001
0.000001
0.000001
0.000001
0.000001
0.000001
0.000001
0.000001
0.000001
0.000001
0.000001
0.000001
0.000001
0.000001
0.000001
0.000001
0.000001
0.000001
0.000001
0.000001
0.000001
0.000001
0.000001
0.000001
0.000001
0.000001
0.000001
0.000001
0.000001
0.000001
0.000001
0.000001
0.000001
0.000001
0.000001
0.000001
0.000001
0.000001
0.000001
0.000001
0.000001
0.000001
0.000001
0.000001
0.000001
0.000001
0.000001
0.000001
0.000001
0.000001
0.000001
0.000001
0.000001
0.000001
0.000001
0.000001
0.000001
0.000001
0.000001
0.000001
0.000000
0.000000
0.000000
0.000000
0.000000
0.000000
0.000000
0.000000
0.000000
0.000000
0.000000
0.000000
0.000000
0.000000
0.000000
0.000000
0.000000
0.000000
0.000000
0.000000
0.000000
0.000000
0.000000
0.000000
0.000000
0.000000
0.000000
0.000000
0.000000
0.000000
0.000000
0.000000
0.000001
0.000001
0.000001
0.000001
0.000001
0.000001
0.000001
0.000001
0.000001
0.000001
0.000001
0.000001
0.000001
0.000001
0.000001
0.000001
0.000001
0.000001
0.000001
0.000001
0.000001
0.000001
0.000001
0.000001
0.000001
0.000001
0.000001
0.000001
0.000001
0.000001
0.000001
0.000001
0.000001
0.000001
0.000001
0.000001
0.000001
0.000001
0.000001
0.000001
0.000001
0.000001
0.000001
0.000001
0.000001
0.000001
0.000001
0.000001
0.000001
0.000001
0.000001
0.000001
0.000001
0.000001
0.000001
0.000001
0.000001
0.000001
0.000001
0.000001
0.000001
0.000001
0.000001
0.000001
0.000001
0.000001
0.000001
0.000001
0.000001
0.000001
0.000000
0.000000
0.000000
0.000000
0.000000
0.000000
0.000000
0.000000
0.000000
0.000000
0.000000
0.000000
0.000000
0.000000
0.000000
0.000000
0.000000
0.000000
0.000000
0.000000
0.000000
0.000000
0.000000
0.000005
0.000001
0.000002
0.000003
0.000002
0.000003
0.000001
0.000003
0.000002
0.000002
0.000002
0.000002
0.000002
0.000002
0.000004
0.000001
0.000002
0.000003
0.000003
0.000002
0.000003
0.000002
0.000003
0.000003
0.000003
0.000003
0.000003
0.000003
0.000003
0.000003
0.000003
0.000003
0.000003
0.000003
0.000003
0.000003
0.000003
0.000003
0.000003
0.000003
0.000003
0.000003
0.000003
0.000003
0.000003
0.000001
0.000004
0.000004
0.000002
0.000002
0.000003
0.000004
0.000002
0.000004
0.000003
0.000003
0.000004
0.000003
0.000004
0.000003
0.000004
0.000002
0.000004
0.000004
0.000002
0.000003
0.000004
0.000005
0.000003
0.000002
0.000004
0.000004
0.000003
0.000002
0.000004
0.000002
0.000004
0.000003
0.000003
0.000004
0.000003
0.000003
0.000003
0.000003
0.000003
0.000003
0.000004
0.000004
0.000004
0.000004
0.000004
0.000004
0.000004
0.000004
0.000004
0.000005
0.000005
0.000005
0.000005
0.000005
0.000005
0.000005
0.000005
0.000005
0.000005
0.000005
0.000005
0.000006
0.000005
0.000006
0.000005
0.000006
0.000005
0.000006
0.000005
0.000006
0.000005
0.000006
0.000005
0.000006
0.000005
0.000006
0.000005
0.000006
0.000005
0.000006
0.000005
0.000006
0.000006
0.000006
0.000006
0.000006
0.000006
0.000006
0.000006
0.000007
0.000006
0.000007
0.000007
0.000007
0.000007
0.000008
0.000007
0.000008
0.000008
0.000008
0.000008
0.000008
0.000008
0.000009
0.000008
0.000009
0.000009
0.000009
0.000009
0.000009
0.000009
0.000009
0.000009
0.000009
0.000009
0.000009
0.000009
0.000009
0.000009
0.000009
0.000009
0.000009
0.000009
0.000009
0.000009
0.000010
0.000009
0.000010
0.000009
0.000010
0.000009
0.000010
0.000010
0.000010
0.000010
0.000011
0.000010
0.000011
0.000011
0.000011
0.000011
0.000012
0.000011
0.000012
0.000012
0.000012
0.000012
0.000013
0.000012
0.000013
0.000012
0.000013
0.000013
0.000013
0.000013
0.000013
0.000013
0.000014
0.000013
0.000014
0.000013
0.000014
0.000013
0.000014
0.000013
0.000014
0.000014
0.000014
0.000014
0.000014
0.000014
0.000014
0.000014
0.000015
0.000014
0.000015
0.000014
0.000015
0.000014
0.000015
0.000015
0.000015
0.000015
0.000016
0.000015
0.000016
0.000016
0.000016
0.000016
0.000017
0.000016
0.000017
0.000017
0.000017
0.000017
0.000018
0.000017
0.000018
0.000018
0.000018
0.000018
0.000019
0.000018
0.000019
0.000018
0.000019
0.000018
0.000019
0.000018
0.000019
0.000019
0.000019
0.000019
0.000019
0.000019
0.000020
0.000019
0.000020
0.000019
0.000020
0.000019
0.000020
0.000019
0.000020
0.000020
0.000020
0.000020
0.000021
0.000020
0.000021
0.000020
0.000021
0.000021
0.000022
0.000021
0.000022
0.000021
0.000022
0.000022
0.000022
0.000022
0.000023
0.000022
0.000023
0.000023
0.000023
0.000023
0.000024
0.000023
0.000024
0.000023
0.000024
0.000023
0.000024
0.000024
0.000024
0.000024
0.000024
0.000024
0.000024
0.000024
0.000025
0.000024
0.000025
0.000024
0.000025
0.000024
0.000025
0.000025
0.000025
0.000025
0.000025
0.000025
0.000026
0.000025
0.000026
0.000028
0.000026
0.000025
0.000026
0.000026
0.000028
0.000025
0.000026
0.000027
0.000028
0.000026
0.000027
0.000027
0.000028
0.000026
0.000027
0.000028
0.000029
0.000027
0.000028
0.000028
0.000029
0.000027
0.000028
0.000029
0.000030
0.000028
0.000029
0.000029
0.000030
0.000028
0.000029
0.000030
0.000031
0.000028
0.000029
0.000030
0.000029
0.000028
0.000028
0.000028
0.000028
0.000028
0.000028
0.000028
0.000028
0.000028
0.000028
0.000028
0.000028
0.000029
0.000029
0.000029
0.000029
0.000029
0.000029
0.000029
0.000029
0.000029
0.000030
0.000030
0.000030
0.000030
0.000030
0.000030
0.000030
0.000031
0.000031
0.000031
0.000031
0.000031
0.000031
0.000031
0.000031
0.000031
0.000031
0.000031
0.000031
0.000031
0.000031
0.000031
0.000031
0.000031
0.000031
0.000031
0.000031
0.000031
0.000031
0.000031
0.000031
0.000031
0.000031
0.000031
0.000031
0.000031
0.000031
0.000031
0.000031
0.000031
0.000031
0.000031
0.000031
0.000031
0.000031
0.000031
0.000032
0.000032
0.000032
0.000032
0.000032
0.000032
0.000032
0.000032
0.000032
0.000032
0.000032
0.000032
0.000032
0.000032
0.000032
0.000032
0.000032
0.000032
0.000032
0.000032
0.000032
0.000032
0.000032
0.000032
0.000032
0.000032
0.000032
