0.078194
0.153431
0.234866
0.252054
0.231093
0.204288
0.184771
0.179562
0.188970
0.203935
0.216259
0.222751
0.223504
0.219777
0.212827
0.203385
0.191581
0.177221
0.160131
0.140369
0.118274
0.094389
0.069345
0.043766
0.018230
0.006742
0.030670
0.053117
0.073692
0.092068
0.108005
0.121358
0.132081
0.140229
0.145946
0.149458
0.151061
0.151125
0.150028
0.148197
0.146067
0.144062
0.142560
0.141883
0.142286
0.143973
0.147118
0.151894
0.158500
0.167175
0.178181
0.191787
0.208230
0.227682
0.250231
0.275859
0.304451
0.335796
0.369594
0.405471
0.442990
0.481622
0.520882
0.560190
0.598939
0.636511
0.672292
0.705683
0.736120
0.763077
0.786087
0.804748
0.818740
0.827833
0.831897
0.830908
0.824953
0.814228
0.799037
0.779791
0.756994
0.731239
0.703195
0.673590
0.643193
0.612863
0.583284
0.555226
0.529418
0.506510
0.487052
0.471477
0.460109
0.453183
0.450874
0.453326
0.460667
0.473016
0.490460
0.513037
0.540696
0.573283
0.610517
0.651994
0.697191
0.745484
0.796164
0.848458
0.901544
0.954498
1.006596
1.056975
1.104787
1.149230
1.189562
1.225119
1.255320
1.279679
1.297809
1.309431
1.314381
1.312618
1.304223
1.289406
1.268500
1.241961
1.210354
1.174348
1.134702
1.092251
1.047889
1.002549
0.957184
0.912851
0.870296
0.830399
0.793985
0.761783
0.734405
0.712333
0.695930
0.685454
0.681079
0.682912
0.690996
0.705315
0.725777
0.752202
0.784308
0.821697
0.863861
0.910179
0.959932
1.012319
1.066475
1.121490
1.176315
1.230200
1.282204
1.331405
1.376935
1.418002
1.453908
1.484054
1.507947
1.525205
1.535560
1.538864
1.535098
1.524369
1.506915
1.483097
1.453400
1.418418
1.378845
1.335462
1.289122
1.240729
1.191227
1.141573
1.092849
1.045774
1.001237
0.960082
0.923061
0.890816
0.863869
0.842616
0.827346
0.818246
0.815418
0.818883
0.828584
0.844383
0.866053
0.893276
0.925631
0.962601
1.003575
1.047854
1.094669
1.143193
1.192560
1.241882
1.290138
1.336661
1.380591
1.421106
1.457448
1.488947
1.515040
1.535273
1.549304
1.556908
1.557971
1.552498
1.540613
1.522555
1.498679
1.469450
1.435432
1.397280
1.355722
1.311547
1.265589
1.218707
1.171767
1.125754
1.081293
1.039176
1.000145
0.964862
0.933888
0.907673
0.886557
0.870778
0.860483
0.855738
0.856532
0.862784
0.874342
0.890979
0.912390
0.938189
0.967911
1.001015
1.036889
1.074862
1.114217
1.154205
1.194061
1.232895
1.270143
1.305078
1.336999
1.365269
1.389326
1.408705
1.423039
1.432061
1.435611
1.433626
1.426147
1.413315
1.395373
1.372659
1.345599
1.314706
1.280560
1.243801
1.205112
1.165208
1.124812
1.084648
1.045527
1.007954
0.972556
0.939910
0.910515
0.884780
0.863020
0.845459
0.832239
0.823429
0.819034
0.819005
0.823242
0.831592
0.843852
0.859763
0.879004
0.901200
0.925914
0.952655
0.980890
1.010045
1.039524
1.068719
1.096927
1.123699
1.148467
1.170694
1.189892
1.205642
1.217599
1.225503
1.229182
1.228547
1.223594
1.214402
1.201131
1.184023
1.163389
1.139614
1.113140
1.084462
1.054113
1.022650
0.990645
0.958668
0.927273
0.897062
0.868401
0.841727
0.817415
0.795772
0.777029
0.761342
0.748800
0.739436
0.733234
0.730145
0.730090
0.732964
0.738636
0.746948
0.757708
0.770687
0.785617
0.802187
0.820047
0.838811
0.858066
0.877379
0.896237
0.914299
0.931137
0.946341
0.959531
0.970373
0.978587
0.983957
0.986328
0.985614
0.981793
0.974908
0.965069
0.952445
0.937266
0.919816
0.900426
0.879466
0.857338
0.834460
0.811258
0.788154
0.765550
0.743878
0.723386
0.704361
0.687035
0.671578
0.658101
0.646653
0.637236
0.629815
0.624327
0.620698
0.618844
0.618683
0.620132
0.623107
0.627515
0.633253
0.640199
0.648207
0.657102
0.666683
0.676721
0.686962
0.697138
0.706912
0.716083
0.724379
0.731540
0.737327
0.741538
0.744009
0.744627
0.743326
0.740090
0.734955
0.728003
0.719364
0.709208
0.697749
0.685231
0.671927
0.658126
0.644126
0.630220
0.616686
0.603776
0.591704
0.580684
0.570766
0.562019
0.554465
0.548077
0.542791
0.538512
0.535130
0.532529
0.530598
0.529243
0.528387
0.527975
0.527969
0.528348
0.529100
0.530218
0.531690
0.533494
0.535596
0.537943
0.540465
0.543071
0.545612
0.548037
0.550227
0.552056
0.553404
0.554167
0.554263
0.553643
0.552284
0.550199
0.547431
0.544055
0.540172
0.535909
0.531415
0.526850
0.522384
0.518181
0.514396
0.511160
0.508576
0.506711
0.505589
0.505219
0.505506
0.506368
0.507700
0.509379
0.511268
0.513229
0.515128
0.516849
0.518291
0.519380
0.520065
0.520319
0.520142
0.519551
0.518583
0.517290
0.515733
0.513979
0.512096
0.510150
0.508204
0.506312
0.504515
0.502862
0.501385
0.500103
0.499032
0.498188
0.497587
0.497252
0.497211
0.497498
0.498153
0.499220
0.500744
0.502768
0.505332
0.508468
0.512197
0.516524
0.521435
0.526898
0.532861
0.539250
0.545977
0.552909
0.559964
0.567026
0.573972
0.580681
0.587037
0.592937
0.598291
0.603028
0.607095
0.610455
0.613094
0.615009
0.616221
0.616763
0.616684
0.616048
0.614931
0.613416
0.611594
0.609560
0.607411
0.605243
0.603150
0.601274
0.599627
0.598291
0.597344
0.596859
0.596897
0.597508
0.598730
0.600591
0.603108
0.606290
0.610136
0.614636
0.619771
0.625510
0.631812
0.638624
0.645882
0.653514
0.661436
0.669563
0.677800
0.686054
0.694148
0.702103
0.709825
0.717216
0.724183
0.730648
0.736548
0.741837
0.746488
0.750484
0.753822
0.756509
0.758563
0.760010
0.760890
0.761251
0.761153
0.760663
0.759854
0.758805
0.757598
0.756312
0.755030
0.753926
0.752932
0.752128
0.751596
0.751416
0.751650
0.752347
0.753539
0.755245
0.757473
0.760226
0.763497
0.767275
0.771540
0.776265
0.781412
0.786936
0.792783
0.798895
0.805206
0.811649
0.818155
0.824655
0.831078
0.837250
0.843271
0.849071
0.854573
0.859705
0.864408
0.868645
0.872392
0.875642
0.878394
0.880655
0.882434
0.883749
0.884621
0.885080
0.885161
0.884909
0.884374
0.883608
0.882668
0.881611
0.880495
0.879375
0.878422
0.877509
0.876696
0.876053
0.875646
0.875524
0.875722
0.876254
0.877127
0.878341
0.879891
0.881770
0.883969
0.886473
0.889261
0.892307
0.895576
0.899031
0.902628
0.906324
0.910071
0.913825
0.917538
0.921026
0.924504
0.927860
0.931020
0.933924
0.936528
0.938809
0.940758
0.942370
0.943646
0.944585
0.945186
0.945455
0.945398
0.945030
0.944372
0.943450
0.942294
0.940937
0.939414
0.937761
0.936013
0.934207
0.932379
0.930562
0.928909
0.927261
0.925664
0.924172
0.922835
0.921685
0.920738
0.919998
0.919458
0.919110
0.918947
0.918959
0.919139
0.919474
0.919949
0.920544
0.921235
0.921996
0.922799
0.923614
0.924413
0.925167
0.925850
0.926321
0.926739
0.927063
0.927242
0.927231
0.926999
0.926533
0.925830
0.924896
0.923736
0.922355
0.920757
0.918947
0.916930
0.914719
0.912327
0.909771
0.907072
0.904250
0.901328
0.898328
0.895270
0.892176
0.889068
0.886067
0.883023
0.879969
0.876950
0.874005
0.871156
0.868413
0.865774
0.863233
0.860783
0.858419
0.856138
0.853937
0.851810
0.849749
0.847742
0.845776
0.843836
0.841905
0.839967
0.838005
0.836005
0.833950
0.831731
0.829491
0.827199
0.824816
0.822307
0.819652
0.816846
0.813889
0.810788
0.807547
0.804168
0.800654
0.797004
0.793223
0.789314
0.785287
0.781150
0.776916
0.772595
0.768200
0.763743
0.759235
0.754687
0.750112
0.745519
0.741001
0.736431
0.731833
0.727240
0.722677
0.718160
0.713689
0.709261
0.704868
0.700506
0.696170
0.691859
0.687571
0.683303
0.679051
0.674808
0.670567
0.666318
0.662053
0.657765
0.653445
0.649085
0.644610
0.640129
0.635619
0.631054
0.626411
0.621679
0.616855
0.611943
0.606948
0.601873
0.596719
0.591486
0.586175
0.580785
0.575321
0.569785
0.564183
0.558521
0.552804
0.547039
0.541230
0.535383
0.529505
0.523600
0.517674
0.511732
0.505829
0.499819
0.493895
0.487945
0.481977
0.476003
0.470035
0.464077
0.458129
0.452187
0.446247
0.440305
0.434358
0.428405
0.422443
0.416470
0.410483
0.404480
0.398456
0.392409
0.386334
0.380229
0.374056
0.367874
0.361672
0.355437
0.349156
0.342828
0.336451
0.330031
0.323569
0.317068
0.310531
0.303956
0.297344
0.290697
0.284016
0.277303
0.270561
0.263792
0.257000
0.250185
0.243351
0.236500
0.229633
0.222753
0.215861
0.208958
0.202047
0.195145
0.188201
0.181282
0.174347
0.167399
0.160443
0.153481
0.146514
0.139541
0.132560
0.125569
0.118567
0.111553
0.104527
0.097487
0.090433
0.083365
0.076282
0.069183
0.062069
0.054934
0.047792
0.040627
0.033449
0.026258
0.019052
0.011831
0.004597
0.002650
0.009906
0.017173
0.024447
0.031729
0.039018
0.046312
0.053610
0.060912
0.068216
0.075521
0.082828
0.090135
0.097442
0.104749
0.112055
0.119362
0.126668
0.133974
0.141281
0.148609
0.155900
0.163222
0.170542
0.177862
0.185183
0.192509
0.199841
0.207179
0.214525
0.221877
0.229235
0.236598
0.243966
0.251340
0.258718
0.266101
0.273488
0.280878
0.288240
0.295657
0.303022
0.310398
0.317781
0.325164
0.332542
0.339908
0.347262
0.354603
0.361931
0.369247
0.376551
0.383842
0.391118
0.398378
0.405621
0.412847
0.420055
0.427247
0.434421
0.441579
0.448722
0.455848
0.462960
0.470058
0.477143
0.484216
0.491278
0.498330
0.505433
0.512410
0.519469
0.526506
0.533526
0.540534
0.547537
0.554539
0.561541
0.568541
0.575536
0.582525
0.589505
0.596477
0.603439
0.610391
0.617348
0.624202
0.631159
0.638006
0.644945
0.651758
0.658577
0.665398
0.672209
0.678998
0.685756
0.692479
0.699169
0.705827
0.712458
0.719061
0.725637
0.732184
0.738700
0.745185
0.751638
0.758059
0.764451
0.770813
0.777146
0.783452
0.789730
0.795983
0.802210
0.808414
0.814594
0.820752
0.826888
0.833005
0.839199
0.845188
0.851297
0.857266
0.863371
0.869429
0.875336
0.881377
0.887372
0.893216
0.899217
0.905026
0.910989
0.916770
0.922660
0.928370
0.934197
0.939853
0.945631
0.951234
0.956848
0.962575
0.968099
0.973609
0.979107
0.984585
0.990030
0.995434
1.000790
1.006098
1.011362
1.016585
1.021770
1.026916
1.032026
1.037096
1.042128
1.047120
1.052073
1.056989
1.061868
1.066711
1.071521
1.076296
1.081039
1.085750
1.090429
1.095077
1.099695
1.104283
1.108965
1.113385
1.117970
1.122323
1.126866
1.131205
1.135679
1.139946
1.144349
1.148547
1.152887
1.157021
1.161296
1.165361
1.169565
1.173556
1.177682
1.181592
1.185508
1.189556
1.193366
1.197159
1.200936
1.204689
1.208404
1.212070
1.215680
1.219235
1.222737
1.226192
1.229602
1.232970
1.236296
1.239578
1.242817
1.246011
1.249160
1.252267
1.255332
1.258355
1.261340
1.264285
1.267192
1.270061
1.272893
1.275688
1.278447
1.281170
1.283857
1.286509
1.289125
1.291843
1.294273
1.296875
1.299242
1.301755
1.304050
1.306499
1.308730
1.311111
1.313267
1.315564
1.317632
1.319839
1.321817
1.323797
1.325917
1.327790
1.329642
1.331478
1.333288
1.335059
1.336780
1.338443
1.340049
1.341602
1.343104
1.344562
1.345977
1.347349
1.348678
1.349963
1.351203
1.352398
1.353550
1.354658
1.355725
1.356752
1.357738
1.358686
1.359595
1.360466
1.361298
1.362093
1.362851
1.363571
1.364255
1.364901
1.365511
1.366084
1.366620
1.367119
1.367579
1.368002
1.368386
1.368731
1.369037
1.369302
1.369527
1.369711
1.369853
1.369953
1.370010
1.370024
1.369995
1.369922
1.369806
1.369645
1.369439
1.369190
1.368896
1.368558
1.368176
1.367751
1.367282
1.366771
1.366217
1.365622
1.364986
1.364309
1.363592
1.362837
1.362042
1.361210
1.360341
1.359436
1.358494
1.357517
1.356506
1.355460
1.354380
1.353267
1.352120
1.350940
1.349727
1.348481
1.347202
1.345890
1.344545
1.343166
1.341754
1.340308
1.338828
1.337313
1.335763
1.334178
1.332557
1.330901
1.329208
1.327479
1.325713
1.323910
1.322070
1.320193
1.318279
1.316327
1.314339
1.312313
1.310252
1.308153
1.306019
1.303850
1.301645
1.299406
1.297132
1.294826
1.292486
1.290114
1.287711
1.285277
1.282813
1.280319
1.277796
1.275244
1.272664
1.270057
1.267423
1.264762
1.262074
1.259360
1.256621
1.253855
1.251064
1.248247
1.245405
1.242536
1.239642
1.236722
1.233776
1.230804
1.227805
1.224780
1.221728
1.218648
1.215542
1.212409
1.209248
1.206059
1.202844
1.199600
1.196329
1.193031
1.189706
1.186354
1.182975
1.179570
1.176138
1.172681
1.169199
1.165692
1.162161
1.158606
1.155028
1.151427
1.147804
1.144160
1.140495
1.136810
1.133105
1.129380
1.125637
1.121876
1.118096
1.114299
1.110485
1.106654
1.102807
1.098943
1.095062
1.091166
1.087254
1.083325
1.079381
1.075421
1.071446
1.067454
1.063446
1.059423
1.055383
1.051328
1.047256
1.043169
1.039066
1.034946
1.030812
1.026661
1.022495
1.018313
1.014117
1.009906
1.005680
1.001440
0.997187
0.992920
0.988640
0.984348
0.980044
0.975729
0.971403
0.967067
0.962721
0.958366
0.954003
0.949631
0.945253
0.940867
0.936475
0.932077
0.927674
0.923265
0.918852
0.914436
0.910015
0.905591
0.901164
0.896734
0.892301
0.887867
0.883430
0.878992
0.874552
0.870111
0.865668
0.861225
0.856781
0.852337
0.847893
0.843449
0.839005
0.834562
0.830120
0.825680
0.821241
0.816805
0.812372
0.807942
0.803516
0.799095
0.794678
0.790267
0.785863
0.781465
0.777075
0.772694
0.768322
0.763959
0.759608
0.755267
0.750939
0.746624
0.742323
0.738036
0.733764
0.729509
0.725270
0.721049
0.716846
0.712662
0.708497
0.704353
0.700230
0.696129
0.692051
0.687995
0.683964
0.679957
0.675975
0.672019
0.668090
0.664189
0.660316
0.656471
0.652657
0.648873
0.645120
0.641400
0.637713
0.634059
0.630441
0.626859
0.623313
0.619806
0.616337
0.612908
0.609520
0.606174
0.602871
0.599613
0.596400
0.593233
0.590114
0.587043
0.584022
0.581052
0.578134
0.575269
0.572459
0.569703
0.567004
0.564362
0.561778
0.559254
0.556790
0.554388
0.552047
0.549770
0.547557
0.545409
0.543327
0.541312
0.539364
0.537484
0.535674
0.533933
0.532264
0.530665
0.529139
0.527685
0.526305
0.524999
0.523767
0.522610
0.521529
0.520524
0.519596
0.518745
0.517971
0.517275
0.516657
0.516117
0.515655
0.515272
0.514968
0.514742
0.514595
0.514527
0.514537
0.514626
0.514793
0.515037
0.515359
0.515758
0.516234
0.516785
0.517413
0.518116
0.518893
0.519743
0.520667
0.521664
0.522731
0.523870
0.525079
0.526356
0.527702
0.529115
0.530595
0.532140
0.533749
0.535422
0.537157
0.538954
0.540811
0.542728
0.544703
0.546735
0.548823
0.550966
0.553163
0.555412
0.557714
0.560066
0.562467
0.564916
0.567413
0.569955
0.572542
0.575172
0.577845
0.580558
0.583311
0.586103
0.588932
0.591798
0.594698
0.597632
0.600599
0.603597
0.606625
0.609682
0.612767
0.615879
0.619016
0.622177
0.625362
0.628569
0.631797
0.634978
0.638285
0.641594
0.644836
0.648196
0.651472
0.654865
0.658179
0.661611
0.664953
0.668410
0.671768
0.675241
0.678611
0.682100
0.685483
0.688987
0.692379
0.695900
0.699282
0.702791
0.706183
0.709715
0.713100
0.716625
0.719999
0.723518
0.726885
0.730402
0.733762
0.737275
0.740626
0.744129
0.747464
0.750953
0.754269
0.757742
0.761037
0.764492
0.767764
0.771198
0.774444
0.777854
0.781071
0.784455
0.787640
0.790994
0.794146
0.797468
0.800583
0.803871
0.806948
0.810199
0.813236
0.816448
0.819442
0.822614
0.825564
0.828693
0.831597
0.834682
0.837539
0.840578
0.843386
0.846378
0.849136
0.852079
0.854785
0.857678
0.860331
0.863173
0.865772
0.868561
0.871104
0.873839
0.876324
0.879004
0.881431
0.884053
0.886420
0.888984
0.891290
0.893793
0.896036
0.898477
0.900656
0.903034
0.905169
0.907452
0.909475
0.911711
0.913713
0.915872
0.917792
0.919872
0.921716
0.923727
0.925506
0.927453
0.929165
0.931044
0.932684
0.934490
0.936056
0.937788
0.939279
0.940937
0.942353
0.943936
0.945276
0.946783
0.948046
0.949474
0.950658
0.952007
0.953111
0.954380
0.955402
0.956591
0.957531
0.958638
0.959495
0.960519
0.961293
0.962234
0.962924
0.963780
0.964387
0.965159
0.965681
0.966368
0.966806
0.967408
0.967760
0.968278
0.968545
0.968978
0.969160
0.969507
0.969604
0.969865
0.969876
0.970052
0.969977
0.970066
0.969906
0.969909
0.969662
0.969578
0.969245
0.969073
0.968653
0.968393
0.967885
0.967538
0.966942
0.966505
0.965820
0.965295
0.964521
0.963906
0.963043
0.962337
0.961385
0.960589
0.959547
0.958660
0.957528
0.956550
0.955328
0.954260
0.952948
0.951788
0.950386
0.949136
0.947644
0.946303
0.944722
0.943291
0.941620
0.940098
0.938339
0.936727
0.934879
0.933177
0.931241
0.929450
0.927425
0.925545
0.923433
0.921464
0.919264
0.917206
0.914918
0.912773
0.910398
0.908164
0.905702
0.903379
0.900831
0.898420
0.895785
0.893286
0.890564
0.887978
0.885170
0.882496
0.879602
0.876840
0.873860
0.871011
0.867945
0.865009
0.861859
0.858836
0.855600
0.852492
0.849171
0.845977
0.842573
0.839293
0.835805
0.832441
0.828870
0.825421
0.821769
0.818236
0.814502
0.810887
0.807072
0.803374
0.799479
0.795699
0.791724
0.787864
0.783810
0.779869
0.775737
0.771716
0.767507
0.763407
0.759121
0.754942
0.750579
0.746323
0.741885
0.737551
0.733037
0.728627
0.724039
0.719552
0.714891
0.710328
0.705594
0.700956
0.696149
0.691438
0.686559
0.681774
0.676824
0.671966
0.666945
0.662015
0.656926
0.651924
0.646766
0.641694
0.636468
0.631326
0.626033
0.620823
0.615463
0.610185
0.604761
0.599416
0.593927
0.588516
0.582964
0.577487
0.571873
0.566333
0.560657
0.555053
0.549317
0.543651
0.537856
0.532128
0.526274
0.520487
0.514575
0.508728
0.502759
0.496853
0.490829
0.484866
0.478787
0.472767
0.466634
0.460558
0.454373
0.448242
0.442005
0.435820
0.429532
0.423295
0.416957
0.410668
0.404281
0.397941
0.391506
0.385116
0.378635
0.372196
0.365669
0.359183
0.352611
0.346079
0.339463
0.332886
0.326228
0.319606
0.312907
0.306241
0.299502
0.292795
0.286016
0.279268
0.272452
0.265664
0.258811
0.251984
0.245095
0.238231
0.231308
0.224407
0.217451
0.210515
0.203526
0.196556
0.189536
0.182533
0.175483
0.168430
0.161386
0.154297
0.147199
0.140093
0.132988
0.125843
0.118690
0.111529
0.104369
0.097176
0.089975
0.082767
0.075555
0.068318
0.061074
0.053823
0.046565
0.039289
0.032006
0.024716
0.017417
0.010106
0.002790
0.004534
0.011870
0.019209
0.026555
0.033907
0.041275
0.048639
0.056009
0.063385
0.070779
0.078163
0.085552
0.092947
0.100349
0.107756
0.115167
0.122581
0.129996
0.137413
0.144832
0.152253
0.159675
0.167100
0.174526
0.181953
0.189380
0.196807
0.204233
0.211659
0.219085
0.226509
0.233932
0.241353
0.248773
0.256189
0.263604
0.271015
0.278423
0.285828
0.293228
0.300625
0.308017
0.315404
0.322786
0.330163
0.337533
0.344898
0.352256
0.359608
0.366953
0.374290
0.381620
0.388942
0.396256
0.403561
0.410857
0.418144
0.425422
0.432690
0.439949
0.447197
0.454434
0.461661
0.468876
0.476080
0.483273
0.490453
0.497621
0.504777
0.511920
0.519049
0.526165
0.533268
0.540357
0.547431
0.554491
0.561536
0.568565
0.575580
0.582578
0.589561
0.596528
0.603477
0.610410
0.617326
0.624224
0.631105
0.637967
0.644811
0.651637
0.658443
0.665231
0.671999
0.678747
0.685475
0.692183
0.698870
0.705536
0.712181
0.718805
0.725407
0.731987
0.738545
0.745081
0.751593
0.758083
0.764550
0.770993
0.777412
0.783808
0.790179
0.796526
0.802848
0.809146
0.815418
0.821665
0.827886
0.834081
0.840250
0.846393
0.852509
0.858599
0.864661
0.870696
0.876704
0.882684
0.888636
0.894559
0.900455
0.906321
0.912158
0.917967
0.923745
0.929494
0.935214
0.940903
0.946561
0.952189
0.957787
0.963353
0.968888
0.974391
0.979863
0.985302
0.990710
0.996085
1.001428
1.006738
1.012015
1.017259
1.022469
1.027646
1.032790
1.037899
1.042975
1.048016
1.053023
1.057995
1.062933
1.067835
1.072703
1.077535
1.082333
1.087094
1.091820
1.096510
1.101164
1.105782
1.110363
1.114908
1.119416
1.123888
1.128322
1.132720
1.137080
1.141402
1.145688
1.149935
1.154144
1.158316
1.162449
1.166544
1.170600
1.174618
1.178596
1.182536
1.186437
1.190299
1.194121
1.197904
1.201648
1.205351
1.209015
1.212639
1.216223
1.219767
1.223271
1.226734
1.230157
1.233539
1.236881
1.240182
1.243443
1.246663
1.249841
1.252979
1.256076
1.259132
1.262147
1.265120
1.268052
1.270943
1.273793
1.276601
1.279367
1.282092
1.284775
1.287417
1.290017
1.292575
1.295092
1.297566
1.299998
1.302389
1.304737
1.307044
1.309308
1.311530
1.313710
1.315848
1.317943
1.319996
1.322007
1.323975
1.325901
1.327784
1.329625
1.331423
1.333179
1.334893
1.336564
1.338192
1.339778
1.341322
1.342823
1.344282
1.345698
1.347072
1.348403
1.349692
1.350939
1.352144
1.353306
1.354426
1.355504
1.356540
1.357534
1.358485
1.359395
1.360263
1.361089
1.361873
1.362615
1.363316
1.363975
1.364592
1.365168
1.365702
1.366194
1.366646
1.367056
1.367424
1.367752
1.368038
1.368283
1.368487
1.368650
1.368772
1.368853
1.368894
1.368893
1.368853
1.368771
1.368649
1.368487
1.368285
1.368042
1.367760
1.367437
1.367074
1.366672
1.366230
1.365749
1.365228
1.364668
1.364069
1.363430
1.362753
1.362037
1.361283
1.360489
1.359658
1.358788
1.357880
1.356934
1.355950
1.354929
1.353870
1.352774
1.351640
1.350469
1.349261
1.348016
1.346735
1.345417
1.344062
1.342672
1.341245
1.339782
1.338283
1.336749
1.335179
1.333573
1.331932
1.330256
1.328545
1.326800
1.325020
1.323205
1.321356
1.319472
1.317555
1.315604
1.313619
1.311601
1.309549
1.307465
1.305347
1.303196
1.301013
1.298798
1.296550
1.294271
1.291959
1.289616
1.287242
1.284836
1.282399
1.279932
1.277433
1.274905
1.272345
1.269756
1.267137
1.264489
1.261811
1.259103
1.256367
1.253602
1.250808
1.247985
1.245134
1.242256
1.239349
1.236414
1.233453
1.230463
1.227447
1.224404
1.221334
1.218238
1.215115
1.211967
1.208792
1.205592
1.202366
1.199116
1.195840
1.192539
1.189214
1.185865
1.182491
1.179093
1.175672
1.172227
1.168759
1.165268
1.161755
1.158219
1.154660
1.151079
1.147477
1.143853
1.140208
1.136541
1.132854
1.129146
1.125418
1.121669
1.117901
1.114113
1.110305
1.106479
1.102633
1.098769
1.094887
1.090986
1.087067
1.083131
1.079177
1.075206
1.071218
1.067213
1.063192
1.059155
1.055102
1.051034
1.046950
1.042850
1.038736
1.034608
1.030465
1.026308
1.022138
1.017954
1.013757
1.009546
1.005324
1.001089
0.996842
0.992583
0.988314
0.984032
0.979741
0.975438
0.971126
0.966804
0.962472
0.958131
0.953782
0.949423
0.945057
0.940683
0.936301
0.931913
0.927517
0.923115
0.918707
0.914294
0.909875
0.905451
0.901022
0.896590
0.892153
0.887713
0.883270
0.878825
0.874377
0.869927
0.865476
0.861024
0.856571
0.852119
0.847666
0.843215
0.838764
0.834315
0.829869
0.825425
0.820984
0.816546
0.812113
0.807684
0.803261
0.798843
0.794431
0.790026
0.785628
0.781238
0.776857
0.772484
0.768121
0.763768
0.759425
0.755094
0.750775
0.746469
0.742176
0.737897
0.733632
0.729383
0.725149
0.720932
0.716732
0.712551
0.708388
0.704245
0.700121
0.696019
0.691939
0.687881
0.683846
0.679836
0.675851
0.671891
0.667958
0.664052
0.660175
0.656327
0.652509
0.648722
0.644966
0.641244
0.637555
0.633901
0.630283
0.626701
0.623157
0.619651
0.616184
0.612759
0.609374
0.606032
0.602734
0.599480
0.596272
0.593110
0.589996
0.586930
0.583914
0.580949
0.578036
0.575176
0.572369
0.569617
0.566921
0.564283
0.561702
0.559180
0.556718
0.554317
0.551978
0.549701
0.547489
0.545341
0.543260
0.541244
0.539297
0.537417
0.535607
0.533867
0.532197
0.530599
0.529073
0.527620
0.526241
0.524936
0.523705
0.522550
0.521471
0.520468
0.519541
0.518692
0.517920
0.517226
0.516610
0.516072
0.515613
0.515231
0.514968
0.514704
0.514545
0.514508
0.514498
0.514606
0.514749
0.515009
0.515310
0.515726
0.516186
0.516755
0.517369
0.518087
0.518853
0.519716
0.520618
0.521629
0.522693
0.523842
0.525035
0.526323
0.527658
0.529080
0.530552
0.532105
0.533710
0.535389
0.537123
0.538925
0.540785
0.542704
0.544686
0.546719
0.548817
0.550959
0.553170
0.555416
0.557733
0.560079
0.562499
0.564938
0.567455
0.569984
0.572593
0.575199
0.577852
0.580592
0.583324
0.586143
0.588941
0.591782
0.594715
0.597621
0.600621
0.603584
0.606586
0.609684
0.612737
0.615892
0.618991
0.622126
0.625362
0.628533
0.631736
0.635043
0.638274
0.641535
0.644902
0.648184
0.651494
0.654913
0.658238
0.661590
0.665051
0.668410
0.671793
0.675288
0.678671
0.682077
0.685597
0.688996
0.692416
0.695952
0.699359
0.702785
0.706329
0.709736
0.713160
0.716705
0.720105
0.723520
0.727058
0.730444
0.733845
0.737370
0.740736
0.744115
0.747622
0.750962
0.754315
0.757797
0.761107
0.764429
0.767881
0.771156
0.774441
0.777859
0.781093
0.784337
0.787716
0.790906
0.794104
0.797438
0.800578
0.803726
0.807011
0.810097
0.813189
0.816421
0.819447
0.822478
0.825651
0.828613
0.831579
0.834688
0.837581
0.840478
0.843384
0.846426
0.849233
0.852028
0.854823
0.857616
0.860398
0.863156
0.865881
0.868570
0.871222
0.873839
0.876426
0.878986
0.881520
0.884027
0.886506
0.888955
0.891373
0.893758
0.896111
0.898432
0.900720
0.902977
0.905201
0.907393
0.909552
0.911677
0.913769
0.915827
0.917850
0.919838
0.921792
0.923710
0.925594
0.927441
0.929253
0.931028
0.932767
0.934468
0.936133
0.937761
0.939350
0.940902
0.942416
0.943892
0.945329
0.946727
0.948086
0.949406
0.950687
0.951928
0.953129
0.954291
0.955412
0.956493
0.957533
0.958533
0.959491
0.960409
0.961286
0.962122
0.962916
0.963669
0.964380
0.965050
0.965678
0.966263
0.966807
0.967308
0.967767
0.968184
0.968558
0.968890
0.969178
0.969424
0.969627
0.969787
0.969904
0.969977
0.970007
0.969993
0.969936
0.969835
0.969691
0.969502
0.969270
0.968993
0.968672
0.968307
0.967898
0.967444
0.966946
0.966404
0.965817
0.965185
0.964508
0.963787
0.963021
0.962211
0.961355
0.960455
0.959510
0.958520
0.957485
0.956405
0.955281
0.954111
0.952897
0.951638
0.950334
0.948985
0.947591
0.946153
0.944670
0.943142
0.941569
0.939952
0.938290
0.936583
0.934832
0.933036
0.931195
0.929310
0.927381
0.925407
0.923389
0.921326
0.919219
0.917067
0.914872
0.912632
0.910348
0.908020
0.905648
0.903231
0.900771
0.898267
0.895719
0.893128
0.890492
0.887813
0.885091
0.882325
0.879516
0.876663
0.873767
0.870828
0.867846
0.864822
0.861754
0.858644
0.855491
0.852296
0.849058
0.845778
0.842456
0.839092
0.835686
0.832239
0.828750
0.825219
0.821647
0.818034
0.814380
0.810685
0.806949
0.803173
0.799356
0.795499
0.791601
0.787663
0.783686
0.779668
0.775611
0.771515
0.767379
0.763204
0.758990
0.754737
0.750446
0.746116
0.741747
0.737341
0.732896
0.728413
0.723893
0.719335
0.714740
0.710107
0.705438
0.700731
0.695988
0.691209
0.686393
0.681541
0.676654
0.671730
0.666772
0.661778
0.656748
0.651684
0.646586
0.641453
0.636285
0.631084
0.625848
0.620579
0.615277
0.609942
0.604573
0.599172
0.593738
0.588272
0.582774
0.577244
0.571683
0.566090
0.560466
0.554811
0.549125
0.543409
0.537662
0.531885
0.526079
0.520243
0.514378
0.508483
0.502560
0.496608
0.490628
0.484619
0.478583
0.472519
0.466428
0.460309
0.454164
0.447992
0.441794
0.435569
0.429319
0.423043
0.416741
0.410415
0.404063
0.397687
0.391287
0.384862
0.378414
0.371943
0.365448
0.358930
0.352389
0.345826
0.339241
0.332634
0.326005
0.319355
0.312683
0.305991
0.299279
0.292546
0.285793
0.279020
0.272228
0.265417
0.258587
0.251739
0.244872
0.237987
0.231085
0.224165
0.217228
0.210274
0.203303
0.196316
0.189313
0.182295
0.175261
0.168211
0.161147
0.154069
0.146976
0.139869
0.132748
0.125614
0.118467
0.111307
0.104135
0.096950
0.089754
0.082546
0.075326
0.068096
0.060855
0.053603
0.046341
0.039070
0.031789
0.024499
0.017200
0.009892
0.002576
0.004748
0.012080
0.019419
0.026765
0.034118
0.041478
0.048843
0.056215
0.063592
0.070974
0.078362
0.085754
0.093150
0.100550
0.107955
0.115362
0.122773
0.130186
0.137603
0.145021
0.152441
0.159863
0.167286
0.174710
0.182135
0.189560
0.196985
0.204410
0.211835
0.219258
0.226681
0.234102
0.241521
0.248938
0.256353
0.263765
0.271174
0.278579
0.285981
0.293380
0.300773
0.308163
0.315547
0.322927
0.330301
0.337669
0.345031
0.352387
0.359737
0.367079
0.374414
0.381741
0.389061
0.396372
0.403675
0.410970
0.418255
0.425531
0.432797
0.440053
0.447299
0.454535
0.461759
0.468973
0.476175
0.483365
0.490544
0.497710
0.504863
0.512004
0.519131
0.526245
0.533345
0.540431
0.547503
0.554560
0.561602
0.568628
0.575640
0.582635
0.589615
0.596578
0.603524
0.610453
0.617366
0.624260
0.631137
0.637996
0.644837
0.651659
0.658462
0.665246
0.672010
0.678755
0.685479
0.692184
0.698868
0.705531
0.712173
0.718794
0.725393
0.731971
0.738526
0.745059
0.751569
0.758056
0.764520
0.770961
0.777378
0.783771
0.790140
0.796485
0.802805
0.809100
0.815369
0.821613
0.827832
0.834025
0.840191
0.846331
0.852444
0.858531
0.864590
0.870622
0.876626
0.882603
0.888551
0.894471
0.900362
0.906225
0.912059
0.917863
0.923638
0.929383
0.935098
0.940783
0.946438
0.952062
0.957656
0.963218
0.968749
0.974249
0.979717
0.985154
0.990558
0.995930
1.001270
1.006577
1.011851
1.017092
1.022300
1.027475
1.032616
1.037723
1.042796
1.047835
1.052840
1.057810
1.062745
1.067646
1.072511
1.077341
1.082136
1.086895
1.091619
1.096306
1.100957
1.105573
1.110151
1.114693
1.119199
1.123667
1.128099
1.132493
1.136850
1.141169
1.145451
1.149695
1.153901
1.158069
1.162199
1.166290
1.170343
1.174357
1.178333
1.182269
1.186167
1.190026
1.193845
1.197625
1.201366
1.205067
1.208728
1.212350
1.215931
1.219473
1.222975
1.226436
1.229857
1.233238
1.236578
1.239878
1.243137
1.246355
1.249532
1.252669
1.255764
1.258819
1.261832
1.264804
1.267734
1.270624
1.273472
1.276278
1.279043
1.281766
1.284448
1.287088
1.289686
1.292242
1.294756
1.297228
1.299659
1.302047
1.304393
1.306697
1.308959
1.311179
1.313357
1.315492
1.317585
1.319636
1.321645
1.323611
1.325535
1.327417
1.329256
1.331053
1.332807
1.334520
1.336189
1.337817
1.339402
1.340945
1.342445
1.343903
1.345319
1.346692
1.348023
1.349312
1.350559
1.351763
1.352925
1.354045
1.355123
1.356159
1.357153
1.358104
1.359014
1.359882
1.360707
1.361491
1.362233
1.362933
1.363592
1.364209
1.364784
1.365317
1.365810
1.366260
1.366669
1.367037
1.367364
1.367650
1.367894
1.368097
1.368260
1.368381
1.368462
1.368502
1.368502
1.368461
1.368379
1.368257
1.368095
1.367893
1.367651
1.367368
1.367046
1.366684
1.366283
1.365842
1.365361
1.364842
1.364282
1.363684
1.363047
1.362371
1.361657
1.360903
1.360111
1.359281
1.358413
1.357506
1.356562
1.355579
1.354559
1.353502
1.352406
1.351274
1.350104
1.348897
1.347654
1.346373
1.345056
1.343703
1.342313
1.340887
1.339425
1.337927
1.336394
1.334825
1.333220
1.331581
1.329906
1.328196
1.326452
1.324673
1.322859
1.321011
1.319130
1.317214
1.315264
1.313281
1.311265
1.309215
1.307133
1.305017
1.302869
1.300688
1.298475
1.296230
1.293953
1.291644
1.289303
1.286931
1.284528
1.282094
1.279629
1.277133
1.274607
1.272050
1.269464
1.266847
1.264201
1.261526
1.258821
1.256087
1.253324
1.250532
1.247712
1.244863
1.241987
1.239082
1.236150
1.233190
1.230203
1.227189
1.224148
1.221081
1.217987
1.214866
1.211720
1.208548
1.205350
1.202127
1.198879
1.195606
1.192308
1.188985
1.185638
1.182267
1.178873
1.175454
1.172013
1.168548
1.165060
1.161549
1.158016
1.154461
1.150884
1.147284
1.143664
1.140021
1.136358
1.132674
1.128969
1.125244
1.121499
1.117734
1.113949
1.110144
1.106321
1.102478
1.098617
1.094737
1.090839
1.086923
1.082990
1.079039
1.075070
1.071085
1.067083
1.063065
1.059031
1.054980
1.050914
1.046833
1.042737
1.038625
1.034500
1.030360
1.026205
1.022038
1.017857
1.013662
1.009455
1.005236
1.001004
0.996760
0.992504
0.988237
0.983959
0.979670
0.975371
0.971062
0.966743
0.962414
0.958076
0.953730
0.949375
0.945011
0.940640
0.936261
0.931876
0.927483
0.923084
0.918679
0.914268
0.909852
0.905430
0.901004
0.896574
0.892140
0.887703
0.883262
0.878819
0.874373
0.869926
0.865477
0.861027
0.856577
0.852126
0.847676
0.843227
0.838778
0.834332
0.829887
0.825445
0.821007
0.816571
0.812140
0.807714
0.803292
0.798876
0.794467
0.790064
0.785668
0.781280
0.776900
0.772529
0.768168
0.763817
0.759477
0.755147
0.750830
0.746526
0.742234
0.737957
0.733693
0.729445
0.725213
0.720998
0.716800
0.712619
0.708458
0.704315
0.700193
0.696092
0.692013
0.687956
0.683922
0.679912
0.675927
0.671968
0.668036
0.664131
0.660254
0.656406
0.652588
0.648802
0.645047
0.641324
0.637636
0.633982
0.630363
0.626781
0.623237
0.619731
0.616264
0.612838
0.609453
0.606111
0.602812
0.599558
0.596349
0.593186
0.590071
0.587005
0.583988
0.581022
0.578108
0.575246
0.572438
0.569685
0.566988
0.564347
0.561765
0.559241
0.556777
0.554374
0.552033
0.549755
0.547540
0.545391
0.543306
0.541289
0.539339
0.537457
0.535644
0.533901
0.532228
0.530627
0.529099
0.527643
0.526260
0.524952
0.523718
0.522560
0.521477
0.520471
0.519541
0.518688
0.517913
0.517215
0.516596
0.516054
0.515591
0.515206
0.514899
0.514671
0.514522
0.514451
0.514458
0.514544
0.514707
0.514948
0.515266
0.515661
0.516133
0.516681
0.517304
0.518003
0.518776
0.519622
0.520542
0.521535
0.522599
0.523734
0.524940
0.526215
0.527558
0.528969
0.530446
0.531989
0.533597
0.535268
0.537003
0.538798
0.540654
0.542570
0.544544
0.546575
0.548663
0.550805
0.553001
0.555249
0.557549
0.559900
0.562299
0.564746
0.567240
0.569779
0.572363
0.574990
0.577659
0.580368
0.583118
0.585905
0.588730
0.591590
0.594486
0.597415
0.600377
0.603370
0.606393
0.609446
0.612526
0.615634
0.618767
0.621925
0.625107
0.628311
0.631537
0.634783
0.638049
0.641333
0.644634
0.647952
0.651286
0.654633
0.657995
0.661369
0.664754
0.668150
0.671556
0.674971
0.678393
0.681823
0.685259
0.688700
0.692146
0.695595
0.698955
0.702472
0.705960
0.709333
0.712852
0.716228
0.719742
0.723130
0.726654
0.730040
0.733557
0.736929
0.740430
0.743783
0.747280
0.750596
0.754053
0.757364
0.760832
0.764116
0.767556
0.770806
0.774218
0.777441
0.780831
0.784028
0.787395
0.790563
0.793902
0.797036
0.800342
0.803440
0.806710
0.809770
0.813004
0.816024
0.819220
0.822198
0.825354
0.828287
0.831400
0.834286
0.837353
0.840191
0.843212
0.846017
0.848962
0.851677
0.854588
0.857290
0.860142
0.862760
0.865576
0.868156
0.870930
0.873455
0.876171
0.878631
0.881283
0.883679
0.886271
0.888627
0.891131
0.893383
0.895845
0.898079
0.900468
0.902602
0.904945
0.907052
0.909312
0.911310
0.913519
0.915489
0.917614
0.919498
0.921541
0.923350
0.925327
0.927071
0.928985
0.930662
0.932506
0.934110
0.935880
0.937408
0.939103
0.940556
0.942176
0.943554
0.945099
0.946400
0.947868
0.949091
0.950481
0.951624
0.952934
0.953997
0.955226
0.956208
0.957356
0.958256
0.959322
0.960139
0.961122
0.961856
0.962755
0.963405
0.964221
0.964786
0.965518
0.965999
0.966645
0.967042
0.967603
0.967915
0.968391
0.968617
0.969008
0.969149
0.969454
0.969510
0.969729
0.969699
0.969832
0.969716
0.969762
0.969560
0.969520
0.969230
0.969103
0.968727
0.968512
0.968048
0.967745
0.967193
0.966801
0.966161
0.965681
0.964952
0.964382
0.963564
0.962904
0.961998
0.961247
0.960251
0.959410
0.958324
0.957393
0.956217
0.955195
0.953929
0.952816
0.951460
0.950256
0.948811
0.947516
0.945981
0.944596
0.942972
0.941497
0.939783
0.938217
0.936415
0.934760
0.932868
0.931124
0.929144
0.927310
0.925242
0.923319
0.921163
0.919151
0.916908
0.914807
0.912477
0.910288
0.907870
0.905592
0.903088
0.900722
0.898130
0.895676
0.892998
0.890457
0.887692
0.885063
0.882212
0.879495
0.876558
0.873754
0.870732
0.867840
0.864733
0.861754
0.858562
0.855497
0.852220
0.849069
0.845708
0.842472
0.839027
0.835706
0.832178
0.828772
0.825162
0.821672
0.817980
0.814407
0.810634
0.806978
0.803124
0.799386
0.795452
0.791633
0.787620
0.783720
0.779628
0.775648
0.771478
0.767419
0.763172
0.759033
0.754709
0.750492
0.746093
0.741798
0.737323
0.732951
0.728401
0.723953
0.719329
0.714805
0.710108
0.705508
0.700738
0.696064
0.691222
0.686474
0.681561
0.676740
0.671755
0.666862
0.661808
0.656843
0.651719
0.646684
0.641492
0.636386
0.631127
0.625952
0.620627
0.615383
0.609992
0.604681
0.599226
0.593848
0.588329
0.582886
0.577303
0.571796
0.566152
0.560580
0.554875
0.549241
0.543476
0.537780
0.531956
0.526199
0.520316
0.514500
0.508560
0.502684
0.496688
0.490755
0.484703
0.478712
0.472607
0.466560
0.460401
0.454298
0.448087
0.441931
0.435668
0.429458
0.423145
0.416883
0.410521
0.404207
0.397796
0.391432
0.384975
0.378561
0.372057
0.365596
0.359047
0.352538
0.345945
0.339391
0.332755
0.326155
0.319477
0.312834
0.306116
0.299430
0.292672
0.285944
0.279148
0.272380
0.265546
0.258739
0.251869
0.245024
0.238118
0.231236
0.224297
0.217379
0.210407
0.203454
0.196451
0.189464
0.182430
0.175392
0.168365
0.161290
0.154207
0.147115
0.140026
0.132895
0.125755
0.118607
0.111461
0.104280
0.097092
0.089895
0.082697
0.075471
0.068238
0.060997
0.053751
0.046485
0.039212
0.031932
0.024643
0.017341
0.010033
0.002718
0.004609
0.011941
0.019279
0.026624
0.033984
0.041342
0.048705
0.056075
0.063463
0.070842
0.078226
0.085616
0.093014
0.100416
0.107824
0.115233
0.122645
0.130059
0.137475
0.144894
0.152314
0.159737
0.167162
0.174587
0.182013
0.189439
0.196866
0.204292
0.211718
0.219143
0.226566
0.233989
0.241410
0.248829
0.256245
0.263659
0.271070
0.278478
0.285882
0.293282
0.300678
0.308070
0.315456
0.322838
0.330214
0.337584
0.344949
0.352306
0.359658
0.367002
0.374339
0.381668
0.388990
0.396303
0.403608
0.410904
0.418191
0.425468
0.432736
0.439994
0.447241
0.454478
0.461705
0.468920
0.476124
0.483316
0.490496
0.497663
0.504819
0.511961
0.519090
0.526206
0.533309
0.540397
0.547471
0.554530
0.561575
0.568604
0.575618
0.582617
0.589599
0.596565
0.603515
0.610447
0.617363
0.624261
0.631141
0.638003
0.644847
0.651672
0.658478
0.665265
0.672033
0.678781
0.685508
0.692216
0.698903
0.705569
0.712213
0.718837
0.725439
0.732018
0.738576
0.745111
0.751624
0.758113
0.764580
0.771022
0.777442
0.783837
0.790208
0.796554
0.802876
0.809174
0.815445
0.821692
0.827913
0.834108
0.840277
0.846420
0.852536
0.858625
0.864687
0.870722
0.876730
0.882709
0.888661
0.894584
0.900479
0.906345
0.912183
0.917991
0.923769
0.929518
0.935237
0.940926
0.946584
0.952212
0.957809
0.963375
0.968910
0.974413
0.979884
0.985324
0.990731
0.996106
1.001449
1.006758
1.012035
1.017279
1.022489
1.027666
1.032809
1.037918
1.042994
1.048035
1.053042
1.058014
1.062951
1.067854
1.072721
1.077553
1.082350
1.087112
1.091838
1.096527
1.101181
1.105799
1.110380
1.114925
1.119433
1.123905
1.128339
1.132736
1.137096
1.141419
1.145704
1.149951
1.154160
1.158332
1.162465
1.166559
1.170615
1.174633
1.178612
1.182552
1.186452
1.190314
1.194136
1.197919
1.201662
1.205366
1.209029
1.212653
1.216237
1.219781
1.223284
1.226747
1.230170
1.233553
1.236894
1.240195
1.243456
1.246675
1.249854
1.252992
1.256089
1.259144
1.262159
1.265132
1.268064
1.270955
1.273805
1.276613
1.279379
1.282104
1.284787
1.287429
1.290029
1.292587
1.295103
1.297578
1.300010
1.302401
1.304749
1.307055
1.309320
1.311542
1.313721
1.315859
1.317954
1.320007
1.322018
1.323986
1.325911
1.327795
1.329636
1.331434
1.333190
1.334903
1.336574
1.338203
1.339789
1.341332
1.342833
1.344292
1.345708
1.347082
1.348413
1.349702
1.350949
1.352153
1.353316
1.354436
1.355514
1.356550
1.357543
1.358495
1.359405
1.360273
1.361098
1.361883
1.362625
1.363325
1.363984
1.364602
1.365177
1.365711
1.366204
1.366655
1.367065
1.367434
1.367761
1.368047
1.368292
1.368496
1.368659
1.368781
1.368863
1.368903
1.368903
1.368862
1.368781
1.368659
1.368497
1.368294
1.368052
1.367769
1.367446
1.367084
1.366681
1.366239
1.365758
1.365237
1.364677
1.364078
1.363439
1.362762
1.362046
1.361292
1.360498
1.359667
1.358797
1.357889
1.356943
1.355960
1.354938
1.353879
1.352783
1.351649
1.350478
1.349270
1.348026
1.346744
1.345426
1.344072
1.342681
1.341254
1.339791
1.338292
1.336758
1.335188
1.333582
1.331942
1.330266
1.328555
1.326809
1.325029
1.323214
1.321365
1.319482
1.317564
1.315613
1.313628
1.311610
1.309558
1.307474
1.305356
1.303206
1.301023
1.298807
1.296560
1.294280
1.291969
1.289626
1.287251
1.284845
1.282409
1.279941
1.277443
1.274914
1.272355
1.269766
1.267147
1.264498
1.261820
1.259113
1.256376
1.253611
1.250817
1.247995
1.245144
1.242265
1.239358
1.236424
1.233462
1.230473
1.227457
1.224414
1.221344
1.218247
1.215125
1.211976
1.208802
1.205602
1.202376
1.199125
1.195849
1.192549
1.189224
1.185874
1.182500
1.179103
1.175682
1.172237
1.168769
1.165278
1.161764
1.158228
1.154670
1.151089
1.147487
1.143863
1.140217
1.136551
1.132863
1.129156
1.125427
1.121679
1.117910
1.114122
1.110315
1.106488
1.102643
1.098779
1.094896
1.090995
1.087077
1.083140
1.079187
1.075216
1.071228
1.067223
1.063202
1.059165
1.055112
1.051043
1.046959
1.042860
1.038746
1.034618
1.030475
1.026318
1.022147
1.017963
1.013766
1.009556
1.005333
1.001098
0.996852
0.992593
0.988323
0.984042
0.979750
0.975448
0.971135
0.966813
0.962481
0.958141
0.953791
0.949433
0.945066
0.940692
0.936311
0.931922
0.927527
0.923125
0.918717
0.914303
0.909884
0.905460
0.901032
0.896599
0.892162
0.887722
0.883279
0.878834
0.874386
0.869936
0.865485
0.861033
0.856580
0.852128
0.847675
0.843223
0.838773
0.834324
0.829877
0.825433
0.820992
0.816555
0.812122
0.807693
0.803269
0.798851
0.794440
0.790035
0.785637
0.781247
0.776865
0.772492
0.768129
0.763776
0.759434
0.755103
0.750784
0.746477
0.742184
0.737905
0.733640
0.729390
0.725157
0.720940
0.716740
0.712558
0.708396
0.704252
0.700129
0.696027
0.691946
0.687888
0.683854
0.679843
0.675858
0.671898
0.667965
0.664059
0.660182
0.656334
0.652516
0.648728
0.644973
0.641251
0.637562
0.633908
0.630289
0.626707
0.623163
0.619657
0.616191
0.612765
0.609380
0.606038
0.602740
0.599486
0.596277
0.593115
0.590001
0.586936
0.583920
0.580955
0.578041
0.575181
0.572374
0.569622
0.566926
0.564287
0.561706
0.559184
0.556722
0.554321
0.551982
0.549705
0.547493
0.545345
0.543263
0.541248
0.539300
0.537421
0.535610
0.533870
0.532200
0.530602
0.529076
0.527623
0.526243
0.524938
0.523708
0.522552
0.521473
0.520470
0.519543
0.518694
0.517922
0.517228
0.516611
0.516073
0.515614
0.515232
0.514969
0.514705
0.514546
0.514508
0.514498
0.514606
0.514749
0.515009
0.515310
0.515726
0.516185
0.516754
0.517369
0.518086
0.518852
0.519716
0.520617
0.521628
0.522692
0.523841
0.525034
0.526322
0.527656
0.529079
0.530550
0.532103
0.533708
0.535387
0.537121
0.538923
0.540783
0.542702
0.544684
0.546717
0.548815
0.550957
0.553167
0.555413
0.557731
0.560076
0.562496
0.564935
0.567452
0.569981
0.572589
0.575196
0.577849
0.580589
0.583321
0.586140
0.588938
0.591779
0.594711
0.597618
0.600618
0.603580
0.606582
0.609681
0.612734
0.615888
0.618987
0.622122
0.625358
0.628529
0.631733
0.635039
0.638270
0.641531
0.644898
0.648180
0.651490
0.654909
0.658234
0.661585
0.665047
0.668406
0.671789
0.675284
0.678667
0.682073
0.685592
0.688992
0.692412
0.695948
0.699355
0.702781
0.706325
0.709732
0.713156
0.716701
0.720101
0.723516
0.727054
0.730441
0.733841
0.737366
0.740732
0.744112
0.747618
0.750959
0.754311
0.757793
0.761104
0.764425
0.767877
0.771152
0.774437
0.777855
0.781090
0.784334
0.787713
0.790902
0.794100
0.797435
0.800575
0.803722
0.807008
0.810094
0.813186
0.816417
0.819443
0.822475
0.825648
0.828610
0.831576
0.834685
0.837578
0.840475
0.843381
0.846423
0.849230
0.852025
0.854820
0.857613
0.860395
0.863153
0.865879
0.868568
0.871219
0.873837
0.876424
0.878984
0.881518
0.884025
0.886504
0.888953
0.891371
0.893756
0.896109
0.898430
0.900718
0.902975
0.905199
0.907391
0.909550
0.911676
0.913767
0.915825
0.917848
0.919837
0.921791
0.923709
0.925592
0.927440
0.929251
0.931027
0.932766
0.934467
0.936132
0.937760
0.939350
0.940902
0.942416
0.943891
0.945328
0.946727
0.948086
0.949406
0.950687
0.951928
0.953129
0.954291
0.955412
0.956493
0.957533
0.958533
0.959492
0.960410
0.961287
0.962122
0.962917
0.963670
0.964381
0.965051
0.965678
0.966264
0.966808
0.967309
0.967768
0.968185
0.968559
0.968891
0.969180
0.969426
0.969629
0.969789
0.969905
0.969979
0.970009
0.969995
0.969938
0.969837
0.969693
0.969504
0.969272
0.968995
0.968675
0.968310
0.967900
0.967447
0.966949
0.966406
0.965819
0.965187
0.964511
0.963790
0.963024
0.962214
0.961358
0.960458
0.959513
0.958523
0.957488
0.956409
0.955284
0.954115
0.952901
0.951642
0.950338
0.948989
0.947595
0.946157
0.944674
0.943146
0.941573
0.939956
0.938294
0.936587
0.934836
0.933040
0.931200
0.929315
0.927386
0.925412
0.923394
0.921331
0.919224
0.917073
0.914877
0.912637
0.910353
0.908025
0.905653
0.903237
0.900777
0.898273
0.895725
0.893133
0.890498
0.887819
0.885097
0.882331
0.879522
0.876669
0.873773
0.870835
0.867853
0.864828
0.861761
0.858650
0.855498
0.852302
0.849065
0.845785
0.842463
0.839099
0.835694
0.832246
0.828757
0.825227
0.821655
0.818042
0.814388
0.810693
0.806957
0.803180
0.799364
0.795506
0.791609
0.787671
0.783694
0.779676
0.775620
0.771523
0.767387
0.763213
0.758999
0.754746
0.750454
0.746124
0.741756
0.737349
0.732904
0.728422
0.723902
0.719344
0.714748
0.710116
0.705447
0.700740
0.695997
0.691218
0.686402
0.681551
0.676663
0.671740
0.666781
0.661787
0.656758
0.651694
0.646595
0.641462
0.636295
0.631093
0.625858
0.620589
0.615287
0.609952
0.604583
0.599182
0.593749
0.588283
0.582785
0.577255
0.571693
0.566100
0.560476
0.554821
0.549135
0.543419
0.537673
0.531896
0.526090
0.520254
0.514388
0.508494
0.502571
0.496619
0.490639
0.484630
0.478594
0.472530
0.466439
0.460321
0.454175
0.448003
0.441805
0.435580
0.429330
0.423054
0.416753
0.410426
0.404075
0.397699
0.391299
0.384874
0.378426
0.371954
0.365459
0.358942
0.352401
0.345838
0.339253
0.332645
0.326017
0.319367
0.312695
0.306003
0.299291
0.292558
0.285805
0.279033
0.272241
0.265430
0.258600
0.251751
0.244885
0.238000
0.231097
0.224177
0.217240
0.210286
0.203316
0.196329
0.189326
0.182307
0.175273
0.168224
0.161160
0.154081
0.146988
0.139881
0.132761
0.125627
0.118480
0.111320
0.104148
0.096963
0.089767
0.082558
0.075339
0.068109
0.060868
0.053616
0.046354
0.039083
0.031802
0.024512
0.017213
0.009905
0.002589
0.004735
0.012067
0.019406
0.026752
0.034105
0.041465
0.048830
0.056202
0.063579
0.070961
0.078349
0.085741
0.093137
0.100537
0.107942
0.115349
0.122760
0.130173
0.137590
0.145008
0.152428
0.159850
0.167273
0.174697
0.182122
0.189547
0.196972
0.204397
0.211822
0.219245
0.226668
0.234089
0.241508
0.248925
0.256340
0.263752
0.271161
0.278566
0.285968
0.293367
0.300761
0.308150
0.315535
0.322914
0.330288
0.337656
0.345019
0.352375
0.359724
0.367066
0.374401
0.381729
0.389048
0.396360
0.403663
0.410957
0.418242
0.425518
0.432784
0.440041
0.447287
0.454522
0.461747
0.468960
0.476163
0.483353
0.490531
0.497697
0.504851
0.511991
0.519119
0.526233
0.533333
0.540419
0.547490
0.554547
0.561589
0.568616
0.575628
0.582623
0.589602
0.596566
0.603512
0.610441
0.617354
0.624248
0.631125
0.637984
0.644825
0.651647
0.658450
0.665234
0.671998
0.678743
0.685468
0.692172
0.698856
0.705520
0.712162
0.718783
0.725382
0.731959
0.738514
0.745047
0.751558
0.758045
0.764509
0.770950
0.777367
0.783760
0.790129
0.796474
0.802794
0.809089
0.815358
0.821603
0.827821
0.834014
0.840180
0.846321
0.852434
0.858520
0.864580
0.870612
0.876616
0.882592
0.888541
0.894461
0.900352
0.906215
0.912049
0.917853
0.923628
0.929373
0.935088
0.940774
0.946428
0.952053
0.957646
0.963209
0.968740
0.974240
0.979708
0.985144
0.990549
0.995921
1.001261
1.006568
1.011842
1.017083
1.022291
1.027466
1.032607
1.037714
1.042787
1.047826
1.052831
1.057801
1.062737
1.067637
1.072503
1.077333
1.082128
1.086887
1.091610
1.096298
1.100949
1.105565
1.110143
1.114686
1.119191
1.123660
1.128091
1.132485
1.136842
1.141162
1.145444
1.149688
1.153894
1.158062
1.162191
1.166283
1.170336
1.174350
1.178326
1.182263
1.186160
1.190019
1.193839
1.197619
1.201359
1.205060
1.208722
1.212343
1.215925
1.219467
1.222969
1.226430
1.229851
1.233232
1.236572
1.239872
1.243131
1.246349
1.249527
1.252663
1.255759
1.258813
1.261827
1.264799
1.267729
1.270619
1.273467
1.276273
1.279038
1.281762
1.284443
1.287083
1.289681
1.292237
1.294752
1.297224
1.299654
1.302043
1.304389
1.306693
1.308955
1.311175
1.313353
1.315489
1.317582
1.319633
1.321641
1.323608
1.325532
1.327413
1.329253
1.331050
1.332804
1.334517
1.336186
1.337814
1.339399
1.340942
1.342442
1.343901
1.345316
1.346690
1.348021
1.349310
1.350557
1.351761
1.352923
1.354044
1.355121
1.356157
1.357151
1.358103
1.359012
1.359880
1.360706
1.361490
1.362232
1.362932
1.363591
1.364208
1.364783
1.365316
1.365809
1.366259
1.366669
1.367037
1.367364
1.367649
1.367894
1.368097
1.368260
1.368381
1.368462
1.368502
1.368502
1.368461
1.368379
1.368258
1.368096
1.367893
1.367651
1.367369
1.367047
1.366685
1.366284
1.365843
1.365362
1.364842
1.364283
1.363685
1.363048
1.362372
1.361658
1.360905
1.360113
1.359283
1.358414
1.357508
1.356563
1.355581
1.354561
1.353503
1.352408
1.351276
1.350106
1.348899
1.347656
1.346376
1.345059
1.343705
1.342316
1.340890
1.339428
1.337930
1.336396
1.334827
1.333223
1.331583
1.329909
1.328199
1.326455
1.324676
1.322862
1.321015
1.319133
1.317217
1.315268
1.313285
1.311268
1.309219
1.307136
1.305021
1.302873
1.300692
1.298479
1.296234
1.293957
1.291648
1.289307
1.286935
1.284532
1.282098
1.279633
1.277137
1.274611
1.272055
1.269468
1.266852
1.264206
1.261530
1.258825
1.256091
1.253328
1.250537
1.247717
1.244868
1.241992
1.239087
1.236155
1.233195
1.230208
1.227194
1.224153
1.221086
1.217992
1.214872
1.211725
1.208553
1.205356
1.202132
1.198884
1.195611
1.192313
1.188991
1.185644
1.182273
1.178878
1.175460
1.172019
1.168554
1.165066
1.161555
1.158022
1.154467
1.150890
1.147290
1.143670
1.140028
1.136364
1.132680
1.128976
1.125250
1.121505
1.117740
1.113955
1.110151
1.106327
1.102485
1.098623
1.094744
1.090846
1.086930
1.082996
1.079045
1.075077
1.071092
1.067090
1.063072
1.059037
1.054987
1.050921
1.046840
1.042743
1.038632
1.034507
1.030366
1.026212
1.022045
1.017864
1.013669
1.009462
1.005243
1.001011
0.996767
0.992511
0.988244
0.983966
0.979678
0.975379
0.971069
0.966750
0.962422
0.958084
0.953737
0.949382
0.945019
0.940648
0.936269
0.931883
0.927490
0.923091
0.918686
0.914275
0.909859
0.905438
0.901012
0.896582
0.892148
0.887710
0.883270
0.878826
0.874381
0.869933
0.865485
0.861035
0.856584
0.852134
0.847684
0.843234
0.838786
0.834339
0.829895
0.825453
0.821014
0.816579
0.812148
0.807721
0.803300
0.798884
0.794474
0.790071
0.785675
0.781287
0.776908
0.772537
0.768176
0.763824
0.759484
0.755155
0.750838
0.746533
0.742241
0.737964
0.733701
0.729453
0.725221
0.721005
0.716807
0.712626
0.708465
0.704322
0.700200
0.696099
0.692019
0.687962
0.683929
0.679919
0.675934
0.671975
0.668042
0.664137
0.660260
0.656413
0.652595
0.648808
0.645053
0.641331
0.637642
0.633988
0.630369
0.626787
0.623243
0.619737
0.616270
0.612844
0.609459
0.606116
0.602818
0.599563
0.596354
0.593191
0.590076
0.587010
0.583993
0.581027
0.578112
0.575251
0.572443
0.569689
0.566992
0.564352
0.561769
0.559245
0.556781
0.554378
0.552037
0.549759
0.547544
0.545394
0.543310
0.541292
0.539342
0.537460
0.535647
0.533904
0.532231
0.530630
0.529101
0.527645
0.526263
0.524954
0.523720
0.522562
0.521479
0.520472
0.519543
0.518690
0.517914
0.517216
0.516597
0.516055
0.515591
0.515206
0.514900
0.514672
0.514522
0.514451
0.514458
0.514544
0.514707
0.514947
0.515266
0.515661
0.516132
0.516680
0.517303
0.518001
0.518774
0.519621
0.520541
0.521533
0.522597
0.523732
0.524938
0.526212
0.527556
0.528966
0.530444
0.531987
0.533594
0.535266
0.537000
0.538795
0.540651
0.542567
0.544541
0.546572
0.548659
0.550801
0.552997
0.555245
0.557545
0.559896
0.562295
0.564742
0.567236
0.569775
0.572359
0.574986
0.577654
0.580364
0.583113
0.585900
0.588725
0.591585
0.594481
0.597410
0.600372
0.603365
0.606388
0.609441
0.612521
0.615629
0.618762
0.621920
0.625102
0.628306
0.631531
0.634778
0.638043
0.641327
0.644629
0.647947
0.651280
0.654628
0.657989
0.661363
0.664748
0.668144
0.671550
0.674965
0.678387
0.681817
0.685253
0.688694
0.692140
0.695589
0.698949
0.702466
0.705954
0.709327
0.712846
0.716222
0.719736
0.723124
0.726648
0.730035
0.733552
0.736923
0.740425
0.743778
0.747274
0.750590
0.754047
0.757358
0.760827
0.764110
0.767550
0.770801
0.774213
0.777435
0.780825
0.784023
0.787389
0.790558
0.793896
0.797031
0.800336
0.803434
0.806705
0.809764
0.812999
0.816019
0.819215
0.822193
0.825349
0.828282
0.831395
0.834281
0.837348
0.840186
0.843207
0.846012
0.848958
0.851672
0.854584
0.857285
0.860137
0.862755
0.865572
0.868151
0.870925
0.873451
0.876166
0.878627
0.881279
0.883675
0.886267
0.888623
0.891127
0.893379
0.895841
0.898075
0.900464
0.902598
0.904941
0.907049
0.909308
0.911306
0.913515
0.915486
0.917611
0.919494
0.921538
0.923347
0.925324
0.927068
0.928981
0.930659
0.932503
0.934107
0.935877
0.937405
0.939100
0.940553
0.942173
0.943551
0.945096
0.946398
0.947866
0.949089
0.950478
0.951622
0.952932
0.953995
0.955224
0.956206
0.957354
0.958255
0.959320
0.960138
0.961121
0.961855
0.962754
0.963404
0.964220
0.964785
0.965517
0.965998
0.966644
0.967041
0.967602
0.967914
0.968390
0.968617
0.969008
0.969149
0.969454
0.969509
0.969729
0.969699
0.969832
0.969716
0.969763
0.969560
0.969520
0.969231
0.969103
0.968727
0.968512
0.968048
0.967745
0.967194
0.966802
0.966162
0.965682
0.964953
0.964383
0.963566
0.962906
0.961999
0.961249
0.960252
0.959412
0.958326
0.957394
0.956218
0.955196
0.953931
0.952818
0.951462
0.950258
0.948813
0.947519
0.945984
0.944599
0.942974
0.941499
0.939785
0.938220
0.936418
0.934763
0.932871
0.931127
0.929147
0.927313
0.925245
0.923322
0.921167
0.919155
0.916912
0.914811
0.912481
0.910291
0.907874
0.905596
0.903092
0.900726
0.898135
0.895681
0.893003
0.890461
0.887697
0.885067
0.882217
0.879500
0.876563
0.873759
0.870737
0.867845
0.864738
0.861759
0.858567
0.855502
0.852225
0.849075
0.845714
0.842477
0.839033
0.835712
0.832184
0.828778
0.825168
0.821678
0.817986
0.814413
0.810640
0.806984
0.803130
0.799393
0.795459
0.791640
0.787627
0.783727
0.779635
0.775655
0.771485
0.767426
0.763179
0.759040
0.754717
0.750500
0.746100
0.741805
0.737330
0.732959
0.728409
0.723961
0.719337
0.714813
0.710116
0.705516
0.700746
0.696072
0.691230
0.686482
0.681569
0.676748
0.671764
0.666870
0.661816
0.656851
0.651728
0.646692
0.641501
0.636395
0.631136
0.625961
0.620636
0.615392
0.610001
0.604691
0.599235
0.593858
0.588338
0.582895
0.577313
0.571805
0.566161
0.560590
0.554885
0.549251
0.543485
0.537790
0.531965
0.526209
0.520326
0.514510
0.508570
0.502694
0.496699
0.490765
0.484714
0.478723
0.472617
0.466570
0.460411
0.454309
0.448098
0.441941
0.435679
0.429469
0.423156
0.416893
0.410531
0.404218
0.397807
0.391443
0.384985
0.378572
0.372068
0.365607
0.359058
0.352549
0.345956
0.339402
0.332766
0.326166
0.319489
0.312845
0.306127
0.299441
0.292683
0.285956
0.279159
0.272391
0.265557
0.258750
0.251880
0.245035
0.238130
0.231248
0.224309
0.217391
0.210419
0.203466
0.196462
0.189476
0.182442
0.175404
0.168377
0.161302
0.154219
0.147127
0.140038
0.132907
0.125767
0.118619
0.111473
0.104292
0.097104
0.089908
0.082709
0.075483
0.068250
0.061009
0.053764
0.046497
0.039224
0.031944
0.024655
0.017354
0.010046
0.002730
0.004596
0.011928
0.019267
0.026612
0.033971
0.041329
0.048693
0.056063
0.063451
0.070830
0.078213
0.085604
0.093001
0.100404
0.107811
0.115221
0.122633
0.130047
0.137463
0.144881
0.152302
0.159725
0.167149
0.174574
0.182001
0.189427
0.196853
0.204279
0.211705
0.219130
0.226554
0.233976
0.241397
0.248816
0.256233
0.263647
0.271057
0.278465
0.285869
0.293269
0.300666
0.308057
0.315444
0.322825
0.330201
0.337572
0.344936
0.352294
0.359645
0.366990
0.374327
0.381656
0.388977
0.396291
0.403595
0.410891
0.418178
0.425456
0.432724
0.439982
0.447229
0.454466
0.461692
0.468908
0.476111
0.483303
0.490483
0.497651
0.504807
0.511949
0.519078
0.526194
0.533297
0.540385
0.547459
0.554518
0.561563
0.568592
0.575607
0.582605
0.589587
0.596553
0.603503
0.610436
0.617351
0.624249
0.631129
0.637991
0.644835
0.651660
0.658467
0.665254
0.672021
0.678769
0.685497
0.692204
0.698891
0.705557
0.712202
0.718826
0.725427
0.732007
0.738565
0.745100
0.751613
0.758102
0.764569
0.771012
0.777431
0.783826
0.790197
0.796544
0.802866
0.809163
0.815435
0.821681
0.827902
0.834098
0.840267
0.846409
0.852525
0.858615
0.864677
0.870712
0.876720
0.882699
0.888651
0.894574
0.900469
0.906336
0.912173
0.917981
0.923760
0.929508
0.935227
0.940916
0.946575
0.952203
0.957800
0.963366
0.968900
0.974404
0.979875
0.985315
0.990722
0.996097
1.001440
1.006749
1.012026
1.017270
1.022480
1.027657
1.032801
1.037910
1.042985
1.048026
1.053033
1.058005
1.062943
1.067845
1.072713
1.077545
1.082342
1.087104
1.091830
1.096519
1.101173
1.105791
1.110372
1.114917
1.119426
1.123897
1.128332
1.132729
1.137089
1.141412
1.145697
1.149944
1.154153
1.158325
1.162458
1.166552
1.170609
1.174626
1.178605
1.182545
1.186446
1.190307
1.194130
1.197912
1.201656
1.205359
1.209023
1.212647
1.216231
1.219775
1.223278
1.226742
1.230164
1.233547
1.236889
1.240190
1.243450
1.246670
1.249849
1.252987
1.256084
1.259139
1.262154
1.265127
1.268060
1.270950
1.273800
1.276608
1.279375
1.282100
1.284783
1.287425
1.290025
1.292583
1.295099
1.297574
1.300006
1.302397
1.304745
1.307052
1.309316
1.311538
1.313718
1.315855
1.317951
1.320004
1.322014
1.323982
1.325908
1.327792
1.329633
1.331431
1.333187
1.334900
1.336571
1.338200
1.339786
1.341329
1.342831
1.344289
1.345705
1.347079
1.348411
1.349700
1.350947
1.352151
1.353314
1.354434
1.355512
1.356548
1.357542
1.358493
1.359403
1.360271
1.361097
1.361881
1.362624
1.363324
1.363983
1.364601
1.365176
1.365711
1.366203
1.366655
1.367065
1.367433
1.367761
1.368047
1.368292
1.368496
1.368659
1.368781
1.368863
1.368903
1.368903
1.368862
1.368781
1.368659
1.368497
1.368295
1.368052
1.367769
1.367447
1.367084
1.366682
1.366240
1.365759
1.365238
1.364678
1.364079
1.363441
1.362763
1.362047
1.361293
1.360500
1.359668
1.358799
1.357891
1.356945
1.355961
1.354940
1.353881
1.352785
1.351651
1.350480
1.349272
1.348028
1.346746
1.345429
1.344074
1.342683
1.341257
1.339794
1.338295
1.336761
1.335191
1.333585
1.331944
1.330269
1.328558
1.326812
1.325032
1.323217
1.321368
1.319485
1.317568
1.315616
1.313632
1.311613
1.309562
1.307477
1.305360
1.303209
1.301026
1.298811
1.296563
1.294284
1.291973
1.289630
1.287255
1.284849
1.282413
1.279945
1.277447
1.274918
1.272359
1.269770
1.267151
1.264503
1.261825
1.259117
1.256381
1.253616
1.250822
1.247999
1.245149
1.242270
1.239363
1.236429
1.233467
1.230478
1.227462
1.224419
1.221349
1.218253
1.215130
1.211982
1.208807
1.205607
1.202382
1.199131
1.195855
1.192554
1.189229
1.185880
1.182506
1.179109
1.175687
1.172243
1.168775
1.165284
1.161770
1.158234
1.154676
1.151095
1.147493
1.143869
1.140223
1.136557
1.132870
1.129162
1.125434
1.121685
1.117917
1.114129
1.110321
1.106495
1.102649
1.098785
1.094903
1.091002
1.087083
1.083147
1.079193
1.075222
1.071234
1.067230
1.063209
1.059172
1.055119
1.051050
1.046966
1.042867
1.038753
1.034625
1.030482
1.026325
1.022154
1.017970
1.013773
1.009563
1.005341
1.001106
0.996859
0.992600
0.988330
0.984049
0.979757
0.975455
0.971143
0.966820
0.962489
0.958148
0.953798
0.949440
0.945074
0.940700
0.936318
0.931929
0.927534
0.923132
0.918724
0.914310
0.909892
0.905468
0.901039
0.896606
0.892170
0.887730
0.883287
0.878841
0.874393
0.869944
0.865493
0.861041
0.856588
0.852135
0.847683
0.843231
0.838780
0.834332
0.829885
0.825441
0.821000
0.816563
0.812129
0.807701
0.803277
0.798859
0.794447
0.790042
0.785644
0.781254
0.776872
0.772500
0.768136
0.763783
0.759441
0.755110
0.750791
0.746484
0.742191
0.737912
0.733647
0.729398
0.725164
0.720947
0.716747
0.712566
0.708403
0.704259
0.700136
0.696034
0.691953
0.687895
0.683861
0.679850
0.675865
0.671905
0.667972
0.664066
0.660188
0.656340
0.652522
0.648735
0.644980
0.641257
0.637568
0.633914
0.630295
0.626713
0.623169
0.619663
0.616196
0.612770
0.609386
0.606044
0.602745
0.599491
0.596283
0.593121
0.590006
0.586941
0.583925
0.580960
0.578046
0.575185
0.572379
0.569627
0.566931
0.564292
0.561710
0.559188
0.556726
0.554325
0.551986
0.549709
0.547497
0.545349
0.543267
0.541251
0.539303
0.537424
0.535613
0.533873
0.532203
0.530605
0.529079
0.527625
0.526246
0.524940
0.523710
0.522554
0.521475
0.520471
0.519545
0.518695
0.517923
0.517229
0.516612
0.516074
0.515614
0.515233
0.514969
0.514706
0.514546
0.514508
0.514498
0.514606
0.514748
0.515009
0.515309
0.515725
0.516185
0.516753
0.517368
0.518085
0.518851
0.519714
0.520615
0.521626
0.522690
0.523839
0.525032
0.526320
0.527654
0.529076
0.530548
0.532100
0.533705
0.535384
0.537118
0.538919
0.540780
0.542699
0.544680
0.546713
0.548811
0.550953
0.553163
0.555409
0.557727
0.560072
0.562492
0.564931
0.567448
0.569977
0.572585
0.575191
0.577844
0.580584
0.583316
0.586135
0.588933
0.591774
0.594706
0.597613
0.600613
0.603575
0.606577
0.609675
0.612728
0.615883
0.618982
0.622117
0.625353
0.628523
0.631727
0.635033
0.638264
0.641526
0.644892
0.648174
0.651485
0.654903
0.658228
0.661580
0.665041
0.668400
0.671783
0.675278
0.678661
0.682067
0.685587
0.688986
0.692406
0.695942
0.699349
0.702775
0.706319
0.709726
0.713150
0.716695
0.720095
0.723511
0.727048
0.730435
0.733835
0.737360
0.740726
0.744106
0.747612
0.750953
0.754306
0.757788
0.761098
0.764419
0.767872
0.771147
0.774432
0.777850
0.781084
0.784328
0.787707
0.790897
0.794095
0.797430
0.800570
0.803717
0.807003
0.810088
0.813180
0.816412
0.819438
0.822470
0.825643
0.828605
0.831571
0.834680
0.837573
0.840470
0.843376
0.846418
0.849225
0.852021
0.854816
0.857609
0.860390
0.863148
0.865874
0.868563
0.871215
0.873832
0.876420
0.878980
0.881513
0.884021
0.886500
0.888949
0.891367
0.893752
0.896105
0.898426
0.900715
0.902971
0.905195
0.907387
0.909546
0.911672
0.913764
0.915822
0.917845
0.919834
0.921787
0.923706
0.925589
0.927437
0.929248
0.931024
0.932763
0.934465
0.936129
0.937757
0.939347
0.940899
0.942413
0.943889
0.945326
0.946724
0.948084
0.949404
0.950685
0.951926
0.953127
0.954289
0.955410
0.956491
0.957531
0.958531
0.959490
0.960408
0.961285
0.962121
0.962915
0.963668
0.964380
0.965049
0.965677
0.966263
0.966807
0.967308
0.967768
0.968184
0.968559
0.968890
0.969179
0.969425
0.969628
0.969788
0.969905
0.969979
0.970009
0.969995
0.969938
0.969837
0.969693
0.969505
0.969272
0.968996
0.968675
0.968310
0.967901
0.967448
0.966950
0.966407
0.965820
0.965189
0.964512
0.963791
0.963026
0.962215
0.961360
0.960460
0.959515
0.958525
0.957490
0.956411
0.955286
0.954117
0.952903
0.951644
0.950340
0.948991
0.947598
0.946159
0.944676
0.943149
0.941576
0.939959
0.938297
0.936590
0.934839
0.933043
0.931203
0.929318
0.927389
0.925415
0.923397
0.921334
0.919227
0.917076
0.914881
0.912641
0.910357
0.908029
0.905657
0.903241
0.900781
0.898277
0.895729
0.893138
0.890503
0.887824
0.885102
0.882336
0.879527
0.876674
0.873778
0.870840
0.867858
0.864833
0.861766
0.858656
0.855503
0.852308
0.849070
0.845791
0.842469
0.839105
0.835699
0.832252
0.828763
0.825233
0.821661
0.818048
0.814394
0.810699
0.806963
0.803187
0.799370
0.795513
0.791615
0.787678
0.783700
0.779683
0.775626
0.771530
0.767394
0.763220
0.759006
0.754753
0.750462
0.746132
0.741763
0.737357
0.732912
0.728429
0.723909
0.719351
0.714756
0.710124
0.705455
0.700748
0.696005
0.691226
0.686411
0.681559
0.676671
0.671748
0.666790
0.661796
0.656767
0.651703
0.646604
0.641471
0.636304
0.631102
0.625867
0.620598
0.615296
0.609961
0.604592
0.599191
0.593758
0.588292
0.582794
0.577264
0.571703
0.566110
0.560486
0.554831
0.549145
0.543429
0.537682
0.531906
0.526099
0.520264
0.514398
0.508504
0.502581
0.496629
0.490649
0.484641
0.478604
0.472541
0.466449
0.460331
0.454186
0.448014
0.441815
0.435591
0.429341
0.423065
0.416763
0.410437
0.404085
0.397710
0.391309
0.384885
0.378437
0.371965
0.365470
0.358953
0.352412
0.345849
0.339264
0.332657
0.326028
0.319378
0.312707
0.306015
0.299302
0.292569
0.285817
0.279044
0.272252
0.265441
0.258611
0.251763
0.244896
0.238011
0.231109
0.224189
0.217252
0.210298
0.203327
0.196340
0.189338
0.182319
0.175285
0.168236
0.161172
0.154093
0.147000
0.139893
0.132773
0.125639
0.118492
0.111332
0.104160
0.096975
0.089779
0.082571
0.075351
0.068121
0.060880
0.053628
0.046367
0.039095
0.031814
0.024524
0.017225
0.009917
0.002601
0.004723
0.012054
0.019393
0.026740
0.034093
0.041452
0.048818
0.056189
0.063566
0.070949
0.078336
0.085728
0.093124
0.100525
0.107929
0.115337
0.122747
0.130161
0.137577
0.144995
0.152416
0.159837
0.167260
0.174685
0.182109
0.189534
0.196960
0.204385
0.211809
0.219233
0.226655
0.234076
0.241495
0.248912
0.256327
0.263739
0.271148
0.278554
0.285956
0.293354
0.300748
0.308138
0.315522
0.322902
0.330276
0.337644
0.345006
0.352362
0.359711
0.367054
0.374389
0.381716
0.389036
0.396347
0.403650
0.410945
0.418230
0.425506
0.432772
0.440028
0.447274
0.454510
0.461735
0.468948
0.476150
0.483341
0.490519
0.497685
0.504839
0.511979
0.519107
0.526221
0.533321
0.540407
0.547478
0.554535
0.561577
0.568604
0.575616
0.582611
0.589591
0.596554
0.603500
0.610430
0.617342
0.624237
0.631114
0.637973
0.644813
0.651635
0.658438
0.665222
0.671987
0.678732
0.685456
0.692161
0.698845
0.705508
0.712151
0.718771
0.725371
0.731948
0.738503
0.745036
0.751547
0.758034
0.764498
0.770939
0.777356
0.783749
0.790119
0.796463
0.802783
0.809078
0.815348
0.821592
0.827811
0.834004
0.840170
0.846310
0.852424
0.858510
0.864569
0.870601
0.876606
0.882582
0.888531
0.894451
0.900342
0.906205
0.912039
0.917843
0.923618
0.929363
0.935079
0.940764
0.946419
0.952043
0.957637
0.963199
0.968731
0.974230
0.979699
0.985135
0.990540
0.995912
1.001252
1.006559
1.011833
1.017074
1.022282
1.027457
1.032598
1.037705
1.042779
1.047818
1.052822
1.057793
1.062728
1.067629
1.072494
1.077325
1.082120
1.086879
1.091602
1.096290
1.100942
1.105557
1.110136
1.114678
1.119183
1.123652
1.128084
1.132478
1.136835
1.141155
1.145436
1.149680
1.153887
1.158055
1.162185
1.166276
1.170329
1.174344
1.178319
1.182256
1.186154
1.190013
1.193832
1.197612
1.201353
1.205054
1.208716
1.212337
1.215919
1.219461
1.222963
1.226424
1.229845
1.233226
1.236567
1.239866
1.243125
1.246344
1.249521
1.252658
1.255754
1.258808
1.261822
1.264794
1.267725
1.270614
1.273462
1.276269
1.279034
1.281757
1.284439
1.287079
1.289677
1.292233
1.294747
1.297220
1.299650
1.302039
1.304385
1.306690
1.308952
1.311172
1.313349
1.315485
1.317578
1.319629
1.321638
1.323604
1.325529
1.327410
1.329250
1.331047
1.332801
1.334514
1.336184
1.337811
1.339397
1.340939
1.342440
1.343898
1.345314
1.346688
1.348019
1.349308
1.350555
1.351759
1.352922
1.354042
1.355120
1.356156
1.357149
1.358101
1.359011
1.359879
1.360705
1.361489
1.362231
1.362931
1.363590
1.364207
1.364782
1.365316
1.365808
1.366259
1.366668
1.367036
1.367363
1.367649
1.367893
1.368097
1.368259
1.368381
1.368462
1.368502
1.368502
1.368461
1.368380
1.368258
1.368096
1.367894
1.367652
1.367369
1.367047
1.366686
1.366284
1.365843
1.365363
1.364843
1.364284
1.363686
1.363049
1.362374
1.361659
1.360906
1.360114
1.359284
1.358416
1.357509
1.356565
1.355583
1.354563
1.353505
1.352410
1.351278
1.350108
1.348902
1.347658
1.346378
1.345061
1.343708
1.342318
1.340892
1.339430
1.337933
1.336399
1.334830
1.333226
1.331586
1.329911
1.328202
1.326458
1.324679
1.322865
1.321018
1.319136
1.317220
1.315271
1.313288
1.311272
1.309222
1.307140
1.305024
1.302876
1.300696
1.298483
1.296238
1.293960
1.291652
1.289311
1.286939
1.284536
1.282102
1.279637
1.277142
1.274615
1.272059
1.269473
1.266856
1.264210
1.261535
1.258830
1.256096
1.253333
1.250541
1.247721
1.244873
1.241996
1.239092
1.236160
1.233200
1.230213
1.227199
1.224159
1.221091
1.217997
1.214877
1.211731
1.208559
1.205361
1.202138
1.198890
1.195617
1.192319
1.188996
1.185650
1.182279
1.178884
1.175466
1.172024
1.168560
1.165072
1.161561
1.158028
1.154473
1.150896
1.147297
1.143676
1.140034
1.136371
1.132687
1.128982
1.125257
1.121511
1.117746
1.113961
1.110157
1.106334
1.102491
1.098630
1.094750
1.090852
1.086937
1.083003
1.079052
1.075084
1.071099
1.067097
1.063079
1.059044
1.054994
1.050928
1.046847
1.042750
1.038639
1.034513
1.030373
1.026220
1.022052
1.017871
1.013677
1.009469
1.005250
1.001018
0.996774
0.992518
0.988252
0.983974
0.979685
0.975386
0.971077
0.966757
0.962429
0.958091
0.953744
0.949389
0.945026
0.940655
0.936276
0.931890
0.927498
0.923099
0.918694
0.914283
0.909866
0.905445
0.901019
0.896589
0.892155
0.887718
0.883277
0.878834
0.874388
0.869941
0.865492
0.861042
0.856592
0.852141
0.847691
0.843242
0.838793
0.834347
0.829902
0.825460
0.821022
0.816586
0.812155
0.807729
0.803307
0.798891
0.794481
0.790078
0.785683
0.781295
0.776915
0.772544
0.768183
0.763832
0.759491
0.755162
0.750845
0.746540
0.742249
0.737971
0.733708
0.729460
0.725228
0.721012
0.716814
0.712633
0.708472
0.704329
0.700207
0.696106
0.692026
0.687969
0.683935
0.679926
0.675941
0.671982
0.668049
0.664144
0.660267
0.656419
0.652601
0.648814
0.645059
0.641337
0.637648
0.633994
0.630375
0.626793
0.623249
0.619743
0.616276
0.612850
0.609465
0.606122
0.602823
0.599568
0.596359
0.593197
0.590082
0.587015
0.583998
0.581032
0.578117
0.575255
0.572447
0.569694
0.566997
0.564356
0.561773
0.559249
0.556785
0.554382
0.552041
0.549762
0.547548
0.545398
0.543313
0.541295
0.539345
0.537463
0.535650
0.533906
0.532234
0.530633
0.529104
0.527648
0.526265
0.524956
0.523722
0.522564
0.521481
0.520474
0.519544
0.518691
0.517915
0.517218
0.516597
0.516056
0.515592
0.515207
0.514900
0.514672
0.514522
0.514451
0.514458
0.514543
0.514706
0.514947
0.515265
0.515660
0.516131
0.516679
0.517302
0.518000
0.518773
0.519619
0.520539
0.521531
0.522595
0.523730
0.524936
0.526210
0.527553
0.528964
0.530441
0.531984
0.533591
0.535263
0.536997
0.538792
0.540648
0.542564
0.544537
0.546568
0.548655
0.550797
0.552993
0.555242
0.557541
0.559892
0.562291
0.564738
0.567232
0.569771
0.572354
0.574981
0.577650
0.580359
0.583108
0.585895
0.588720
0.591581
0.594476
0.597405
0.600367
0.603360
0.606383
0.609436
0.612516
0.615623
0.618757
0.621915
0.625096
0.628300
0.631526
0.634772
0.638038
0.641322
0.644623
0.647941
0.651274
0.654622
0.657983
0.661357
0.664742
0.668138
0.671544
0.674959
0.678382
0.681811
0.685247
0.688688
0.692134
0.695584
0.698943
0.702460
0.705949
0.709322
0.712840
0.716217
0.719730
0.723119
0.726642
0.730029
0.733546
0.736917
0.740419
0.743772
0.747268
0.750584
0.754041
0.757352
0.760821
0.764105
0.767544
0.770795
0.774207
0.777430
0.780819
0.784017
0.787384
0.790552
0.793891
0.797026
0.800331
0.803429
0.806700
0.809759
0.812994
0.816013
0.819210
0.822188
0.825344
0.828277
0.831390
0.834276
0.837344
0.840181
0.843202
0.846007
0.848953
0.851667
0.854579
0.857280
0.860133
0.862750
0.865567
0.868147
0.870921
0.873446
0.876162
0.878623
0.881274
0.883671
0.886262
0.888619
0.891123
0.893375
0.895837
0.898071
0.900460
0.902594
0.904938
0.907045
0.909305
0.911303
0.913512
0.915482
0.917607
0.919491
0.921535
0.923344
0.925321
0.927065
0.928978
0.930656
0.932500
0.934105
0.935874
0.937403
0.939097
0.940551
0.942171
0.943549
0.945094
0.946396
0.947864
0.949087
0.950476
0.951620
0.952930
0.953993
0.955222
0.956205
0.957353
0.958253
0.959319
0.960136
0.961119
0.961853
0.962753
0.963403
0.964218
0.964784
0.965515
0.965997
0.966643
0.967040
0.967602
0.967913
0.968390
0.968616
0.969007
0.969148
0.969454
0.969509
0.969729
0.969699
0.969832
0.969716
0.969763
0.969560
0.969520
0.969231
0.969104
0.968728
0.968513
0.968049
0.967746
0.967195
0.966803
0.966163
0.965683
0.964954
0.964384
0.963567
0.962907
0.962000
0.961250
0.960254
0.959413
0.958327
0.957396
0.956220
0.955198
0.953933
0.952820
0.951464
0.950261
0.948815
0.947521
0.945986
0.944601
0.942977
0.941502
0.939788
0.938223
0.936421
0.934766
0.932874
0.931130
0.929150
0.927316
0.925249
0.923326
0.921170
0.919158
0.916915
0.914815
0.912485
0.910295
0.907878
0.905600
0.903096
0.900730
0.898139
0.895685
0.893007
0.890466
0.887701
0.885072
0.882221
0.879504
0.876568
0.873764
0.870742
0.867850
0.864743
0.861765
0.858572
0.855508
0.852231
0.849080
0.845719
0.842483
0.839039
0.835717
0.832190
0.828784
0.825174
0.821684
0.817992
0.814419
0.810646
0.806991
0.803137
0.799399
0.795465
0.791646
0.787633
0.783733
0.779642
0.775662
0.771492
0.767433
0.763186
0.759047
0.754724
0.750507
0.746107
0.741813
0.737338
0.732966
0.728417
0.723968
0.719345
0.714821
0.710123
0.705524
0.700754
0.696080
0.691238
0.686491
0.681577
0.676756
0.671772
0.666879
0.661825
0.656860
0.651737
0.646701
0.641509
0.636404
0.631145
0.625970
0.620644
0.615401
0.610010
0.604700
0.599244
0.593867
0.588347
0.582904
0.577322
0.571815
0.566171
0.560599
0.554894
0.549260
0.543495
0.537799
0.531975
0.526219
0.520336
0.514520
0.508580
0.502704
0.496709
0.490775
0.484724
0.478733
0.472628
0.466580
0.460422
0.454319
0.448108
0.441952
0.435689
0.429479
0.423166
0.416904
0.410542
0.404228
0.397818
0.391454
0.384996
0.378583
0.372079
0.365618
0.359069
0.352560
0.345967
0.339413
0.332777
0.326178
0.319500
0.312857
0.306138
0.299452
0.292694
0.285967
0.279171
0.272403
0.265569
0.258762
0.251892
0.245047
0.238142
0.231259
0.224320
0.217402
0.210431
0.203478
0.196474
0.189488
0.182454
0.175416
0.168389
0.161314
0.154231
0.147139
0.140050
0.132919
0.125779
0.118631
0.111485
0.104304
0.097116
0.089920
0.082721
0.075496
0.068262
0.061022
0.053776
0.046510
0.039237
0.031956
0.024668
0.017366
0.010058
0.002743
0.004584
0.011916
0.019254
0.026599
0.033959
0.041317
0.048680
0.056051
0.063438
0.070817
0.078201
0.085591
0.092989
0.100391
0.107799
0.115208
0.122620
0.130034
0.137450
0.144868
0.152289
0.159712
0.167136
0.174562
0.181988
0.189414
0.196841
0.204267
0.211692
0.219117
0.226541
0.233964
0.241385
0.248804
0.256220
0.263634
0.271045
0.278453
0.285857
0.293257
0.300653
0.308045
0.315431
0.322813
0.330189
0.337559
0.344924
0.352282
0.359633
0.366977
0.374314
0.381644
0.388965
0.396278
0.403583
0.410879
0.418166
0.425444
0.432711
0.439969
0.447217
0.454454
0.461680
0.468895
0.476099
0.483291
0.490471
0.497639
0.504794
0.511937
0.519066
0.526182
0.533285
0.540373
0.547447
0.554506
0.561551
0.568581
0.575595
0.582593
0.589576
0.596542
0.603491
0.610424
0.617339
0.624237
0.631118
0.637980
0.644824
0.651649
0.658455
0.665242
0.672010
0.678758
0.685486
0.692193
0.698880
0.705546
0.712191
0.718815
0.725416
0.731996
0.738554
0.745089
0.751602
0.758091
0.764558
0.771001
0.777420
0.783815
0.790186
0.796533
0.802855
0.809152
0.815424
0.821671
0.827892
0.834087
0.840256
0.846399
0.852515
0.858605
0.864667
0.870702
0.876709
0.882689
0.888641
0.894564
0.900459
0.906326
0.912163
0.917971
0.923750
0.929499
0.935218
0.940907
0.946565
0.952193
0.957790
0.963356
0.968891
0.974394
0.979866
0.985305
0.990713
0.996088
1.001431
1.006740
1.012017
1.017261
1.022472
1.027649
1.032792
1.037901
1.042977
1.048018
1.053025
1.057997
1.062935
1.067837
1.072705
1.077537
1.082334
1.087096
1.091822
1.096512
1.101166
1.105783
1.110365
1.114910
1.119418
1.123890
1.128324
1.132722
1.137082
1.141404
1.145689
1.149937
1.154146
1.158318
1.162451
1.166545
1.170602
1.174619
1.178598
1.182538
1.186439
1.190301
1.194123
1.197906
1.201649
1.205353
1.209017
1.212641
1.216225
1.219769
1.223272
1.226736
1.230159
1.233541
1.236883
1.240184
1.243445
1.246665
1.249843
1.252981
1.256078
1.259134
1.262149
1.265122
1.268055
1.270946
1.273795
1.276603
1.279370
1.282095
1.284778
1.287420
1.290020
1.292578
1.295095
1.297569
1.300002
1.302393
1.304741
1.307048
1.309312
1.311534
1.313714
1.315852
1.317947
1.320000
1.322011
1.323979
1.325905
1.327788
1.329629
1.331428
1.333184
1.334898
1.336569
1.338197
1.339783
1.341327
1.342828
1.344287
1.345703
1.347077
1.348409
1.349698
1.350945
1.352149
1.353312
1.354432
1.355510
1.356546
1.357540
1.358492
1.359402
1.360270
1.361096
1.361880
1.362622
1.363323
1.363982
1.364600
1.365175
1.365710
1.366203
1.366654
1.367064
1.367433
1.367760
1.368046
1.368292
1.368496
1.368659
1.368781
1.368863
1.368903
1.368903
1.368862
1.368781
1.368659
1.368497
1.368295
1.368052
1.367770
1.367447
1.367085
1.366683
1.366241
1.365760
1.365239
1.364679
1.364080
1.363442
1.362765
1.362049
1.361294
1.360501
1.359670
1.358800
1.357892
1.356947
1.355963
1.354942
1.353883
1.352787
1.351653
1.350482
1.349275
1.348030
1.346749
1.345431
1.344076
1.342686
1.341259
1.339796
1.338298
1.336763
1.335193
1.333588
1.331947
1.330271
1.328561
1.326815
1.325035
1.323220
1.321371
1.319488
1.317571
1.315620
1.313635
1.311617
1.309565
1.307481
1.305363
1.303213
1.301030
1.298815
1.296567
1.294288
1.291976
1.289634
1.287259
1.284853
1.282417
1.279949
1.277451
1.274922
1.272364
1.269775
1.267156
1.264507
1.261829
1.259122
1.256386
1.253621
1.250827
1.248004
1.245154
1.242275
1.239368
1.236434
1.233472
1.230483
1.227467
1.224424
1.221354
1.218258
1.215136
1.211987
1.208813
1.205612
1.202387
1.199136
1.195861
1.192560
1.189235
1.185885
1.182512
1.179114
1.175693
1.172249
1.168781
1.165290
1.161776
1.158240
1.154682
1.151101
1.147499
1.143875
1.140230
1.136563
1.132876
1.129168
1.125440
1.121692
1.117923
1.114135
1.110328
1.106501
1.102656
1.098792
1.094909
1.091009
1.087090
1.083154
1.079200
1.075229
1.071241
1.067237
1.063216
1.059179
1.055126
1.051057
1.046973
1.042874
1.038760
1.034631
1.030489
1.026332
1.022161
1.017977
1.013780
1.009570
1.005348
1.001113
0.996866
0.992607
0.988337
0.984056
0.979765
0.975462
0.971150
0.966828
0.962496
0.958155
0.953806
0.949448
0.945081
0.940707
0.936326
0.931937
0.927541
0.923140
0.918732
0.914318
0.909899
0.905475
0.901047
0.896614
0.892177
0.887737
0.883294
0.878849
0.874401
0.869951
0.865500
0.861048
0.856595
0.852143
0.847690
0.843238
0.838788
0.834339
0.829892
0.825448
0.821007
0.816570
0.812137
0.807708
0.803284
0.798866
0.794455
0.790049
0.785652
0.781261
0.776880
0.772507
0.768144
0.763791
0.759448
0.755117
0.750798
0.746492
0.742198
0.737919
0.733654
0.729405
0.725171
0.720954
0.716754
0.712573
0.708410
0.704266
0.700143
0.696041
0.691960
0.687902
0.683867
0.679857
0.675871
0.671911
0.667978
0.664072
0.660195
0.656347
0.652528
0.648741
0.644986
0.641263
0.637574
0.633920
0.630302
0.626719
0.623175
0.619669
0.616202
0.612776
0.609392
0.606049
0.602751
0.599497
0.596288
0.593126
0.590012
0.586946
0.583930
0.580964
0.578051
0.575190
0.572383
0.569631
0.566935
0.564296
0.561715
0.559192
0.556730
0.554329
0.551989
0.549713
0.547500
0.545352
0.543270
0.541255
0.539307
0.537427
0.535616
0.533876
0.532206
0.530607
0.529081
0.527628
0.526248
0.524942
0.523712
0.522556
0.521476
0.520473
0.519546
0.518697
0.517924
0.517230
0.516613
0.516075
0.515615
0.515234
0.514970
0.514706
0.514546
0.514508
0.514498
0.514606
0.514748
0.515008
0.515309
0.515724
0.516184
0.516752
0.517367
0.518084
0.518849
0.519713
0.520614
0.521624
0.522688
0.523837
0.525030
0.526318
0.527652
0.529074
0.530545
0.532098
0.533702
0.535381
0.537115
0.538916
0.540776
0.542696
0.544677
0.546710
0.548808
0.550950
0.553160
0.555406
0.557723
0.560068
0.562487
0.564927
0.567443
0.569972
0.572581
0.575187
0.577840
0.580580
0.583312
0.586130
0.588928
0.591769
0.594701
0.597608
0.600608
0.603570
0.606572
0.609670
0.612723
0.615877
0.618977
0.622112
0.625347
0.628518
0.631722
0.635028
0.638259
0.641520
0.644886
0.648168
0.651479
0.654898
0.658223
0.661574
0.665036
0.668394
0.671777
0.675272
0.678656
0.682061
0.685581
0.688980
0.692400
0.695936
0.699343
0.702769
0.706313
0.709720
0.713145
0.716689
0.720089
0.723505
0.727043
0.730429
0.733829
0.737354
0.740721
0.744100
0.747606
0.750947
0.754300
0.757782
0.761092
0.764414
0.767866
0.771141
0.774426
0.777844
0.781079
0.784323
0.787701
0.790891
0.794089
0.797424
0.800564
0.803712
0.806997
0.810083
0.813175
0.816407
0.819433
0.822465
0.825637
0.828600
0.831566
0.834675
0.837568
0.840465
0.843371
0.846413
0.849220
0.852016
0.854811
0.857604
0.860386
0.863144
0.865870
0.868558
0.871210
0.873828
0.876415
0.878975
0.881509
0.884016
0.886496
0.888945
0.891363
0.893748
0.896101
0.898422
0.900711
0.902967
0.905192
0.907384
0.909543
0.911668
0.913760
0.915818
0.917842
0.919830
0.921784
0.923703
0.925586
0.927434
0.929245
0.931021
0.932760
0.934462
0.936127
0.937754
0.939344
0.940896
0.942411
0.943886
0.945324
0.946722
0.948082
0.949402
0.950683
0.951924
0.953125
0.954287
0.955408
0.956489
0.957530
0.958529
0.959489
0.960407
0.961284
0.962120
0.962914
0.963667
0.964379
0.965048
0.965676
0.966262
0.966806
0.967308
0.967767
0.968184
0.968558
0.968890
0.969179
0.969425
0.969628
0.969788
0.969905
0.969978
0.970009
0.969995
0.969938
0.969838
0.969693
0.969505
0.969273
0.968996
0.968676
0.968311
0.967902
0.967448
0.966951
0.966408
0.965821
0.965190
0.964513
0.963793
0.963027
0.962216
0.961361
0.960461
0.959516
0.958527
0.957492
0.956412
0.955288
0.954119
0.952905
0.951646
0.950342
0.948993
0.947600
0.946162
0.944679
0.943151
0.941579
0.939962
0.938300
0.936593
0.934842
0.933046
0.931206
0.929322
0.927392
0.925419
0.923400
0.921338
0.919231
0.917080
0.914884
0.912645
0.910361
0.908033
0.905661
0.903245
0.900785
0.898281
0.895734
0.893142
0.890507
0.887828
0.885106
0.882340
0.879531
0.876679
0.873783
0.870845
0.867863
0.864838
0.861771
0.858661
0.855508
0.852313
0.849076
0.845796
0.842474
0.839111
0.835705
0.832258
0.828769
0.825239
0.821667
0.818054
0.814400
0.810705
0.806970
0.803193
0.799377
0.795519
0.791622
0.787685
0.783707
0.779690
0.775633
0.771537
0.767401
0.763227
0.759013
0.754760
0.750469
0.746139
0.741771
0.737364
0.732920
0.728437
0.723917
0.719359
0.714764
0.710132
0.705462
0.700756
0.696014
0.691234
0.686419
0.681567
0.676680
0.671757
0.666798
0.661804
0.656775
0.651711
0.646613
0.641480
0.636312
0.631111
0.625876
0.620607
0.615305
0.609970
0.604602
0.599201
0.593767
0.588301
0.582803
0.577274
0.571712
0.566119
0.560495
0.554840
0.549155
0.543438
0.537692
0.531916
0.526109
0.520273
0.514408
0.508514
0.502591
0.496639
0.490659
0.484651
0.478615
0.472551
0.466460
0.460341
0.454196
0.448024
0.441826
0.435602
0.429351
0.423075
0.416774
0.410448
0.404096
0.397720
0.391320
0.384896
0.378448
0.371976
0.365481
0.358964
0.352423
0.345860
0.339275
0.332668
0.326039
0.319389
0.312718
0.306026
0.299313
0.292581
0.285828
0.279056
0.272264
0.265453
0.258623
0.251774
0.244908
0.238023
0.231121
0.224201
0.217264
0.210310
0.203339
0.196352
0.189349
0.182331
0.175297
0.168248
0.161184
0.154105
0.147012
0.139905
0.132785
0.125651
0.118504
0.111344
0.104172
0.096987
0.089791
0.082583
0.075364
0.068133
0.060892
0.053641
0.046379
0.039107
0.031827
0.024536
0.017237
0.009930
0.002614
0.004710
0.012042
0.019381
0.026727
0.034080
0.041440
0.048805
0.056177
0.063554
0.070936
0.078324
0.085716
0.093112
0.100512
0.107917
0.115324
0.122735
0.130148
0.137564
0.144983
0.152403
0.159825
0.167248
0.174672
0.182097
0.189522
0.196947
0.204372
0.211797
0.219220
0.226643
0.234064
0.241483
0.248900
0.256315
0.263727
0.271136
0.278541
0.285943
0.293342
0.300736
0.308125
0.315510
0.322889
0.330263
0.337631
0.344994
0.352350
0.359699
0.367041
0.374376
0.381704
0.389024
0.396335
0.403638
0.410932
0.418218
0.425494
0.432760
0.440016
0.447262
0.454498
0.461723
0.468936
0.476138
0.483329
0.490507
0.497673
0.504827
0.511967
0.519095
0.526209
0.533309
0.540395
0.547466
0.554523
0.561566
0.568592
0.575604
0.582599
0.589579
0.596542
0.603489
0.610418
0.617330
0.624225
0.631102
0.637961
0.644802
0.651624
0.658427
0.665211
0.671975
0.678720
0.685445
0.692150
0.698834
0.705497
0.712139
0.718760
0.725360
0.731937
0.738492
0.745025
0.751536
0.758023
0.764487
0.770928
0.777345
0.783739
0.790108
0.796452
0.802772
0.809067
0.815337
0.821582
0.827800
0.833993
0.840160
0.846300
0.852413
0.858500
0.864559
0.870591
0.876596
0.882572
0.888521
0.894441
0.900332
0.906195
0.912029
0.917833
0.923608
0.929354
0.935069
0.940754
0.946409
0.952034
0.957627
0.963190
0.968721
0.974221
0.979690
0.985126
0.990531
0.995903
1.001243
1.006550
1.011824
1.017066
1.022274
1.027448
1.032589
1.037697
1.042770
1.047809
1.052814
1.057784
1.062720
1.067621
1.072486
1.077317
1.082112
1.086871
1.091595
1.096282
1.100934
1.105549
1.110128
1.114670
1.119176
1.123645
1.128076
1.132471
1.136828
1.141147
1.145429
1.149673
1.153880
1.158048
1.162178
1.166269
1.170322
1.174337
1.178313
1.182249
1.186147
1.190006
1.193826
1.197606
1.201347
1.205048
1.208710
1.212331
1.215913
1.219455
1.222957
1.226418
1.229840
1.233221
1.236561
1.239861
1.243120
1.246338
1.249516
1.252653
1.255748
1.258803
1.261816
1.264789
1.267720
1.270609
1.273457
1.276264
1.279029
1.281752
1.284434
1.287074
1.289672
1.292229
1.294743
1.297216
1.299646
1.302035
1.304381
1.306686
1.308948
1.311168
1.313346
1.315481
1.317575
1.319626
1.321635
1.323601
1.325525
1.327407
1.329247
1.331044
1.332798
1.334511
1.336181
1.337809
1.339394
1.340937
1.342437
1.343896
1.345312
1.346685
1.348017
1.349306
1.350553
1.351757
1.352920
1.354040
1.355118
1.356154
1.357148
1.358100
1.359009
1.359877
1.360703
1.361487
1.362229
1.362930
1.363589
1.364206
1.364781
1.365315
1.365807
1.366258
1.366667
1.367036
1.367362
1.367648
1.367893
1.368096
1.368259
1.368381
1.368462
1.368502
1.368502
1.368461
1.368380
1.368258
1.368096
1.367894
1.367652
1.367370
1.367048
1.366686
1.366285
1.365844
1.365364
1.364844
1.364285
1.363687
1.363051
1.362375
1.361660
1.360907
1.360116
1.359286
1.358417
1.357511
1.356567
1.355584
1.354564
1.353507
1.352412
1.351280
1.350110
1.348904
1.347660
1.346380
1.345063
1.343710
1.342320
1.340894
1.339433
1.337935
1.336402
1.334833
1.333229
1.331589
1.329914
1.328205
1.326461
1.324682
1.322868
1.321021
1.319139
1.317224
1.315274
1.313292
1.311275
1.309226
1.307143
1.305028
1.302880
1.300699
1.298486
1.296241
1.293964
1.291656
1.289315
1.286943
1.284540
1.282106
1.279641
1.277146
1.274620
1.272063
1.269477
1.266861
1.264215
1.261539
1.258834
1.256101
1.253338
1.250546
1.247726
1.244878
1.242001
1.239097
1.236165
1.233205
1.230218
1.227205
1.224164
1.221096
1.218002
1.214882
1.211736
1.208564
1.205366
1.202143
1.198895
1.195622
1.192324
1.189002
1.185655
1.182285
1.178890
1.175472
1.172030
1.168565
1.165078
1.161567
1.158034
1.154479
1.150902
1.147303
1.143682
1.140040
1.136377
1.132693
1.128988
1.125263
1.121518
1.117753
1.113968
1.110164
1.106340
1.102498
1.098636
1.094757
1.090859
1.086943
1.083010
1.079059
1.075091
1.071105
1.067104
1.063085
1.059051
1.055001
1.050935
1.046854
1.042757
1.038646
1.034520
1.030381
1.026227
1.022059
1.017878
1.013684
1.009477
1.005257
1.001025
0.996781
0.992526
0.988259
0.983981
0.979692
0.975393
0.971084
0.966765
0.962436
0.958098
0.953752
0.949397
0.945033
0.940662
0.936284
0.931898
0.927505
0.923106
0.918701
0.914290
0.909874
0.905453
0.901027
0.896597
0.892163
0.887725
0.883285
0.878841
0.874396
0.869948
0.865500
0.861050
0.856599
0.852149
0.847699
0.843249
0.838801
0.834354
0.829910
0.825468
0.821029
0.816594
0.812163
0.807736
0.803315
0.798899
0.794489
0.790086
0.785690
0.781302
0.776922
0.772552
0.768190
0.763839
0.759499
0.755169
0.750852
0.746547
0.742256
0.737978
0.733715
0.729467
0.725235
0.721019
0.716821
0.712640
0.708479
0.704336
0.700214
0.696113
0.692033
0.687976
0.683942
0.679932
0.675947
0.671988
0.668056
0.664150
0.660273
0.656425
0.652608
0.648821
0.645066
0.641343
0.637654
0.634000
0.630382
0.626799
0.623255
0.619748
0.616282
0.612855
0.609470
0.606128
0.602829
0.599574
0.596365
0.593202
0.590087
0.587020
0.584003
0.581037
0.578122
0.575260
0.572452
0.569699
0.567001
0.564360
0.561778
0.559254
0.556789
0.554386
0.552045
0.549766
0.547551
0.545401
0.543317
0.541299
0.539348
0.537466
0.535653
0.533909
0.532237
0.530635
0.529106
0.527650
0.526267
0.524958
0.523724
0.522566
0.521483
0.520476
0.519546
0.518692
0.517917
0.517219
0.516598
0.516056
0.515593
0.515208
0.514901
0.514672
0.514523
0.514451
0.514458
0.514543
0.514706
0.514947
0.515264
0.515659
0.516130
0.516678
0.517301
0.517999
0.518772
0.519618
0.520538
0.521530
0.522594
0.523729
0.524934
0.526208
0.527551
0.528961
0.530438
0.531981
0.533589
0.535260
0.536994
0.538789
0.540645
0.542560
0.544534
0.546565
0.548652
0.550794
0.552989
0.555238
0.557537
0.559888
0.562287
0.564734
0.567227
0.569767
0.572350
0.574977
0.577645
0.580355
0.583103
0.585891
0.588715
0.591576
0.594471
0.597400
0.600362
0.603355
0.606378
0.609430
0.612511
0.615618
0.618751
0.621909
0.625091
0.628295
0.631521
0.634767
0.638032
0.641316
0.644618
0.647935
0.651269
0.654616
0.657978
0.661351
0.664737
0.668133
0.671539
0.674953
0.678376
0.681805
0.685241
0.688683
0.692128
0.695578
0.698937
0.702455
0.705943
0.709316
0.712835
0.716211
0.719724
0.723113
0.726636
0.730023
0.733540
0.736911
0.740413
0.743766
0.747263
0.750579
0.754035
0.757346
0.760815
0.764099
0.767539
0.770789
0.774202
0.777424
0.780814
0.784011
0.787378
0.790547
0.793885
0.797020
0.800326
0.803423
0.806694
0.809754
0.812988
0.816008
0.819205
0.822182
0.825338
0.828272
0.831384
0.834271
0.837339
0.840176
0.843197
0.846002
0.848948
0.851662
0.854574
0.857276
0.860128
0.862746
0.865563
0.868142
0.870916
0.873442
0.876157
0.878618
0.881270
0.883667
0.886258
0.888615
0.891119
0.893371
0.895833
0.898067
0.900457
0.902591
0.904934
0.907041
0.909301
0.911299
0.913508
0.915479
0.917604
0.919488
0.921532
0.923341
0.925318
0.927062
0.928975
0.930653
0.932497
0.934102
0.935871
0.937400
0.939095
0.940548
0.942168
0.943546
0.945091
0.946393
0.947861
0.949085
0.950474
0.951618
0.952928
0.953991
0.955221
0.956203
0.957351
0.958251
0.959317
0.960135
0.961118
0.961852
0.962751
0.963402
0.964217
0.964783
0.965514
0.965996
0.966643
0.967039
0.967601
0.967913
0.968389
0.968616
0.969007
0.969148
0.969453
0.969509
0.969729
0.969699
0.969832
0.969716
0.969763
0.969560
0.969520
0.969231
0.969104
0.968728
0.968513
0.968050
0.967747
0.967195
0.966804
0.966164
0.965684
0.964955
0.964385
0.963568
0.962908
0.962002
0.961252
0.960256
0.959415
0.958329
0.957398
0.956222
0.955200
0.953935
0.952822
0.951466
0.950263
0.948818
0.947524
0.945988
0.944604
0.942979
0.941505
0.939791
0.938226
0.936423
0.934769
0.932877
0.931133
0.929154
0.927320
0.925252
0.923329
0.921174
0.919162
0.916919
0.914819
0.912488
0.910299
0.907882
0.905604
0.903100
0.900734
0.898143
0.895689
0.893012
0.890470
0.887706
0.885076
0.882226
0.879509
0.876573
0.873769
0.870747
0.867855
0.864748
0.861770
0.858578
0.855513
0.852236
0.849086
0.845725
0.842489
0.839044
0.835723
0.832196
0.828790
0.825180
0.821690
0.817998
0.814426
0.810652
0.806997
0.803143
0.799406
0.795472
0.791653
0.787640
0.783740
0.779649
0.775669
0.771499
0.767440
0.763193
0.759054
0.754731
0.750514
0.746115
0.741820
0.737345
0.732974
0.728424
0.723976
0.719352
0.714828
0.710131
0.705532
0.700762
0.696088
0.691246
0.686499
0.681585
0.676765
0.671780
0.666887
0.661833
0.656868
0.651745
0.646710
0.641518
0.636412
0.631154
0.625979
0.620653
0.615410
0.610019
0.604709
0.599253
0.593876
0.588356
0.582914
0.577331
0.571824
0.566180
0.560609
0.554904
0.549270
0.543505
0.537809
0.531985
0.526228
0.520346
0.514529
0.508590
0.502714
0.496719
0.490785
0.484734
0.478743
0.472638
0.466591
0.460432
0.454330
0.448119
0.441962
0.435700
0.429490
0.423177
0.416915
0.410553
0.404239
0.397829
0.391465
0.385007
0.378594
0.372090
0.365629
0.359080
0.352571
0.345978
0.339424
0.332788
0.326189
0.319511
0.312868
0.306150
0.299464
0.292706
0.285979
0.279182
0.272414
0.265580
0.258774
0.251903
0.245058
0.238153
0.231271
0.224332
0.217414
0.210442
0.203490
0.196486
0.189500
0.182466
0.175428
0.168401
0.161326
0.154243
0.147151
0.140062
0.132931
0.125791
0.118643
0.111497
0.104316
0.097128
0.089932
0.082734
0.075508
0.068275
0.061034
0.053788
0.046522
0.039249
0.031969
0.024680
0.017378
0.010070
0.002755
0.004571
0.011904
0.019242
0.026587
0.033947
0.041304
0.048668
0.056038
0.063426
0.070805
0.078188
0.085579
0.092976
0.100379
0.107786
0.115196
0.122608
0.130021
0.137437
0.144856
0.152277
0.159700
0.167124
0.174549
0.181975
0.189402
0.196828
0.204254
0.211680
0.219105
0.226529
0.233951
0.241372
0.248791
0.256208
0.263622
0.271032
0.278440
0.285844
0.293244
0.300641
0.308032
0.315419
0.322800
0.330177
0.337547
0.344911
0.352269
0.359620
0.366965
0.374302
0.381631
0.388953
0.396266
0.403571
0.410867
0.418154
0.425431
0.432699
0.439957
0.447205
0.454442
0.461668
0.468883
0.476087
0.483279
0.490459
0.497627
0.504782
0.511925
0.519054
0.526170
0.533273
0.540361
0.547435
0.554494
0.561539
0.568569
0.575583
0.582581
0.589564
0.596530
0.603479
0.610412
0.617328
0.624226
0.631106
0.637968
0.644812
0.651637
0.658444
0.665231
0.671999
0.678746
0.685474
0.692182
0.698869
0.705535
0.712180
0.718803
0.725405
0.731985
0.738543
0.745078
0.751591
0.758080
0.764547
