0.000000
-0.697803
-1.119446
-1.150450
-0.873880
-0.455597
-0.042316
0.288278
0.529638
0.717896
0.898486
1.102105
1.336615
1.590601
1.845216
2.082883
2.292687
2.470910
2.618554
2.738104
2.831183
2.897712
2.936325
2.945357
2.923762
2.871615
2.790138
2.681440
2.548160
2.393202
2.219601
2.030503
1.829204
1.619175
1.404048
1.187560
0.973464
0.765320
0.566902
0.381464
0.211966
0.061067
-0.068897
-0.175947
-0.258500
-0.315408
-0.345979
-0.349987
-0.327669
-0.279712
-0.207228
-0.111730
0.004898
0.140437
0.292376
0.457952
0.634203
0.818016
1.006187
1.195473
1.382650
1.564684
1.738298
1.900684
2.049272
2.181746
2.296066
2.390500
2.463665
2.514555
2.542564
2.547492
2.529538
2.489295
2.427726
2.346143
2.246183
2.129774
1.999102
1.856572
1.704763
1.546383
1.384221
1.221100
1.059824
0.903019
0.753556
0.613873
0.486194
0.372520
0.274617
0.193978
0.131800
0.088948
0.065940
0.062940
0.079760
0.115873
0.170427
0.242268
0.329959
0.431810
0.545908
0.670151
0.802286
0.939948
1.080704
1.222094
1.361676
1.497178
1.626080
1.746268
1.855824
1.953020
2.036342
2.104508
2.156498
2.191582
2.209331
2.209632
2.192677
2.158956
2.109244
2.044577
1.966236
1.875721
1.774724
1.665096
1.548818
1.427962
1.304658
1.181050
1.059266
0.941264
0.829250
0.725043
0.630291
0.546463
0.474845
0.416518
0.372332
0.342886
0.328514
0.329274
0.344958
0.375095
0.418971
0.475643
0.543956
0.622572
0.709986
0.804560
0.904547
1.008125
1.113430
1.218588
1.321854
1.421217
1.514997
1.601650
1.679770
1.748093
1.805522
1.851149
1.884275
1.904434
1.911397
1.905173
1.886006
1.854364
1.810923
1.756558
1.692320
1.619418
1.539202
1.453129
1.362746
1.269657
1.175492
1.081883
0.990331
0.902589
0.820092
0.744150
0.675944
0.616523
0.566790
0.527481
0.499145
0.482129
0.476572
0.482402
0.499345
0.526934
0.564518
0.611284
0.666264
0.728361
0.796364
0.868972
0.944815
1.022483
1.100548
1.177591
1.252326
1.323228
1.389077
1.448772
1.501335
1.545906
1.581761
1.608321
1.625176
1.632092
1.629018
1.616089
1.593615
1.562072
1.522090
1.474442
1.420019
1.359826
1.294954
1.226564
1.155866
1.084099
1.012504
0.942210
0.874593
0.810756
0.751703
0.698343
0.651484
0.611829
0.579956
0.556306
0.541165
0.534661
0.536761
0.547273
0.565857
0.592031
0.625187
0.664601
0.709447
0.758813
0.811714
0.867118
0.923954
0.981140
1.037601
1.092377
1.144278
1.192377
1.235846
1.273950
1.306044
1.331583
1.350132
1.361380
1.365150
1.361405
1.350248
1.331920
1.306787
1.275334
1.238152
1.195924
1.149413
1.099449
1.046914
0.992725
0.937819
0.883132
0.829498
0.777987
0.729424
0.684553
0.644043
0.608485
0.578392
0.554183
0.536174
0.524567
0.519440
0.520750
0.528333
0.541911
0.561101
0.585424
0.614317
0.647143
0.683201
0.721741
0.761979
0.803105
0.844305
0.884772
0.923808
0.960494
0.994148
1.024170
1.050034
1.071285
1.087543
1.098508
1.103974
1.103835
1.098090
1.086847
1.070314
1.048796
1.022685
0.992449
0.958624
0.921802
0.882619
0.841747
0.799880
0.757722
0.715972
0.675230
0.636321
0.599846
0.566337
0.536264
0.510035
0.488001
0.470443
0.457564
0.449482
0.446223
0.447719
0.453815
0.464266
0.478753
0.496890
0.518227
0.542265
0.568465
0.596253
0.625035
0.654203
0.683150
0.711366
0.738111
0.762856
0.785136
0.804537
0.820693
0.833289
0.842066
0.846831
0.847463
0.843922
0.836249
0.824562
0.809057
0.789995
0.767701
0.742549
0.714960
0.685393
0.654337
0.622299
0.589801
0.557366
0.525426
0.494643
0.465476
0.438331
0.413569
0.391512
0.372439
0.356587
0.344136
0.335203
0.329840
0.328025
0.329668
0.334614
0.342647
0.353499
0.366857
0.382365
0.399635
0.418253
0.437784
0.457781
0.477796
0.497383
0.516193
0.533653
0.549394
0.563102
0.574504
0.583366
0.589491
0.592720
0.592943
0.590105
0.584207
0.575312
0.563543
0.549076
0.532133
0.512982
0.491921
0.469281
0.445415
0.420692
0.395493
0.370201
0.345201
0.320780
0.297456
0.275547
0.255326
0.237026
0.220852
0.206978
0.195547
0.186664
0.180385
0.176720
0.175622
0.176995
0.180695
0.186536
0.194298
0.203727
0.214545
0.226455
0.239142
0.252282
0.265547
0.278608
0.291229
0.302941
0.313470
0.322583
0.330080
0.335785
0.339544
0.341229
0.340742
0.338025
0.333064
0.325891
0.316582
0.305253
0.292060
0.277186
0.260844
0.243268
0.224709
0.205432
0.185713
0.165833
0.146070
0.126618
0.107901
0.090156
0.073579
0.058341
0.044593
0.032471
0.022090
0.013541
0.006882
0.002133
-0.000727
-0.001755
-0.001047
0.001271
0.005045
0.010101
0.016241
0.023255
0.030920
0.039001
0.047261
0.055462
0.063452
0.070840
0.077424
0.083040
0.087544
0.090805
0.092706
0.093141
0.092027
0.089306
0.084955
0.078983
0.071435
0.062387
0.051943
0.040228
0.027389
0.013588
-0.000997
-0.016180
-0.031764
-0.047547
-0.063325
-0.078983
-0.094160
-0.108684
-0.122417
-0.135239
-0.147039
-0.157713
-0.167165
-0.175317
-0.182112
-0.187522
-0.191550
-0.194227
-0.195614
-0.195793
-0.194867
-0.192956
-0.190193
-0.186726
-0.182712
-0.178314
-0.173704
-0.169053
-0.164533
-0.160225
-0.156456
-0.153362
-0.151043
-0.149583
-0.149059
-0.149545
-0.151106
-0.153798
-0.157653
-0.162681
-0.168866
-0.176164
-0.184511
-0.193821
-0.203996
-0.214925
-0.226484
-0.238544
-0.250967
-0.263611
-0.276330
-0.288979
-0.301503
-0.313592
-0.325133
-0.336042
-0.346250
-0.355691
-0.364300
-0.372014
-0.378779
-0.384558
-0.389336
-0.393122
-0.395947
-0.397861
-0.398931
-0.399238
-0.398870
-0.397929
-0.396521
-0.394761
-0.392767
-0.390662
-0.388569
-0.386520
-0.384810
-0.383536
-0.382762
-0.382545
-0.382940
-0.384007
-0.385806
-0.388390
-0.391798
-0.396049
-0.401141
-0.407054
-0.413749
-0.421173
-0.429263
-0.437947
-0.447145
-0.456768
-0.466723
-0.476911
-0.487229
-0.497572
-0.507838
-0.518016
-0.527827
-0.537200
-0.546090
-0.554462
-0.562281
-0.569503
-0.576081
-0.581977
-0.587161
-0.591624
-0.595374
-0.598437
-0.600851
-0.602669
-0.603949
-0.604756
-0.605162
-0.605244
-0.605081
-0.604761
-0.604368
-0.603992
-0.603624
-0.603537
-0.603790
-0.604414
-0.605436
-0.606887
-0.608806
-0.611240
-0.614230
-0.617808
-0.621987
-0.626766
-0.632129
-0.638044
-0.644473
-0.651371
-0.658685
-0.666361
-0.674335
-0.682541
-0.690910
-0.699368
-0.707841
-0.716447
-0.724683
-0.732652
-0.740341
-0.747734
-0.754797
-0.761483
-0.767741
-0.773524
-0.778800
-0.783553
-0.787783
-0.791503
-0.794734
-0.797505
-0.799849
-0.801804
-0.803413
-0.804726
-0.805795
-0.806678
-0.807437
-0.808134
-0.808831
-0.809591
-0.810371
-0.811430
-0.812796
-0.814471
-0.816453
-0.818754
-0.821396
-0.824409
-0.827824
-0.831659
-0.835920
-0.840599
-0.845676
-0.851123
-0.856906
-0.862988
-0.869331
-0.875892
-0.882624
-0.889480
-0.896409
-0.903358
-0.910275
-0.917212
-0.923910
-0.930348
-0.936532
-0.942468
-0.948147
-0.953546
-0.958632
-0.963372
-0.967745
-0.971739
-0.975359
-0.978618
-0.981537
-0.984140
-0.986454
-0.988510
-0.990340
-0.991979
-0.993468
-0.994848
-0.996162
-0.997456
-0.998772
-1.000047
-1.001539
-1.003255
-1.005182
-1.007304
-1.009624
-1.012162
-1.014946
-1.018006
-1.021361
-1.025019
-1.028973
-1.033211
-1.037714
-1.042458
-1.047421
-1.052577
-1.057898
-1.063353
-1.068910
-1.074533
-1.080184
-1.085827
-1.091535
-1.097047
-1.102361
-1.107500
-1.112480
-1.117301
-1.121941
-1.126369
-1.130556
-1.134479
-1.138127
-1.141503
-1.144616
-1.147478
-1.150106
-1.152516
-1.154726
-1.156757
-1.158633
-1.160379
-1.162025
-1.163601
-1.165138
-1.166668
-1.168220
-1.169711
-1.171401
-1.173280
-1.175317
-1.177487
-1.179782
-1.182219
-1.184823
-1.187618
-1.190619
-1.193832
-1.197250
-1.200859
-1.204645
-1.208590
-1.212677
-1.216889
-1.221206
-1.225607
-1.230068
-1.234564
-1.239069
-1.243670
-1.248107
-1.252389
-1.256553
-1.260624
-1.264605
-1.268478
-1.272213
-1.275781
-1.279162
-1.282344
-1.285329
-1.288122
-1.290732
-1.293168
-1.295439
-1.297554
-1.299527
-1.301370
-1.303102
-1.304742
-1.306311
-1.307830
-1.309320
-1.310804
-1.312302
-1.313716
-1.315530
-1.317096
-1.318831
-1.320734
-1.322778
-1.324935
-1.327195
-1.329560
-1.332041
-1.334651
-1.337395
-1.340272
-1.343272
-1.346383
-1.349588
-1.352873
-1.356223
-1.359621
-1.363054
-1.366503
-1.369952
-1.373501
-1.376886
-1.380130
-1.383279
-1.386365
-1.389397
-1.392360
-1.395228
-1.397974
-1.400582
-1.403044
-1.405364
-1.407546
-1.409599
-1.411528
-1.413339
-1.415039
-1.416636
-1.418140
-1.419562
-1.420915
-1.422215
-1.423476
-1.424713
-1.425941
-1.427174
-1.428425
-1.429588
-1.431150
-1.432438
-1.433878
-1.435458
-1.437145
-1.438907
-1.440729
-1.442609
-1.444558
-1.446586
-1.448699
-1.450894
-1.453163
-1.455493
-1.457873
-1.460290
-1.462734
-1.465193
-1.467656
-1.470234
-1.472437
-1.474940
-1.477314
-1.479567
-1.481730
-1.483831
-1.485881
-1.487874
-1.489796
-1.491630
-1.493364
-1.494994
-1.496522
-1.497953
-1.499294
-1.500551
-1.501729
-1.502833
-1.503870
-1.504847
-1.505773
-1.506657
-1.507509
-1.508339
-1.509157
-1.509973
-1.510797
-1.511412
-1.512573
-1.513417
-1.514359
-1.515389
-1.516486
-1.517627
-1.518800
-1.520007
-1.521253
-1.522545
-1.523888
-1.525278
-1.526711
-1.528179
-1.529673
-1.531185
-1.532708
-1.534235
-1.535878
-1.537156
-1.538743
-1.540217
-1.541590
-1.542895
-1.544162
-1.545403
-1.546616
-1.547786
-1.548898
-1.549940
-1.550907
-1.551800
-1.552622
-1.553379
-1.554075
-1.554711
-1.555291
-1.555817
-1.556294
-1.556726
-1.557119
-1.557479
-1.557814
-1.558129
-1.558431
-1.558726
-1.559020
-1.559319
-1.559406
-1.560020
-1.560315
-1.560689
-1.561132
-1.561621
-1.562132
-1.562652
-1.563179
-1.563719
-1.564279
-1.564862
-1.565467
-1.566090
-1.566725
-1.567365
-1.567900
-1.568708
-1.569143
-1.569854
-1.570222
-1.570895
-1.571459
-1.571921
-1.572313
-1.572668
-1.573005
-1.573327
-1.573624
-1.573882
-1.574091
-1.574245
-1.574344
-1.574394
-1.574398
-1.574361
-1.574286
-1.574174
-1.574028
-1.573849
-1.573641
-1.573406
-1.573149
-1.572875
-1.572587
-1.572289
-1.571985
-1.571678
-1.571371
-1.571067
-1.570553
-1.570541
-1.570216
-1.570170
-1.569787
-1.569483
-1.569479
-1.569143
-1.568878
-1.568897
-1.568471
-1.568475
-1.568038
-1.567934
-1.567548
-1.567474
-1.567088
-1.566984
-1.566550
-1.566392
-1.566117
-1.565525
-1.565251
-1.564900
-1.564467
-1.563968
-1.563425
-1.562858
-1.562275
-1.561673
-1.561048
-1.560391
-1.559698
-1.558968
-1.558205
-1.557411
-1.556591
-1.555748
-1.554884
-1.554002
-1.553102
-1.552186
-1.551256
-1.550314
-1.549362
-1.548403
-1.547439
-1.546471
-1.545500
-1.544528
-1.543349
-1.542641
-1.541532
-1.540833
-1.539692
-1.538845
-1.537717
-1.536885
-1.535766
-1.534932
-1.533800
-1.532945
-1.531788
-1.530906
-1.529723
-1.528812
-1.527599
-1.526655
-1.525608
-1.524260
-1.523206
-1.522083
-1.520883
-1.519623
-1.518325
-1.517008
-1.515681
-1.514342
-1.512987
-1.511609
-1.510202
-1.508764
-1.507299
-1.505808
-1.504296
-1.502765
-1.501218
-1.499656
-1.498079
-1.496489
-1.494886
-1.493271
-1.491646
-1.490012
-1.488371
-1.486724
-1.485072
-1.483414
-1.481753
-1.480086
-1.478416
-1.476545
-1.475113
-1.473300
-1.471774
-1.469971
-1.468425
-1.466584
-1.464995
-1.463117
-1.461497
-1.459595
-1.457953
-1.456028
-1.454357
-1.452593
-1.450543
-1.448768
-1.446930
-1.445024
-1.443063
-1.441069
-1.439058
-1.437041
-1.435017
-1.432981
-1.430928
-1.428852
-1.426750
-1.424624
-1.422476
-1.420309
-1.418127
-1.415931
-1.413722
-1.411501
-1.409267
-1.407021
-1.404765
-1.402497
-1.400220
-1.397935
-1.395642
-1.393342
-1.391035
-1.388721
-1.386401
-1.384074
-1.381740
-1.379399
-1.377050
-1.374693
-1.372328
-1.369953
-1.367569
-1.365174
-1.362767
-1.360349
-1.357916
-1.355470
-1.353009
-1.350533
-1.348040
-1.345530
-1.343002
-1.340456
-1.337892
-1.335309
-1.332707
-1.330086
-1.327446
-1.324787
-1.322109
-1.319413
-1.316699
-1.313967
-1.311219
-1.308454
-1.305674
-1.302879
-1.300070
-1.297247
-1.294413
-1.291566
-1.288709
-1.285841
-1.282964
-1.280078
-1.277183
-1.274281
-1.271370
-1.268452
-1.265527
-1.262595
-1.259655
-1.256708
-1.253754
-1.250792
-1.247821
-1.244842
-1.241854
-1.238856
-1.235847
-1.232828
-1.229798
-1.226755
-1.223700
-1.220631
-1.217548
-1.214451
-1.211340
-1.208212
-1.205070
-1.201911
-1.198736
-1.195545
-1.192337
-1.189114
-1.185874
-1.182619
-1.179347
-1.176061
-1.172760
-1.169444
-1.166115
-1.162772
-1.159417
-1.156050
-1.152671
-1.149281
-1.145881
-1.142471
-1.139052
-1.135624
-1.132188
-1.128744
-1.125292
-1.121833
-1.118366
-1.114893
-1.111412
-1.107925
-1.104430
-1.100928
-1.097418
-1.093900
-1.090374
-1.086840
-1.083296
-1.079743
-1.076181
-1.072607
-1.069023
-1.065428
-1.061821
-1.058202
-1.054571
-1.050927
-1.047270
-1.043599
-1.039916
-1.036218
-1.032508
-1.028783
-1.025046
-1.021295
-1.017530
-1.013753
-1.009964
-1.006162
-1.002349
-0.998524
-0.994688
-0.990842
-0.986986
-0.983120
-0.979245
-0.975362
-0.971470
-0.967570
-0.963663
-0.959748
-0.955827
-0.951899
-0.947964
-0.944023
-0.940076
-0.936122
-0.932162
-0.928195
-0.924221
-0.920241
-0.916253
-0.912259
-0.908256
-0.904246
-0.900228
-0.896201
-0.892165
-0.888119
-0.884065
-0.880000
-0.875925
-0.871841
-0.867745
-0.863639
-0.859522
-0.855395
-0.851256
-0.847106
-0.842946
-0.838775
-0.834594
-0.830402
-0.826200
-0.821988
-0.817767
-0.813536
-0.809296
-0.805048
-0.800792
-0.796528
-0.792256
-0.787978
-0.783692
-0.779400
-0.775101
-0.770797
-0.766487
-0.762171
-0.757850
-0.753523
-0.749191
-0.744854
-0.740512
-0.736164
-0.731811
-0.727453
-0.723088
-0.718718
-0.714342
-0.709960
-0.705571
-0.701175
-0.696773
-0.692363
-0.687946
-0.683522
-0.679090
-0.674649
-0.670201
-0.665745
-0.661280
-0.656808
-0.652326
-0.647837
-0.643340
-0.638834
-0.634320
-0.629799
-0.625270
-0.620733
-0.616189
-0.611639
-0.607081
-0.602517
-0.597947
-0.593371
-0.588789
-0.584202
-0.579610
-0.575013
-0.570412
-0.565806
-0.561195
-0.556581
-0.551962
-0.547340
-0.542714
-0.538084
-0.533450
-0.528813
-0.524171
-0.519526
-0.514877
-0.510223
-0.505566
-0.500904
-0.496237
-0.491566
-0.486890
-0.482209
-0.477522
-0.472831
-0.468134
-0.463432
-0.458724
-0.454010
-0.449291
-0.444566
-0.439835
-0.435099
-0.430357
-0.425610
-0.420857
-0.416098
-0.411335
-0.406567
-0.401793
-0.397015
-0.392233
-0.387446
-0.382656
-0.377861
-0.373063
-0.368262
-0.363458
-0.358650
-0.353840
-0.349027
-0.344211
-0.339393
-0.334573
-0.329751
-0.324927
-0.320100
-0.315272
-0.310441
-0.305608
-0.300774
-0.295937
-0.291098
-0.286256
-0.281412
-0.276566
-0.271717
-0.266866
-0.262012
-0.257155
-0.252295
-0.247432
-0.242566
-0.237697
-0.232824
-0.227949
-0.223070
-0.218188
-0.213303
-0.208415
-0.203524
-0.198630
-0.193734
-0.188834
-0.183932
-0.179028
-0.174121
-0.169212
-0.164301
-0.159388
-0.154474
-0.149559
-0.144642
-0.139724
-0.134804
-0.129885
-0.124964
-0.120043
-0.115121
-0.110199
-0.105277
-0.100355
-0.095432
-0.090509
-0.085587
-0.080664
-0.075741
-0.070817
-0.065894
-0.060970
-0.056046
-0.051122
-0.046197
-0.041272
-0.036347
-0.031421
-0.026494
-0.021567
-0.016639
-0.011711
-0.006782
-0.001852
0.003079
0.008010
0.012942
0.017874
0.022807
0.027741
0.032675
0.037609
0.042543
0.047477
0.052411
0.057345
0.062279
0.067212
0.072145
0.077077
0.082008
0.086938
0.091866
0.096794
0.101720
0.106645
0.111568
0.116490
0.121410
0.126328
0.131416
0.136122
0.140972
0.146032
0.150745
0.155796
0.160598
0.165616
0.170393
0.175400
0.180176
0.185191
0.189977
0.195000
0.199788
0.204808
0.209590
0.214602
0.219286
0.224331
0.229134
0.234156
0.238836
0.243867
0.248561
0.253604
0.258302
0.263343
0.268033
0.273066
0.277747
0.282773
0.287449
0.292473
0.297148
0.302170
0.306841
0.311859
0.316524
0.321536
0.326195
0.331201
0.335852
0.340852
0.345496
0.350489
0.355126
0.360111
0.364738
0.369715
0.374334
0.379302
0.383911
0.388870
0.393469
0.398419
0.403009
0.407950
0.412530
0.417462
0.422032
0.426955
0.431515
0.436430
0.440981
0.445887
0.450430
0.455328
0.459861
0.464751
0.469276
0.474159
0.478675
0.483550
0.488058
0.492925
0.497424
0.502283
0.506774
0.511624
0.516106
0.520948
0.525421
0.530254
0.534716
0.539540
0.543992
0.548713
0.553197
0.558036
0.562485
0.567187
0.571639
0.576351
0.580810
0.585523
0.589973
0.594671
0.599105
0.603789
0.608210
0.612885
0.617298
0.621965
0.626369
0.631027
0.635421
0.640067
0.644448
0.649082
0.653449
0.658071
0.662425
0.667033
0.671373
0.675968
0.680293
0.684873
0.689182
0.693747
0.698040
0.702590
0.706867
0.711400
0.715661
0.720178
0.724423
0.728925
0.733152
0.737639
0.741851
0.746322
0.750518
0.754975
0.759155
0.763597
0.767763
0.772191
0.776342
0.780756
0.784893
0.789293
0.793415
0.797802
0.801910
0.806283
0.810377
0.814736
0.818815
0.823160
0.827224
0.831555
0.835604
0.839920
0.843952
0.848253
0.852269
0.856553
0.860552
0.864820
0.868801
0.873051
0.877014
0.881246
0.885190
0.889404
0.893329
0.897524
0.901429
0.905606
0.909491
0.913648
0.917514
0.921652
0.925497
0.929616
0.933442
0.937542
0.941349
0.945430
0.949217
0.953280
0.957048
0.961092
0.964841
0.968868
0.972598
0.976607
0.980318
0.984309
0.988002
0.991975
0.995649
0.999604
1.003260
1.007197
1.010834
1.014752
1.018370
1.022270
1.025868
1.029748
1.033326
1.037187
1.040745
1.044586
1.048122
1.051943
1.055458
1.059257
1.062750
1.066529
1.069999
1.073756
1.077204
1.080939
1.084364
1.088077
1.091479
1.095169
1.098549
1.102216
1.105573
1.109218
1.112552
1.116175
1.119486
1.123087
1.126375
1.129955
1.133220
1.136777
1.140021
1.143556
1.146777
1.150291
1.153490
1.156982
1.160159
1.163630
1.166784
1.170233
1.173364
1.176792
1.179901
1.183306
1.186392
1.189775
1.192838
1.196198
1.199238
1.202575
1.205591
1.208904
1.211896
1.215186
1.218152
1.221418
1.224360
1.227602
1.230518
1.233735
1.236626
1.239818
1.242684
1.245850
1.248691
1.251832
1.254646
1.257763
1.260551
1.263642
1.266405
1.269471
1.272208
1.275249
1.277961
1.280977
1.283663
1.286654
1.289315
1.292281
1.294916
1.297858
1.300468
1.303384
1.305969
1.308861
1.311421
1.314288
1.316822
1.319663
1.322172
1.324988
1.327471
1.330262
1.332719
1.335484
1.337915
1.340654
1.343058
1.345771
1.348148
1.350835
1.353185
1.355844
1.358167
1.360800
1.363095
1.365700
1.367968
1.370546
1.372785
1.375335
1.377547
1.380070
1.382254
1.384749
1.386904
1.389372
1.391499
1.393939
1.396039
1.398451
1.400523
1.402908
1.404952
1.407309
1.409326
1.411656
1.413645
1.415947
1.417908
1.420183
1.422117
1.424364
1.426270
1.428490
1.430368
1.432561
1.434411
1.436575
1.438622
1.440342
1.442422
1.444429
1.446359
1.448011
1.450058
1.452042
1.453942
1.455549
1.457537
1.459456
1.461289
1.462833
1.464763
1.466626
1.468405
1.469894
1.471766
1.473571
1.475291
1.476719
1.478533
1.480278
1.481939
1.483309
1.485063
1.486749
1.488350
1.489660
1.491355
1.492981
1.494522
1.495772
1.497407
1.498973
1.500454
1.501870
1.503252
1.504628
1.506009
1.507395
1.508778
1.510148
1.511498
1.512827
1.514137
1.515430
1.516710
1.517977
1.519231
1.520472
1.521698
1.522910
1.524106
1.525287
1.526453
1.527604
1.528740
1.529862
1.530968
1.532060
1.533136
1.534197
1.535243
1.536273
1.537288
1.538287
1.539270
1.540239
1.541191
1.542128
1.543049
1.543955
1.544844
1.545719
1.546577
1.547420
1.548247
1.549059
1.549855
1.550636
1.551401
1.552151
1.552885
1.553604
1.554308
1.554996
1.555670
1.556328
1.556971
1.557599
1.558212
1.558810
1.559392
1.559960
1.560513
1.561050
1.561573
1.562080
1.562573
1.563050
1.563512
1.563959
1.564391
1.564807
1.565208
1.565594
1.565964
1.566319
1.566659
1.566982
1.567290
1.567583
1.567860
1.568121
1.568366
1.568595
1.568809
1.569007
1.569189
1.569355
1.569506
1.569640
1.569759
1.569862
1.569950
1.570021
1.570077
1.570118
1.570142
1.570151
1.570145
1.570123
1.570086
1.570033
1.569965
1.569881
1.569782
1.569668
1.569539
1.569394
1.569234
1.569059
1.568869
1.568663
1.568442
1.568206
1.567955
1.567689
1.567407
1.567110
1.566797
1.566470
1.566127
1.565768
1.565394
1.565005
1.564600
1.564179
1.563743
1.563292
1.562825
1.562342
1.561844
1.561330
1.560800
1.560254
1.559693
1.559117
1.558524
1.557917
1.557293
1.556654
1.555999
1.555329
1.554644
1.553943
1.553226
1.552494
1.551747
1.550985
1.550207
1.549414
1.548606
1.547782
1.546944
1.546090
1.545221
1.544338
1.543439
1.542525
1.541596
1.540652
1.539694
1.538720
1.537731
1.536727
1.535708
1.534674
1.533625
1.532561
1.531482
1.530388
1.529278
1.528154
1.527015
1.525860
1.524690
1.523505
1.522305
1.521090
1.519859
1.518613
1.517352
1.516076
1.514785
1.513479
1.512157
1.510821
1.509469
1.508103
1.506721
1.505325
1.503913
1.502486
1.501045
1.499589
1.498118
1.496632
1.495132
1.493617
1.492087
1.490542
1.488983
1.487410
1.485821
1.484219
1.482602
1.480970
1.479324
1.477663
1.475988
1.474299
1.472595
1.470877
1.469144
1.467397
1.465636
1.463860
1.462070
1.460265
1.458446
1.456612
1.454764
1.452902
1.451025
1.449134
1.447228
1.445308
1.443374
1.441425
1.439462
1.437484
1.435492
1.433486
1.431466
1.429431
1.427382
1.425319
1.423242
1.421151
1.419045
1.416926
1.414792
1.412645
1.410483
1.408308
1.406119
1.403916
1.401700
1.399469
1.397225
1.394967
1.392696
1.390411
1.388112
1.385800
1.383474
1.381134
1.378782
1.376415
1.374035
1.371642
1.369235
1.366815
1.364381
1.361934
1.359473
1.356999
1.354512
1.352011
1.349497
1.346969
1.344428
1.341874
1.339306
1.336725
1.334131
1.331524
1.328903
1.326269
1.323622
1.320962
1.318288
1.315602
1.312902
1.310190
1.307464
1.304725
1.301974
1.299210
1.296433
1.293643
1.290840
1.288025
1.285197
1.282356
1.279503
1.276638
1.273759
1.270869
1.267965
1.265050
1.262122
1.259182
1.256229
1.253264
1.250287
1.247297
1.244295
1.241281
1.238255
1.235217
1.232166
1.229103
1.226029
1.222942
1.219842
1.216731
1.213608
1.210473
1.207326
1.204167
1.200995
1.197812
1.194617
1.191410
1.188192
1.184961
1.181719
1.178465
1.175200
1.171922
1.168633
1.165333
1.162021
1.158698
1.155363
1.152016
1.148659
1.145290
1.141910
1.138518
1.135116
1.131702
1.128277
1.124841
1.121394
1.117936
1.114467
1.110987
1.107497
1.103995
1.100482
1.096959
1.093425
1.089880
1.086325
1.082759
1.079182
1.075595
1.071996
1.068388
1.064769
1.061139
1.057499
1.053848
1.050187
1.046515
1.042833
1.039141
1.035438
1.031726
1.028003
1.024269
1.020526
1.016772
1.013009
1.009235
1.005451
1.001658
0.997854
0.994041
0.990218
0.986385
0.982542
0.978690
0.974828
0.970956
0.967075
0.963185
0.959284
0.955375
0.951456
0.947528
0.943590
0.939644
0.935688
0.931723
0.927748
0.923765
0.919772
0.915771
0.911760
0.907741
0.903713
0.899675
0.895629
0.891574
0.887510
0.883438
0.879356
0.875266
0.871167
0.867060
0.862944
0.858820
0.854687
0.850545
0.846395
0.842237
0.838070
0.833896
0.829712
0.825521
0.821321
0.817114
0.812898
0.808674
0.804442
0.800203
0.795955
0.791699
0.787436
0.783165
0.778886
0.774600
0.770306
0.766005
0.761696
0.757379
0.753055
0.748724
0.744385
0.740039
0.735686
0.731325
0.726958
0.722583
0.718201
0.713812
0.709416
0.705013
0.700603
0.696186
0.691762
0.687332
0.682894
0.678450
0.673999
0.669542
0.665078
0.660607
0.656130
0.651646
0.647155
0.642659
0.638156
0.633646
0.629131
0.624609
0.620081
0.615547
0.611006
0.606460
0.601908
0.597350
0.592785
0.588215
0.583640
0.579058
0.574471
0.569878
0.565280
0.560676
0.556066
0.551451
0.546831
0.542205
0.537574
0.532938
0.528296
0.523649
0.518998
0.514341
0.509678
0.505011
0.500339
0.495662
0.490980
0.486294
0.481602
0.476906
0.472205
0.467499
0.462789
0.458074
0.453355
0.448631
0.443902
0.439169
0.434432
0.429691
0.424945
0.420195
0.415441
0.410683
0.405921
0.401154
0.396384
0.391610
0.386832
0.382050
0.377264
0.372475
0.367682
0.362885
0.358085
0.353281
0.348474
0.343663
0.338849
0.334032
0.329211
0.324388
0.319560
0.314730
0.309897
0.305061
0.300221
0.295379
0.290534
0.285686
0.280835
0.275981
0.271125
0.266266
0.261404
0.256540
0.251673
0.246804
0.241932
0.237058
0.232182
0.227303
0.222422
0.217539
0.212653
0.207766
0.202876
0.197984
0.193091
0.188028
0.183330
0.178493
0.173449
0.168648
0.163643
0.158867
0.153868
0.149083
0.144064
0.139258
0.134222
0.129406
0.124367
0.119552
0.114516
0.109792
0.104720
0.099875
0.094816
0.090081
0.085007
0.080253
0.075161
0.070396
0.065300
0.060535
0.055441
0.050678
0.045584
0.040819
0.035720
0.030951
0.025847
0.021074
0.015968
0.011194
0.006087
0.001314
-0.003793
-0.008566
-0.013672
-0.018445
-0.023550
-0.028321
-0.033336
-0.038312
-0.043071
-0.048169
-0.052937
-0.057954
-0.062933
-0.067694
-0.072794
-0.077560
-0.082576
-0.087552
-0.092310
-0.097409
-0.102173
-0.107188
-0.112164
-0.116920
-0.121928
-0.126900
-0.131654
-0.136664
-0.141637
-0.146393
-0.151404
-0.156377
-0.161130
-0.166138
-0.171108
-0.175858
-0.180863
-0.185829
-0.190575
-0.195575
-0.200537
-0.205276
-0.210271
-0.215226
-0.219957
-0.224944
-0.229890
-0.234612
-0.239591
-0.244528
-0.249240
-0.254208
-0.259135
-0.263836
-0.268795
-0.273712
-0.278402
-0.283351
-0.288258
-0.292938
-0.297877
-0.302774
-0.307444
-0.312374
-0.317263
-0.321923
-0.326845
-0.331725
-0.336376
-0.341290
-0.346162
-0.350805
-0.355711
-0.360576
-0.365210
-0.370108
-0.374964
-0.379589
-0.384479
-0.389325
-0.393940
-0.398821
-0.403658
-0.408262
-0.413132
-0.417957
-0.422549
-0.427407
-0.432220
-0.436979
-0.441513
-0.446335
-0.451132
-0.455886
-0.460600
-0.465287
-0.469963
-0.474642
-0.479329
-0.484023
-0.488721
-0.493416
-0.498104
-0.502781
-0.507449
-0.512109
-0.516764
-0.521414
-0.526060
-0.530704
-0.535343
-0.539978
-0.544607
-0.549231
-0.553849
-0.558461
-0.563068
-0.567670
-0.572267
-0.576858
-0.581445
-0.586026
-0.590601
-0.595171
-0.599735
-0.604294
-0.608846
-0.613392
-0.617933
-0.622467
-0.626996
-0.631518
-0.636033
-0.640543
-0.645045
-0.649541
-0.654031
-0.658514
-0.662990
-0.667459
-0.671922
-0.676377
-0.680826
-0.685267
-0.689702
-0.694129
-0.698550
-0.702963
-0.707370
-0.711769
-0.716161
-0.720546
-0.724924
-0.729295
-0.733659
-0.738015
-0.742364
-0.746707
-0.751042
-0.755369
-0.759690
-0.764003
-0.768309
-0.772607
-0.776898
-0.781182
-0.785458
-0.789727
-0.793988
-0.798241
-0.802487
-0.806725
-0.810955
-0.815177
-0.819391
-0.823597
-0.827795
-0.831985
-0.836166
-0.840340
-0.844504
-0.848661
-0.852809
-0.856948
-0.861078
-0.865200
-0.869313
-0.873418
-0.877513
-0.881600
-0.885678
-0.889747
-0.893807
-0.897857
-0.901899
-0.905932
-0.909956
-0.913971
-0.917977
-0.921974
-0.925961
-0.929940
-0.933909
-0.937869
-0.941820
-0.945762
-0.949695
-0.953618
-0.957532
-0.961437
-0.965332
-0.969219
-0.973095
-0.976963
-0.980820
-0.984669
-0.988507
-0.992336
-0.996156
-0.999965
-1.003765
-1.007555
-1.011335
-1.015105
-1.018865
-1.022615
-1.026355
-1.030084
-1.033803
-1.037512
-1.041211
-1.044899
-1.048577
-1.052244
-1.055901
-1.059547
-1.063183
-1.066807
-1.070422
-1.074025
-1.077618
-1.081200
-1.084771
-1.088332
-1.091881
-1.095420
-1.098948
-1.102465
-1.105972
-1.109467
-1.112951
-1.116425
-1.119887
-1.123339
-1.126779
-1.130209
-1.133627
-1.137035
-1.140431
-1.143816
-1.147190
-1.150553
-1.153904
-1.157245
-1.160573
-1.163891
-1.167197
-1.170492
-1.173775
-1.177046
-1.180306
-1.183554
-1.186791
-1.190015
-1.193228
-1.196430
-1.199619
-1.202796
-1.205961
-1.209115
-1.212256
-1.215385
-1.218502
-1.221607
-1.224700
-1.227781
-1.230849
-1.233905
-1.236949
-1.239980
-1.242999
-1.246006
-1.249001
-1.251983
-1.254953
-1.257910
-1.260855
-1.263787
-1.266707
-1.269615
-1.272510
-1.275392
-1.278262
-1.281120
-1.283965
-1.286797
-1.289617
-1.292424
-1.295218
-1.298000
-1.300769
-1.303525
-1.306268
-1.308999
-1.311716
-1.314421
-1.317112
-1.319791
-1.322457
-1.325109
-1.327749
-1.330375
-1.332988
-1.335588
-1.338175
-1.340749
-1.343309
-1.345855
-1.348389
-1.350909
-1.353415
-1.355909
-1.358388
-1.360854
-1.363307
-1.365746
-1.368172
-1.370584
-1.372982
-1.375367
-1.377738
-1.380096
-1.382439
-1.384770
-1.387086
-1.389389
-1.391678
-1.393954
-1.396215
-1.398463
-1.400697
-1.402918
-1.405124
-1.407317
-1.409496
-1.411661
-1.413812
-1.415950
-1.418073
-1.420183
-1.422278
-1.424359
-1.426427
-1.428480
-1.430519
-1.432545
-1.434556
-1.436552
-1.438535
-1.440503
-1.442458
-1.444397
-1.446323
-1.448234
-1.450131
-1.452013
-1.453882
-1.455735
-1.457574
-1.459399
-1.461209
-1.463005
-1.464787
-1.466553
-1.468306
-1.470043
-1.471766
-1.473475
-1.475169
-1.476848
-1.478513
-1.480163
-1.481799
-1.483420
-1.485026
-1.486618
-1.488195
-1.489757
-1.491305
-1.492838
-1.494356
-1.495860
-1.497349
-1.498823
-1.500282
-1.501727
-1.503156
-1.504571
-1.505972
-1.507357
-1.508727
-1.510083
-1.511424
-1.512750
-1.514060
-1.515356
-1.516637
-1.517903
-1.519154
-1.520390
-1.521611
-1.522817
-1.524007
-1.525183
-1.526344
-1.527489
-1.528619
-1.529734
-1.530834
-1.531919
-1.532989
-1.534043
-1.535083
-1.536107
-1.537116
-1.538110
-1.539088
-1.540051
-1.540999
-1.541932
-1.542850
-1.543752
-1.544640
-1.545512
-1.546368
-1.547210
-1.548036
-1.548847
-1.549643
-1.550423
-1.551189
-1.551938
-1.552673
-1.553392
-1.554097
-1.554785
-1.555459
-1.556117
-1.556760
-1.557387
-1.557999
-1.558596
-1.559177
-1.559743
-1.560293
-1.560828
-1.561348
-1.561852
-1.562341
-1.562814
-1.563272
-1.563715
-1.564142
-1.564553
-1.564949
-1.565330
-1.565695
-1.566044
-1.566378
-1.566697
-1.567000
-1.567288
-1.567560
-1.567816
-1.568058
-1.568283
-1.568493
-1.568688
-1.568867
-1.569031
-1.569179
-1.569312
-1.569429
-1.569531
-1.569618
-1.569689
-1.569744
-1.569784
-1.569809
-1.569818
-1.569811
-1.569789
-1.569752
-1.569699
-1.569631
-1.569547
-1.569448
-1.569334
-1.569203
-1.569058
-1.568897
-1.568720
-1.568528
-1.568321
-1.568098
-1.567859
-1.567605
-1.567336
-1.567051
-1.566750
-1.566434
-1.566103
-1.565756
-1.565394
-1.565016
-1.564623
-1.564214
-1.563790
-1.563350
-1.562895
-1.562424
-1.561938
-1.561437
-1.560920
-1.560388
-1.559841
-1.559278
-1.558699
-1.558106
-1.557497
-1.556872
-1.556233
-1.555578
-1.554907
-1.554222
-1.553521
-1.552804
-1.552073
-1.551326
-1.550564
-1.549786
-1.548994
-1.548186
-1.547362
-1.546524
-1.545670
-1.544801
-1.543917
-1.543018
-1.542103
-1.541173
-1.540228
-1.539268
-1.538293
-1.537302
-1.536296
-1.535275
-1.534239
-1.533188
-1.532122
-1.531040
-1.529944
-1.528832
-1.527705
-1.526563
-1.525406
-1.524234
-1.523047
-1.521845
-1.520628
-1.519396
-1.518149
-1.516887
-1.515610
-1.514318
-1.513011
-1.511689
-1.510352
-1.509001
-1.507635
-1.506253
-1.504857
-1.503446
-1.502021
-1.500580
-1.499125
-1.497655
-1.496170
-1.494670
-1.493156
-1.491627
-1.490083
-1.488525
-1.486952
-1.485364
-1.483762
-1.482145
-1.480514
-1.478868
-1.477207
-1.475532
-1.473842
-1.472137
-1.470419
-1.468685
-1.466937
-1.465175
-1.463398
-1.461607
-1.459801
-1.457981
-1.456147
-1.454298
-1.452435
-1.450557
-1.448665
-1.446759
-1.444839
-1.442904
-1.440955
-1.438992
-1.437015
-1.435024
-1.433018
-1.430999
-1.428965
-1.426917
-1.424856
-1.422780
-1.420690
-1.418586
-1.416468
-1.414336
-1.412191
-1.410031
-1.407858
-1.405670
-1.403469
-1.401254
-1.399025
-1.396783
-1.394526
-1.392256
-1.389972
-1.387675
-1.385364
-1.383039
-1.380700
-1.378348
-1.375983
-1.373603
-1.371210
-1.368804
-1.366384
-1.363951
-1.361504
-1.359044
-1.356571
-1.354084
-1.351583
-1.349070
-1.346543
-1.344003
-1.341449
-1.338882
-1.336303
-1.333710
-1.331103
-1.328484
-1.325852
-1.323206
-1.320548
-1.317876
-1.315192
-1.312494
-1.309784
-1.307061
-1.304325
-1.301576
-1.298814
-1.296040
-1.293252
-1.290452
-1.287639
-1.284814
-1.281976
-1.279125
-1.276262
-1.273386
-1.270498
-1.267597
-1.264683
-1.261757
-1.258819
-1.255868
-1.252905
-1.249930
-1.246942
-1.243942
-1.240929
-1.237905
-1.234868
-1.231819
-1.228758
-1.225684
-1.222599
-1.219502
-1.216392
-1.213271
-1.210138
-1.206992
-1.203835
-1.200666
-1.197485
-1.194293
-1.191088
-1.187872
-1.184644
-1.181404
-1.178153
-1.174891
-1.171616
-1.168330
-1.165033
-1.161724
-1.158404
-1.155072
-1.151729
-1.148374
-1.145009
-1.141631
-1.138243
-1.134844
-1.131433
-1.128011
-1.124578
-1.121134
-1.117679
-1.114213
-1.110736
-1.107248
-1.103749
-1.100239
-1.096718
-1.093187
-1.089645
-1.086092
-1.082528
-1.078953
-1.075368
-1.071773
-1.068167
-1.064550
-1.060922
-1.057285
-1.053637
-1.049978
-1.046309
-1.042630
-1.038940
-1.035241
-1.031531
-1.027811
-1.024081
-1.020340
-1.016590
-1.012829
-1.009059
-1.005279
-1.001488
-0.997688
-0.993878
-0.990059
-0.986229
-0.982390
-0.978541
-0.974683
-0.970815
-0.966937
-0.963050
-0.959153
-0.955247
-0.951331
-0.947406
-0.943472
-0.939528
-0.935575
-0.931613
-0.927642
-0.923661
-0.919672
-0.915673
-0.911665
-0.907649
-0.903623
-0.899588
-0.895545
-0.891493
-0.887432
-0.883362
-0.879283
-0.875196
-0.871100
-0.866996
-0.862883
-0.858761
-0.854631
-0.850493
-0.846346
-0.842191
-0.838027
-0.833856
-0.829676
-0.825487
-0.821291
-0.817087
-0.812874
-0.808654
-0.804425
-0.800189
-0.795945
-0.791693
-0.787433
-0.783165
-0.778890
-0.774606
-0.770316
-0.766017
-0.761711
-0.757398
-0.753077
-0.748749
-0.744413
-0.740070
-0.735719
-0.731362
-0.726997
-0.722625
-0.718246
-0.713859
-0.709466
-0.705066
-0.700658
-0.696244
-0.691823
-0.687395
-0.682960
-0.678519
-0.674071
-0.669616
-0.665154
-0.660686
-0.656212
-0.651731
-0.647243
-0.642749
-0.638249
-0.633742
-0.629230
-0.624711
-0.620185
-0.615654
-0.611117
-0.606573
-0.602024
-0.597469
-0.592907
-0.588340
-0.583767
-0.579189
-0.574604
-0.570014
-0.565418
-0.560817
-0.556210
-0.551598
-0.546980
-0.542357
-0.537728
-0.533094
-0.528455
-0.523811
-0.519161
-0.514506
-0.509847
-0.505182
-0.500512
-0.495837
-0.491157
-0.486473
-0.481784
-0.477089
-0.472391
-0.467687
-0.462979
-0.458266
-0.453549
-0.448827
-0.444101
-0.439370
-0.434635
-0.429896
-0.425152
-0.420405
-0.415653
-0.410897
-0.406137
-0.401373
-0.396605
-0.391833
-0.387057
-0.382277
-0.377494
-0.372706
-0.367916
-0.363121
-0.358323
-0.353521
-0.348716
-0.343907
-0.339095
-0.334280
-0.329461
-0.324639
-0.319814
-0.314986
-0.310154
-0.305319
-0.300482
-0.295641
-0.290798
-0.285951
-0.281102
-0.276250
-0.271395
-0.266538
-0.261678
-0.256815
-0.251950
-0.247082
-0.242212
-0.237339
-0.232464
-0.227587
-0.222707
-0.217825
-0.212941
-0.208055
-0.203167
-0.198277
-0.193385
-0.188491
-0.183595
-0.178697
-0.173798
-0.168896
-0.163993
-0.159089
-0.154183
-0.149275
-0.144366
-0.139455
-0.134543
-0.129630
-0.124715
-0.119799
-0.114882
-0.109964
-0.105044
-0.100124
-0.095203
-0.090280
-0.085357
-0.080433
-0.075508
-0.070582
-0.065656
-0.060729
-0.055801
-0.050873
-0.045944
-0.041015
-0.036085
-0.031155
-0.026225
-0.021294
-0.016363
-0.011432
-0.006501
-0.001569
0.003362
0.008293
0.013224
0.018155
0.023086
0.028017
0.032948
0.037878
0.042808
0.047737
0.052666
0.057594
0.062522
0.067450
0.072376
0.077302
0.082227
0.087152
0.092075
0.096998
0.101920
0.106840
0.111760
0.116679
0.121596
0.126512
0.131427
0.136341
0.141254
0.146165
0.151074
0.155982
0.160889
0.165794
0.170698
0.175599
0.180499
0.185398
0.190294
0.195189
0.200081
0.204972
0.209861
0.214748
0.219632
0.224689
0.229358
0.234172
0.239201
0.243876
0.248894
0.253658
0.258641
0.263378
0.268348
0.273084
0.278061
0.282805
0.287788
0.292441
0.297459
0.302227
0.307214
0.311852
0.316845
0.321495
0.326499
0.331154
0.336156
0.340802
0.345794
0.350428
0.355411
0.360038
0.365016
0.369639
0.374613
0.379231
0.384199
0.388808
0.393768
0.398368
0.403320
0.407911
0.412854
0.417436
0.422371
0.426944
0.431870
0.436432
0.441257
0.445850
0.450792
0.455353
0.460161
0.464726
0.469637
0.474169
0.479047
0.483553
0.488417
0.492918
0.497782
0.502281
0.507141
0.511632
0.516388
0.520908
0.525779
0.530261
0.534995
0.539482
0.544321
0.548773
0.553484
0.557953
0.562777
0.567215
0.571910
0.576360
0.581071
0.585529
0.590239
0.594684
0.599377
0.603804
0.608480
0.612894
0.617562
0.621969
0.626630
0.631027
0.635678
0.640064
0.644702
0.649074
0.653700
0.658059
0.662672
0.667017
0.671617
0.675948
0.680535
0.684851
0.689422
0.693722
0.698279
0.702563
0.707104
0.711373
0.715899
0.720151
0.724661
0.728897
0.733392
0.737612
0.742092
0.746296
0.750761
0.754950
0.759399
0.763573
0.768008
0.772167
0.776588
0.780732
0.785139
0.789269
0.793662
0.797777
0.802156
0.806256
0.810622
0.814707
0.819059
0.823129
0.827466
0.831521
0.835843
0.839882
0.844189
0.848212
0.852503
0.856509
0.860784
0.864772
0.869030
0.873001
0.877241
0.881193
0.885416
0.889349
0.893553
0.897468
0.901653
0.905548
0.909715
0.913590
0.917738
0.921593
0.925722
0.929558
0.933668
0.937484
0.941575
0.945372
0.949445
0.953223
0.957277
0.961035
0.965071
0.968811
0.972829
0.976549
0.980549
0.984251
0.988233
0.991916
0.995880
0.999544
1.003489
1.007135
1.011062
1.014688
1.018597
1.022203
1.026093
1.029679
1.033549
1.037116
1.040966
1.044512
1.048342
1.051866
1.055675
1.059179
1.062967
1.066448
1.070215
1.073674
1.077419
1.080855
1.084579
1.087992
1.091693
1.095084
1.098763
1.102131
1.105788
1.109133
1.112768
1.116090
1.119703
1.123003
1.126593
1.129870
1.133439
1.136693
1.140240
1.143472
1.146997
1.150207
1.153710
1.156897
1.160379
1.163544
1.167003
1.170146
1.173583
1.176703
1.180119
1.183216
1.186609
1.189683
1.193054
1.196104
1.199452
1.202479
1.205804
1.208806
1.212107
1.215086
1.218363
1.221317
1.224570
1.227499
1.230727
1.233631
1.236835
1.239713
1.242892
1.245745
1.248899
1.251726
1.254855
1.257656
1.260760
1.263536
1.266615
1.269365
1.272418
1.275143
1.278172
1.280871
1.283874
1.286548
1.289526
1.292175
1.295128
1.297751
1.300680
1.303278
1.306182
1.308754
1.311633
1.314179
1.317033
1.319554
1.322383
1.324878
1.327681
1.330150
1.332928
1.335371
1.338122
1.340539
1.343265
1.345655
1.348354
1.350717
1.353389
1.355725
1.358371
1.360680
1.363298
1.365579
1.368171
1.370424
1.372988
1.375213
1.377750
1.379948
1.382457
1.384626
1.387108
1.389249
1.391703
1.393817
1.396243
1.398329
1.400728
1.402786
1.405157
1.407187
1.409531
1.411534
1.413850
1.415825
1.418113
1.420061
1.422322
1.424241
1.426475
1.428367
1.430573
1.432436
1.434614
1.436675
1.438408
1.440502
1.442522
1.444466
1.446132
1.448193
1.450191
1.452105
1.453726
1.455728
1.457661
1.459508
1.461067
1.463011
1.464888
1.466682
1.468185
1.470072
1.471891
1.473626
1.475069
1.476898
1.478658
1.480333
1.481718
1.483487
1.485188
1.486804
1.488129
1.489838
1.491479
1.493035
1.494300
1.495949
1.497530
1.499026
1.500457
1.501853
1.503243
1.504639
1.506040
1.507438
1.508822
1.510187
1.511530
1.512854
1.514162
1.515456
1.516738
1.518007
1.519262
1.520503
1.521729
1.522940
1.524136
1.525316
1.526482
1.527634
1.528770
1.529892
1.530998
1.532090
1.533166
1.534226
1.535272
1.536302
1.537316
1.538315
1.539298
1.540266
1.541218
1.542155
1.543076
1.543981
1.544871
1.545745
1.546603
1.547445
1.548273
1.549084
1.549880
1.550661
1.551426
1.552175
1.552909
1.553628
1.554332
1.555021
1.555694
1.556352
1.556995
1.557623
1.558236
1.558834
1.559417
1.559984
1.560537
1.561075
1.561597
1.562105
1.562597
1.563075
1.563537
1.563984
1.564415
1.564832
1.565233
1.565618
1.565989
1.566343
1.566682
1.567006
1.567314
1.567606
1.567883
1.568144
1.568389
1.568618
1.568832
1.569029
1.569211
1.569377
1.569527
1.569662
1.569781
1.569883
1.569971
1.570042
1.570098
1.570138
1.570163
1.570172
1.570165
1.570143
1.570106
1.570053
1.569985
1.569901
1.569802
1.569688
1.569559
1.569414
1.569254
1.569079
1.568889
1.568683
1.568463
1.568227
1.567975
1.567709
1.567427
1.567130
1.566818
1.566490
1.566147
1.565788
1.565414
1.565025
1.564620
1.564199
1.563763
1.563311
1.562844
1.562361
1.561863
1.561348
1.560819
1.560273
1.559712
1.559135
1.558543
1.557935
1.557311
1.556672
1.556017
1.555347
1.554661
1.553960
1.553244
1.552512
1.551764
1.551002
1.550224
1.549431
1.548623
1.547799
1.546961
1.546107
1.545239
1.544355
1.543456
1.542542
1.541614
1.540670
1.539711
1.538737
1.537748
1.536744
1.535725
1.534691
1.533642
1.532578
1.531499
1.530405
1.529296
1.528171
1.527032
1.525877
1.524707
1.523522
1.522321
1.521106
1.519875
1.518630
1.517369
1.516092
1.514801
1.513495
1.512173
1.510837
1.509485
1.508118
1.506737
1.505340
1.503928
1.502502
1.501060
1.499604
1.498133
1.496647
1.495147
1.493632
1.492102
1.490557
1.488998
1.487425
1.485837
1.484234
1.482617
1.480985
1.479339
1.477679
1.476004
1.474314
1.472610
1.470892
1.469160
1.467412
1.465651
1.463875
1.462085
1.460280
1.458461
1.456627
1.454779
1.452917
1.451040
1.449149
1.447243
1.445323
1.443388
1.441439
1.439476
1.437498
1.435506
1.433500
1.431480
1.429445
1.427396
1.425333
1.423256
1.421164
1.419059
1.416939
1.414806
1.412658
1.410497
1.408322
1.406133
1.403930
1.401713
1.399483
1.397239
1.394981
1.392709
1.390424
1.388126
1.385813
1.383488
1.381148
1.378795
1.376429
1.374049
1.371656
1.369249
1.366829
1.364395
1.361948
1.359487
1.357013
1.354526
1.352025
1.349510
1.346983
1.344442
1.341887
1.339320
1.336739
1.334144
1.331537
1.328916
1.326282
1.323635
1.320975
1.318301
1.315614
1.312915
1.310202
1.307477
1.304738
1.301987
1.299222
1.296445
1.293655
1.290853
1.288038
1.285210
1.282369
1.279516
1.276650
1.273772
1.270881
1.267978
1.265063
1.262135
1.259194
1.256242
1.253277
1.250299
1.247310
1.244308
1.241294
1.238268
1.235229
1.232179
1.229116
1.226041
1.222954
1.219855
1.216744
1.213621
1.210485
1.207338
1.204179
1.201008
1.197825
1.194630
1.191423
1.188204
1.184974
1.181731
1.178477
1.175212
1.171934
1.168645
1.165345
1.162033
1.158709
1.155375
1.152028
1.148671
1.145302
1.141922
1.138530
1.135127
1.131714
1.128289
1.124853
1.121406
1.117948
1.114479
1.110999
1.107509
1.104007
1.100495
1.096971
1.093437
1.089893
1.086337
1.082771
1.079194
1.075607
1.072008
1.068400
1.064781
1.061151
1.057511
1.053860
1.050199
1.046527
1.042845
1.039153
1.035450
1.031737
1.028014
1.024281
1.020537
1.016784
1.013020
1.009247
1.005463
1.001669
0.997866
0.994052
0.990229
0.986396
0.982554
0.978701
0.974839
0.970968
0.967087
0.963196
0.959296
0.955386
0.951468
0.947539
0.943602
0.939655
0.935699
0.931734
0.927760
0.923777
0.919784
0.915783
0.911772
0.907753
0.903724
0.899687
0.895641
0.891586
0.887522
0.883449
0.879368
0.875278
0.871179
0.867072
0.862956
0.858831
0.854698
0.850557
0.846407
0.842248
0.838082
0.833907
0.829724
0.825532
0.821333
0.817125
0.812909
0.808685
0.804453
0.800214
0.795966
0.791711
0.787447
0.783176
0.778898
0.774611
0.770317
0.766016
0.761707
0.757390
0.753066
0.748735
0.744396
0.740050
0.735697
0.731336
0.726969
0.722594
0.718212
0.713823
0.709427
0.705024
0.700614
0.696197
0.691773
0.687343
0.682905
0.678461
0.674010
0.669553
0.665089
0.660618
0.656141
0.651657
0.647166
0.642670
0.638167
0.633657
0.629142
0.624620
0.620092
0.615558
0.611017
0.606471
0.601919
0.597360
0.592796
0.588226
0.583651
0.579069
0.574482
0.569889
0.565291
0.560687
0.556077
0.551462
0.546842
0.542216
0.537585
0.532949
0.528307
0.523660
0.519008
0.514351
0.509689
0.505022
0.500350
0.495673
0.490991
0.486305
0.481613
0.476917
0.472216
0.467510
0.462800
0.458085
0.453365
0.448641
0.443913
0.439180
0.434443
0.429702
0.424956
0.420206
0.415452
0.410694
0.405931
0.401165
0.396395
0.391621
0.386842
0.382061
0.377275
0.372486
0.367693
0.362896
0.358096
0.353292
0.348485
0.343674
0.338860
0.334043
0.329222
0.324398
0.319571
0.314741
0.309908
0.305071
0.300232
0.295390
0.290545
0.285697
0.280846
0.275992
0.271136
0.266277
0.261415
0.256551
0.251684
0.246815
0.241943
0.237069
0.232192
0.227313
0.222432
0.217549
0.212664
0.207776
0.202886
0.197995
0.193101
0.188039
0.183341
0.178503
0.173459
0.168659
0.163653
0.158877
0.153878
0.149093
0.144074
0.139268
0.134232
0.129416
0.124377
0.119562
0.114526
0.109802
0.104730
0.099885
0.094826
0.090091
0.085017
0.080263
0.075172
0.070407
0.065310
0.060545
0.055451
0.050688
0.045594
0.040829
0.035730
0.030961
0.025857
0.021084
0.015978
0.011204
0.006097
0.001324
-0.003783
-0.008556
-0.013662
-0.018435
-0.023540
-0.028311
-0.033326
-0.038302
-0.043061
-0.048159
-0.052927
-0.057944
-0.062923
-0.067684
-0.072784
-0.077551
-0.082566
-0.087543
-0.092300
-0.097399
-0.102163
-0.107178
-0.112154
-0.116910
-0.121918
-0.126890
-0.131644
-0.136654
-0.141628
-0.146383
-0.151394
-0.156367
-0.161120
-0.166128
-0.171098
-0.175848
-0.180853
-0.185820
-0.190565
-0.195566
-0.200527
-0.205267
-0.210261
-0.215216
-0.219947
-0.224934
-0.229881
-0.234603
-0.239581
-0.244518
-0.249230
-0.254199
-0.259126
-0.263827
-0.268785
-0.273702
-0.278393
-0.283341
-0.288248
-0.292928
-0.297867
-0.302765
-0.307434
-0.312365
-0.317253
-0.321914
-0.326835
-0.331716
-0.336367
-0.341281
-0.346153
-0.350796
-0.355702
-0.360566
-0.365200
-0.370099
-0.374954
-0.379579
-0.384469
-0.389316
-0.393931
-0.398812
-0.403648
-0.408252
-0.413122
-0.417948
-0.422539
-0.427398
-0.432211
-0.436970
-0.441504
-0.446326
-0.451123
-0.455877
-0.460591
-0.465278
-0.469954
-0.474633
-0.479320
-0.484014
-0.488712
-0.493407
-0.498095
-0.502772
-0.507440
-0.512100
-0.516755
-0.521405
-0.526052
-0.530695
-0.535334
-0.539969
-0.544598
-0.549222
-0.553840
-0.558452
-0.563059
-0.567661
-0.572258
-0.576850
-0.581436
-0.586017
-0.590593
-0.595163
-0.599727
-0.604285
-0.608837
-0.613384
-0.617924
-0.622459
-0.626987
-0.631509
-0.636025
-0.640534
-0.645037
-0.649533
-0.654023
-0.658505
-0.662981
-0.667451
-0.671913
-0.676369
-0.680817
-0.685259
-0.689694
-0.694121
-0.698542
-0.702955
-0.707362
-0.711761
-0.716153
-0.720538
-0.724916
-0.729287
-0.733651
-0.738007
-0.742356
-0.746699
-0.751033
-0.755361
-0.759682
-0.763995
-0.768301
-0.772599
-0.776890
-0.781174
-0.785450
-0.789719
-0.793980
-0.798233
-0.802479
-0.806717
-0.810947
-0.815169
-0.819383
-0.823589
-0.827787
-0.831977
-0.836159
-0.840332
-0.844497
-0.848653
-0.852801
-0.856940
-0.861071
-0.865193
-0.869306
-0.873410
-0.877506
-0.881592
-0.885670
-0.889739
-0.893799
-0.897850
-0.901892
-0.905925
-0.909949
-0.913964
-0.917969
-0.921966
-0.925954
-0.929932
-0.933902
-0.937862
-0.941813
-0.945755
-0.949687
-0.953611
-0.957525
-0.961430
-0.965325
-0.969211
-0.973088
-0.976955
-0.980813
-0.984662
-0.988500
-0.992329
-0.996149
-0.999958
-1.003758
-1.007548
-1.011328
-1.015098
-1.018858
-1.022608
-1.026348
-1.030077
-1.033797
-1.037506
-1.041204
-1.044892
-1.048570
-1.052238
-1.055894
-1.059540
-1.063176
-1.066801
-1.070415
-1.074019
-1.077611
-1.081193
-1.084765
-1.088325
-1.091875
-1.095414
-1.098942
-1.102459
-1.105965
-1.109460
-1.112945
-1.116418
-1.119881
-1.123333
-1.126773
-1.130203
-1.133621
-1.137029
-1.140425
-1.143810
-1.147184
-1.150547
-1.153898
-1.157238
-1.160567
-1.163885
-1.167191
-1.170485
-1.173769
-1.177040
-1.180300
-1.183548
-1.186785
-1.190010
-1.193223
-1.196424
-1.199613
-1.202790
-1.205956
-1.209109
-1.212250
-1.215379
-1.218497
-1.221602
-1.224694
-1.227775
-1.230843
-1.233899
-1.236943
-1.239975
-1.242994
-1.246001
-1.248995
-1.251977
-1.254947
-1.257904
-1.260849
-1.263782
-1.266702
-1.269610
-1.272505
-1.275387
-1.278257
-1.281115
-1.283960
-1.286792
-1.289612
-1.292419
-1.295213
-1.297995
-1.300764
-1.303520
-1.306263
-1.308994
-1.311711
-1.314416
-1.317108
-1.319786
-1.322452
-1.325105
-1.327744
-1.330370
-1.332984
-1.335584
-1.338170
-1.340744
-1.343304
-1.345851
-1.348384
-1.350904
-1.353411
-1.355904
-1.358384
-1.360850
-1.363303
-1.365742
-1.368167
-1.370579
-1.372978
-1.375362
-1.377734
-1.380091
-1.382435
-1.384765
-1.387082
-1.389385
-1.391674
-1.393949
-1.396211
-1.398459
-1.400693
-1.402914
-1.405120
-1.407313
-1.409492
-1.411657
-1.413809
-1.415946
-1.418069
-1.420179
-1.422274
-1.424356
-1.426423
-1.428476
-1.430516
-1.432541
-1.434552
-1.436549
-1.438531
-1.440500
-1.442454
-1.444394
-1.446319
-1.448231
-1.450128
-1.452010
-1.453878
-1.455732
-1.457571
-1.459396
-1.461206
-1.463002
-1.464783
-1.466550
-1.468302
-1.470040
-1.471763
-1.473472
-1.475166
-1.476845
-1.478510
-1.480160
-1.481796
-1.483417
-1.485023
-1.486615
-1.488192
-1.489754
-1.491302
-1.492835
-1.494353
-1.495857
-1.497346
-1.498820
-1.500279
-1.501724
-1.503154
-1.504569
-1.505969
-1.507354
-1.508725
-1.510081
-1.511421
-1.512747
-1.514058
-1.515354
-1.516635
-1.517901
-1.519152
-1.520388
-1.521609
-1.522814
-1.524005
-1.525181
-1.526341
-1.527487
-1.528617
-1.529732
-1.530832
-1.531917
-1.532987
-1.534041
-1.535081
-1.536105
-1.537114
-1.538108
-1.539086
-1.540050
-1.540998
-1.541931
-1.542848
-1.543751
-1.544638
-1.545510
-1.546367
-1.547208
-1.548035
-1.548846
-1.549641
-1.550422
-1.551187
-1.551937
-1.552672
-1.553391
-1.554095
-1.554784
-1.555457
-1.556115
-1.556758
-1.557386
-1.557998
-1.558594
-1.559176
-1.559742
-1.560292
-1.560827
-1.561347
-1.561851
-1.562340
-1.562813
-1.563271
-1.563714
-1.564141
-1.564552
-1.564948
-1.565329
-1.565694
-1.566044
-1.566378
-1.566696
-1.566999
-1.567287
-1.567559
-1.567816
-1.568057
-1.568283
-1.568493
-1.568688
-1.568867
-1.569031
-1.569179
-1.569312
-1.569429
-1.569531
-1.569617
-1.569688
-1.569744
-1.569784
-1.569808
-1.569818
-1.569811
-1.569789
-1.569752
-1.569699
-1.569631
-1.569547
-1.569448
-1.569334
-1.569203
-1.569058
-1.568897
-1.568720
-1.568528
-1.568321
-1.568098
-1.567859
-1.567605
-1.567336
-1.567051
-1.566751
-1.566435
-1.566103
-1.565756
-1.565394
-1.565016
-1.564623
-1.564214
-1.563790
-1.563351
-1.562896
-1.562425
-1.561939
-1.561438
-1.560921
-1.560389
-1.559841
-1.559279
-1.558700
-1.558107
-1.557498
-1.556873
-1.556234
-1.555579
-1.554908
-1.554223
-1.553522
-1.552805
-1.552074
-1.551327
-1.550565
-1.549787
-1.548995
-1.548187
-1.547364
-1.546525
-1.545672
-1.544803
-1.543919
-1.543019
-1.542105
-1.541175
-1.540230
-1.539270
-1.538294
-1.537304
-1.536298
-1.535277
-1.534241
-1.533190
-1.532123
-1.531042
-1.529945
-1.528834
-1.527707
-1.526565
-1.525408
-1.524236
-1.523049
-1.521847
-1.520630
-1.519398
-1.518151
-1.516889
-1.515612
-1.514320
-1.513013
-1.511691
-1.510355
-1.509003
-1.507637
-1.506256
-1.504859
-1.503449
-1.502023
-1.500582
-1.499127
-1.497657
-1.496172
-1.494673
-1.493159
-1.491630
-1.490086
-1.488528
-1.486955
-1.485367
-1.483765
-1.482148
-1.480516
-1.478870
-1.477210
-1.475534
-1.473845
-1.472140
-1.470421
-1.468688
-1.466940
-1.465178
-1.463401
-1.461610
-1.459804
-1.457984
-1.456150
-1.454301
-1.452438
-1.450560
-1.448668
-1.446762
-1.444842
-1.442907
-1.440959
-1.438996
-1.437019
-1.435027
-1.433022
-1.431002
-1.428968
-1.426921
-1.424859
-1.422783
-1.420693
-1.418589
-1.416472
-1.414340
-1.412194
-1.410035
-1.407861
-1.405674
-1.403473
-1.401258
-1.399029
-1.396786
-1.394530
-1.392260
-1.389976
-1.387679
-1.385367
-1.383043
-1.380704
-1.378352
-1.375986
-1.373607
-1.371214
-1.368808
-1.366388
-1.363955
-1.361508
-1.359048
-1.356575
-1.354088
-1.351587
-1.349074
-1.346547
-1.344007
-1.341453
-1.338887
-1.336307
-1.333714
-1.331108
-1.328488
-1.325856
-1.323211
-1.320552
-1.317881
-1.315196
-1.312499
-1.309789
-1.307065
-1.304329
-1.301580
-1.298819
-1.296044
-1.293257
-1.290457
-1.287644
-1.284819
-1.281981
-1.279130
-1.276267
-1.273391
-1.270502
-1.267601
-1.264688
-1.261762
-1.258824
-1.255873
-1.252910
-1.249935
-1.246947
-1.243947
-1.240934
-1.237910
-1.234873
-1.231824
-1.228763
-1.225690
-1.222604
-1.219507
-1.216398
-1.213276
-1.210143
-1.206998
-1.203840
-1.200671
-1.197491
-1.194298
-1.191093
-1.187877
-1.184649
-1.181410
-1.178159
-1.174896
-1.171622
-1.168336
-1.165038
-1.161729
-1.158409
-1.155077
-1.151734
-1.148380
-1.145014
-1.141637
-1.138249
-1.134849
-1.131439
-1.128017
-1.124584
-1.121140
-1.117685
-1.114219
-1.110742
-1.107254
-1.103755
-1.100245
-1.096724
-1.093193
-1.089651
-1.086098
-1.082534
-1.078959
-1.075374
-1.071779
-1.068173
-1.064556
-1.060929
-1.057291
-1.053643
-1.049984
-1.046315
-1.042636
-1.038947
-1.035247
-1.031537
-1.027817
-1.024087
-1.020346
-1.016596
-1.012836
-1.009065
-1.005285
-1.001495
-0.997695
-0.993885
-0.990065
-0.986236
-0.982397
-0.978548
-0.974689
-0.970821
-0.966943
-0.963056
-0.959159
-0.955253
-0.951338
-0.947413
-0.943478
-0.939535
-0.935582
-0.931620
-0.927648
-0.923668
-0.919678
-0.915680
-0.911672
-0.907655
-0.903630
-0.899595
-0.895552
-0.891500
-0.887439
-0.883369
-0.879290
-0.875203
-0.871107
-0.867003
-0.862890
-0.858768
-0.854638
-0.850500
-0.846353
-0.842198
-0.838034
-0.833863
-0.829683
-0.825495
-0.821298
-0.817094
-0.812881
-0.808661
-0.804433
-0.800196
-0.795952
-0.791700
-0.787440
-0.783172
-0.778897
-0.774614
-0.770323
-0.766025
-0.761719
-0.757405
-0.753084
-0.748756
-0.744420
-0.740077
-0.735727
-0.731369
-0.727004
-0.722632
-0.718253
-0.713867
-0.709473
-0.705073
-0.700666
-0.696251
-0.691830
-0.687402
-0.682968
-0.678526
-0.674078
-0.669623
-0.665162
-0.660694
-0.656219
-0.651738
-0.647251
-0.642757
-0.638256
-0.633750
-0.629237
-0.624718
-0.620193
-0.615662
-0.611124
-0.606581
-0.602032
-0.597476
-0.592915
-0.588348
-0.583775
-0.579196
-0.574612
-0.570022
-0.565426
-0.560825
-0.556218
-0.551606
-0.546988
-0.542365
-0.537736
-0.533102
-0.528463
-0.523819
-0.519169
-0.514514
-0.509855
-0.505190
-0.500520
-0.495845
-0.491165
-0.486481
-0.481791
-0.477097
-0.472398
-0.467695
-0.462987
-0.458274
-0.453557
-0.448835
-0.444109
-0.439378
-0.434643
-0.429904
-0.425160
-0.420413
-0.415661
-0.410905
-0.406145
-0.401381
-0.396613
-0.391841
-0.387065
-0.382285
-0.377502
-0.372715
-0.367924
-0.363129
-0.358331
-0.353529
-0.348724
-0.343915
-0.339103
-0.334288
-0.329469
-0.324647
-0.319822
-0.314994
-0.310162
-0.305328
-0.300490
-0.295649
-0.290806
-0.285960
-0.281110
-0.276258
-0.271403
-0.266546
-0.261686
-0.256823
-0.251958
-0.247090
-0.242220
-0.237347
-0.232472
-0.227595
-0.222715
-0.217834
-0.212950
-0.208063
-0.203175
-0.198285
-0.193393
-0.188499
-0.183603
-0.178705
-0.173806
-0.168905
-0.164002
-0.159097
-0.154191
-0.149283
-0.144374
-0.139463
-0.134551
-0.129638
-0.124723
-0.119807
-0.114890
-0.109972
-0.105053
-0.100132
-0.095211
-0.090289
-0.085365
-0.080441
-0.075516
-0.070591
-0.065664
-0.060737
-0.055809
-0.050881
-0.045952
-0.041023
-0.036093
-0.031163
-0.026233
-0.021302
-0.016371
-0.011440
-0.006509
-0.001578
0.003354
0.008285
0.013216
0.018147
0.023078
0.028009
0.032939
0.037869
0.042799
0.047729
0.052658
0.057586
0.062514
0.067441
0.072368
0.077294
0.082219
0.087143
0.092067
0.096990
0.101911
0.106832
0.111752
0.116670
0.121588
0.126504
0.131419
0.136333
0.141245
0.146156
0.151066
0.155974
0.160881
0.165786
0.170689
0.175591
0.180491
0.185389
0.190286
0.195180
0.200073
0.204964
0.209853
0.214739
0.219624
0.224681
0.229350
0.234164
0.239193
0.243868
0.248886
0.253650
0.258633
0.263370
0.268340
0.273076
0.278053
0.282797
0.287780
0.292433
0.297451
0.302219
0.307206
0.311844
0.316837
0.321487
0.326491
0.331145
0.336148
0.340794
0.345786
0.350420
0.355403
0.360030
0.365008
0.369631
0.374605
0.379222
0.384190
0.388800
0.393760
0.398360
0.403311
0.407903
0.412846
0.417428
0.422363
0.426936
0.431862
0.436424
0.441249
0.445842
0.450784
0.455345
0.460153
0.464718
0.469629
0.474161
0.479039
0.483545
0.488409
0.492910
0.497774
0.502273
0.507133
0.511624
0.516380
0.520900
0.525771
0.530253
0.534987
0.539474
0.544313
0.548765
0.553476
0.557945
0.562770
0.567207
0.571903
0.576352
0.581064
0.585522
0.590231
0.594677
0.599369
0.603796
0.608472
0.612887
0.617555
0.621961
0.626622
0.631020
0.635670
0.640056
0.644695
0.649067
0.653692
0.658051
0.662664
0.667010
0.671610
0.675941
0.680527
0.684843
0.689415
0.693715
0.698271
0.702556
0.707097
0.711366
0.715891
0.720144
0.724654
0.728890
0.733385
0.737605
0.742084
0.746289
0.750753
0.754942
0.759392
0.763566
0.768001
0.772160
0.776581
0.780725
0.785132
0.789261
0.793655
0.797770
0.802149
0.806249
0.810615
0.814700
0.819052
0.823122
0.827459
0.831514
0.835836
0.839875
0.844182
0.848205
0.852496
0.856502
0.860777
0.864766
0.869023
0.872994
0.877234
0.881187
0.885409
0.889342
0.893546
0.897461
0.901646
0.905541
0.909708
0.913583
0.917731
0.921586
0.925715
0.929551
0.933661
0.937478
0.941569
0.945366
0.949438
0.953216
0.957270
0.961029
0.965065
0.968804
0.972822
0.976543
0.980543
0.984245
0.988226
0.991910
0.995873
0.999538
1.003483
1.007129
1.011056
1.014682
1.018590
1.022197
1.026086
1.029673
1.033543
1.037110
1.040960
1.044506
1.048335
1.051860
1.055669
1.059172
1.062961
1.066442
1.070209
1.073668
1.077413
1.080849
1.084573
1.087986
1.091687
1.095078
1.098757
1.102126
1.105782
1.109128
1.112762
1.116085
1.119697
1.122997
1.126587
1.129864
1.133433
1.136687
1.140234
1.143466
1.146991
1.150201
1.153704
1.156891
1.160373
1.163538
1.166998
1.170140
1.173578
1.176698
1.180113
1.183210
1.186604
1.189678
1.193048
1.196099
1.199447
1.202473
1.205798
1.208801
1.212102
1.215080
1.218358
1.221311
1.224564
1.227493
1.230722
1.233626
1.236829
1.239708
1.242887
1.245740
1.248894
1.251721
1.254850
1.257651
1.260755
1.263531
1.266610
1.269360
1.272413
1.275138
1.278167
1.280866
1.283869
1.286543
1.289522
1.292170
1.295124
1.297747
1.300675
1.303273
1.306177
1.308749
1.311628
1.314174
1.317028
1.319549
1.322378
1.324873
1.327677
1.330146
1.332923
1.335366
1.338118
1.340535
1.343260
1.345650
1.348350
1.350713
1.353385
1.355721
1.358367
1.360675
1.363294
1.365575
1.368167
1.370420
1.372984
1.375209
1.377746
1.379944
1.382453
1.384622
1.387104
1.389245
1.391699
1.393813
1.396239
1.398325
1.400724
1.402782
1.405153
1.407184
1.409527
1.411530
1.413846
1.415821
1.418110
1.420057
1.422318
1.424238
1.426471
1.428363
1.430569
1.432433
1.434611
1.436672
1.438405
1.440499
1.442519
1.444463
1.446129
1.448189
1.450188
1.452102
1.453723
1.455725
1.457658
1.459505
1.461064
1.463008
1.464885
1.466679
1.468182
1.470069
1.471888
1.473623
1.475066
1.476895
1.478655
1.480331
1.481715
1.483484
1.485185
1.486801
1.488126
1.489835
1.491476
1.493032
1.494297
1.495947
1.497528
1.499024
1.500454
1.501851
1.503241
1.504637
1.506038
1.507435
1.508820
1.510184
1.511528
1.512852
1.514160
1.515454
1.516736
1.518005
1.519260
1.520501
1.521727
1.522938
1.524134
1.525314
1.526480
1.527632
1.528768
1.529890
1.530996
1.532088
1.533164
1.534224
1.535270
1.536300
1.537314
1.538313
1.539297
1.540265
1.541217
1.542153
1.543074
1.543980
1.544869
1.545743
1.546601
1.547444
1.548271
1.549083
1.549879
1.550659
1.551424
1.552174
1.552908
1.553627
1.554331
1.555020
1.555693
1.556351
1.556994
1.557622
1.558235
1.558833
1.559416
1.559983
1.560536
1.561074
1.561597
1.562104
1.562597
1.563074
1.563536
1.563983
1.564415
1.564831
1.565232
1.565618
1.565988
1.566343
1.566682
1.567005
1.567313
1.567606
1.567882
1.568143
1.568388
1.568618
1.568831
1.569029
1.569211
1.569377
1.569527
1.569662
1.569780
1.569883
1.569970
1.570042
1.570098
1.570138
1.570163
1.570172
1.570165
1.570143
1.570106
1.570053
1.569985
1.569901
1.569802
1.569688
1.569559
1.569414
1.569255
1.569079
1.568889
1.568684
1.568463
1.568227
1.567976
1.567709
1.567428
1.567131
1.566818
1.566491
1.566147
1.565789
1.565415
1.565025
1.564621
1.564200
1.563764
1.563312
1.562845
1.562362
1.561864
1.561349
1.560820
1.560274
1.559713
1.559136
1.558544
1.557936
1.557312
1.556673
1.556018
1.555348
1.554662
1.553961
1.553245
1.552513
1.551766
1.551003
1.550225
1.549432
1.548624
1.547801
1.546962
1.546109
1.545240
1.544356
1.543458
1.542544
1.541615
1.540671
1.539713
1.538739
1.537750
1.536746
1.535727
1.534693
1.533644
1.532580
1.531501
1.530407
1.529298
1.528173
1.527033
1.525879
1.524709
1.523524
1.522324
1.521108
1.519878
1.518632
1.517371
1.516095
1.514803
1.513497
1.512176
1.510839
1.509487
1.508121
1.506739
1.505342
1.503931
1.502504
1.501063
1.499607
1.498136
1.496650
1.495149
1.493634
1.492104
1.490560
1.489001
1.487427
1.485839
1.484237
1.482620
1.480988
1.479342
1.477681
1.476006
1.474317
1.472613
1.470895
1.469162
1.467415
1.465654
1.463878
1.462088
1.460283
1.458464
1.456630
1.454782
1.452920
1.451043
1.449152
1.447246
1.445326
1.443391
1.441443
1.439479
1.437502
1.435510
1.433504
1.431483
1.429448
1.427400
1.425336
1.423259
1.421168
1.419062
1.416943
1.414809
1.412662
1.410501
1.408326
1.406136
1.403934
1.401717
1.399487
1.397242
1.394985
1.392713
1.390428
1.388130
1.385817
1.383492
1.381152
1.378799
1.376433
1.374053
1.371660
1.369253
1.366833
1.364399
1.361952
1.359491
1.357017
1.354530
1.352029
1.349515
1.346987
1.344446
1.341892
1.339324
1.336743
1.334149
1.331541
1.328921
1.326287
1.323639
1.320979
1.318306
1.315619
1.312919
1.310207
1.307481
1.304743
1.301991
1.299227
1.296450
1.293660
1.290858
1.288042
1.285214
1.282374
1.279521
1.276655
1.273777
1.270886
1.267983
1.265068
1.262140
1.259199
1.256247
1.253282
1.250304
1.247315
1.244313
1.241299
1.238273
1.235235
1.232184
1.229121
1.226046
1.222959
1.219860
1.216749
1.213626
1.210491
1.207344
1.204184
1.201013
1.197830
1.194635
1.191428
1.188209
1.184979
1.181737
1.178483
1.175217
1.171940
1.168651
1.165351
1.162039
1.158715
1.155380
1.152034
1.148676
1.145307
1.141927
1.138536
1.135133
1.131719
1.128295
1.124859
1.121412
1.117954
1.114485
1.111005
1.107514
1.104013
1.100500
1.096977
1.093443
1.089899
1.086343
1.082777
1.079200
1.075613
1.072015
1.068406
1.064787
1.061157
1.057517
1.053866
1.050205
1.046533
1.042851
1.039159
1.035456
1.031744
1.028021
1.024287
1.020544
1.016790
1.013027
1.009253
1.005469
1.001676
0.997872
0.994059
0.990236
0.986403
0.982560
0.978708
0.974846
0.970974
0.967093
0.963203
0.959303
0.955393
0.951474
0.947546
0.943609
0.939662
0.935706
0.931741
0.927767
0.923783
0.919791
0.915789
0.911779
0.907759
0.903731
0.899694
0.895647
0.891592
0.887529
0.883456
0.879375
0.875285
0.871186
0.867078
0.862963
0.858838
0.854705
0.850564
0.846414
0.842255
0.838089
0.833914
0.829731
0.825539
0.821340
0.817132
0.812916
0.808692
0.804461
0.800221
0.795973
0.791718
0.787455
0.783184
0.778905
0.774619
0.770325
0.766023
0.761714
0.757398
0.753074
0.748742
0.744404
0.740058
0.735704
0.731344
0.726976
0.722601
0.718219
0.713830
0.709434
0.705031
0.700621
0.696205
0.691781
0.687350
0.682913
0.678469
0.674018
0.669560
0.665096
0.660625
0.656148
0.651664
0.647174
0.642677
0.638174
0.633665
0.629149
0.624627
0.620099
0.615565
0.611025
0.606479
0.601926
0.597368
0.592804
0.588234
0.583658
0.579077
0.574490
0.569897
0.565298
0.560694
0.556085
0.551470
0.546850
0.542224
0.537593
0.532957
0.528315
0.523668
0.519016
0.514359
0.509697
0.505030
0.500358
0.495681
0.490999
0.486312
0.481621
0.476925
0.472224
0.467518
0.462808
0.458093
0.453373
0.448649
0.443921
0.439188
0.434451
0.429710
0.424964
0.420214
0.415460
0.410702
0.405939
0.401173
0.396403
0.391629
0.386851
0.382069
0.377283
0.372494
0.367701
0.362904
0.358104
0.353300
0.348493
0.343682
0.338868
0.334051
0.329230
0.324406
0.319579
0.314749
0.309916
0.305079
0.300240
0.295398
0.290553
0.285705
0.280854
0.276000
0.271144
0.266285
0.261423
0.256559
0.251692
0.246823
0.241951
0.237077
0.232200
0.227322
0.222441
0.217557
0.212672
0.207784
0.202895
0.198003
0.193109
0.188047
0.183349
0.178511
0.173468
0.168667
0.163661
0.158886
0.153886
0.149101
0.144083
0.139276
0.134240
0.129424
0.124385
0.119570
0.114534
0.109810
0.104739
0.099893
0.094834
0.090099
0.085025
0.080271
0.075180
0.070415
0.065319
0.060554
0.055460
0.050697
0.045602
0.040837
0.035739
0.030969
0.025866
0.021092
0.015986
0.011212
0.006106
0.001332
-0.003775
-0.008548
-0.013654
-0.018426
-0.023532
-0.028303
-0.033318
-0.038294
-0.043053
-0.048151
-0.052919
-0.057936
-0.062915
-0.067676
-0.072776
-0.077542
-0.082558
-0.087534
-0.092292
-0.097390
-0.102155
-0.107170
-0.112146
-0.116902
-0.121910
-0.126881
-0.131636
-0.136645
-0.141619
-0.146375
-0.151386
-0.156359
-0.161112
-0.166120
-0.171090
-0.175840
-0.180845
-0.185811
-0.190557
-0.195557
-0.200519
-0.205258
-0.210253
-0.215208
-0.219939
-0.224926
-0.229873
-0.234594
-0.239573
-0.244510
-0.249222
-0.254190
-0.259118
-0.263819
-0.268777
-0.273694
-0.278384
-0.283333
-0.288240
-0.292920
-0.297859
-0.302757
-0.307426
-0.312357
-0.317245
-0.321905
-0.326827
-0.331707
-0.336359
-0.341273
-0.346145
-0.350788
-0.355694
-0.360558
-0.365192
-0.370091
-0.374946
-0.379571
-0.384461
-0.389308
-0.393923
-0.398804
-0.403640
-0.408244
-0.413114
-0.417940
-0.422531
-0.427390
-0.432203
-0.436962
-0.441496
-0.446318
-0.451115
-0.455869
-0.460583
-0.465270
-0.469946
-0.474625
-0.479312
-0.484006
-0.488704
-0.493399
-0.498087
-0.502765
-0.507433
-0.512093
-0.516747
-0.521397
-0.526044
-0.530687
-0.535327
-0.539961
-0.544591
-0.549214
-0.553832
-0.558444
-0.563051
-0.567653
-0.572250
-0.576842
-0.581428
-0.586010
-0.590585
-0.595155
-0.599719
-0.604277
-0.608830
-0.613376
-0.617917
-0.622451
-0.626979
-0.631501
-0.636017
-0.640526
-0.645029
-0.649525
-0.654015
-0.658498
-0.662974
-0.667443
-0.671906
-0.676361
-0.680810
-0.685251
-0.689686
-0.694114
-0.698534
-0.702948
-0.707354
-0.711753
-0.716146
-0.720531
-0.724909
-0.729279
-0.733643
-0.738000
-0.742349
-0.746691
-0.751026
-0.755354
-0.759674
-0.763988
-0.768293
-0.772592
-0.776883
-0.781167
-0.785443
-0.789712
-0.793973
-0.798226
-0.802472
-0.806710
-0.810940
-0.815162
-0.819376
-0.823582
-0.827780
-0.831970
-0.836152
-0.840325
-0.844490
-0.848646
-0.852794
-0.856933
-0.861064
-0.865186
-0.869299
-0.873403
-0.877499
-0.881585
-0.885663
-0.889732
-0.893792
-0.897843
-0.901885
-0.905918
-0.909942
-0.913957
-0.917963
-0.921959
-0.925947
-0.929926
-0.933895
-0.937855
-0.941806
-0.945748
-0.949681
-0.953604
-0.957518
-0.961423
-0.965319
-0.969205
-0.973082
-0.976949
-0.980807
-0.984655
-0.988494
-0.992323
-0.996142
-0.999952
-1.003752
-1.007542
-1.011322
-1.015092
-1.018852
-1.022602
-1.026341
-1.030071
-1.033790
-1.037499
-1.041198
-1.044886
-1.048564
-1.052231
-1.055888
-1.059534
-1.063170
-1.066795
-1.070409
-1.074012
-1.077605
-1.081187
-1.084759
-1.088319
-1.091869
-1.095408
-1.098936
-1.102453
-1.105959
-1.109455
-1.112939
-1.116413
-1.119875
-1.123327
-1.126767
-1.130197
-1.133615
-1.137023
-1.140419
-1.143804
-1.147178
-1.150541
-1.153893
-1.157233
-1.160562
-1.163879
-1.167185
-1.170480
-1.173763
-1.177035
-1.180295
-1.183543
-1.186779
-1.190004
-1.193217
-1.196418
-1.199608
-1.202785
-1.205950
-1.209104
-1.212245
-1.215374
-1.218491
-1.221596
-1.224689
-1.227770
-1.230838
-1.233894
-1.236938
-1.239970
-1.242989
-1.245996
-1.248990
-1.251972
-1.254942
-1.257900
-1.260844
-1.263777
-1.266697
-1.269605
-1.272500
-1.275382
-1.278252
-1.281110
-1.283955
-1.286787
-1.289607
-1.292414
-1.295208
-1.297990
-1.300759
-1.303515
-1.306258
-1.308989
-1.311707
-1.314411
-1.317103
-1.319782
-1.322447
-1.325100
-1.327740
-1.330366
-1.332979
-1.335579
-1.338166
-1.340740
-1.343300
-1.345847
-1.348380
-1.350900
-1.353407
-1.355900
-1.358380
-1.360846
-1.363298
-1.365738
-1.368163
-1.370575
-1.372974
-1.375358
-1.377730
-1.380087
-1.382431
-1.384761
-1.387078
-1.389381
-1.391670
-1.393946
-1.396207
-1.398455
-1.400690
-1.402910
-1.405117
-1.407310
-1.409489
-1.411654
-1.413805
-1.415942
-1.418066
-1.420175
-1.422271
-1.424352
-1.426420
-1.428473
-1.430512
-1.432537
-1.434549
-1.436545
-1.438528
-1.440496
-1.442451
-1.444391
-1.446316
-1.448227
-1.450124
-1.452007
-1.453875
-1.455729
-1.457568
-1.459393
-1.461203
-1.462999
-1.464780
-1.466547
-1.468299
-1.470037
-1.471760
-1.473469
-1.475163
-1.476842
-1.478507
-1.480158
-1.481793
-1.483414
-1.485021
-1.486612
-1.488189
-1.489752
-1.491299
-1.492833
-1.494351
-1.495854
-1.497343
-1.498818
-1.500277
-1.501722
-1.503151
-1.504567
-1.505967
-1.507352
-1.508723
-1.510078
-1.511419
-1.512745
-1.514056
-1.515352
-1.516633
-1.517899
-1.519150
-1.520386
-1.521607
-1.522812
-1.524003
-1.525179
-1.526339
-1.527485
-1.528615
-1.529730
-1.530831
-1.531915
-1.532985
-1.534040
-1.535079
-1.536103
-1.537112
-1.538106
-1.539085
-1.540048
-1.540996
-1.541929
-1.542847
-1.543749
-1.544637
-1.545509
-1.546365
-1.547207
-1.548033
-1.548844
-1.549640
-1.550421
-1.551186
-1.551936
-1.552670
-1.553390
-1.554094
-1.554783
-1.555456
-1.556114
-1.556757
-1.557385
-1.557997
-1.558593
-1.559175
-1.559741
-1.560291
-1.560826
-1.561346
-1.561850
-1.562339
-1.562813
-1.563271
-1.563713
-1.564140
-1.564552
-1.564948
-1.565328
-1.565693
-1.566043
-1.566377
-1.566696
-1.566999
-1.567287
-1.567559
-1.567815
-1.568057
-1.568282
-1.568493
-1.568687
-1.568867
-1.569030
-1.569179
-1.569312
-1.569429
-1.569531
-1.569617
-1.569688
-1.569744
-1.569784
-1.569808
-1.569818
-1.569811
-1.569789
-1.569752
-1.569699
-1.569631
-1.569548
-1.569448
-1.569334
-1.569204
-1.569058
-1.568897
-1.568721
-1.568529
-1.568321
-1.568098
-1.567860
-1.567606
-1.567336
-1.567051
-1.566751
-1.566435
-1.566104
-1.565757
-1.565395
-1.565017
-1.564624
-1.564215
-1.563791
-1.563351
-1.562896
-1.562426
-1.561940
-1.561439
-1.560922
-1.560390
-1.559842
-1.559280
-1.558701
-1.558108
-1.557499
-1.556874
-1.556235
-1.555580
-1.554909
-1.554224
-1.553523
-1.552807
-1.552075
-1.551328
-1.550566
-1.549789
-1.548996
-1.548188
-1.547365
-1.546527
-1.545673
-1.544804
-1.543920
-1.543021
-1.542106
-1.541176
-1.540231
-1.539271
-1.538296
-1.537305
-1.536300
-1.535279
-1.534243
-1.533191
-1.532125
-1.531044
-1.529947
-1.528835
-1.527709
-1.526567
-1.525410
-1.524238
-1.523051
-1.521849
-1.520632
-1.519400
-1.518153
-1.516891
-1.515614
-1.514322
-1.513015
-1.511694
-1.510357
-1.509005
-1.507639
-1.506258
-1.504862
-1.503451
-1.502025
-1.500585
-1.499130
-1.497660
-1.496175
-1.494675
-1.493161
-1.491632
-1.490089
-1.488530
-1.486957
-1.485370
-1.483768
-1.482151
-1.480519
-1.478873
-1.477212
-1.475537
-1.473847
-1.472143
-1.470424
-1.468691
-1.466943
-1.465181
-1.463404
-1.461613
-1.459807
-1.457987
-1.456153
-1.454304
-1.452441
-1.450563
-1.448672
-1.446766
-1.444845
-1.442911
-1.440962
-1.438999
-1.437022
-1.435031
-1.433025
-1.431006
-1.428972
-1.426924
-1.424862
-1.422787
-1.420697
-1.418593
-1.416475
-1.414344
-1.412198
-1.410038
-1.407865
-1.405678
-1.403476
-1.401261
-1.399033
-1.396790
-1.394534
-1.392264
-1.389980
-1.387683
-1.385371
-1.383047
-1.380708
-1.378356
-1.375990
-1.373611
-1.371219
-1.368812
-1.366392
-1.363959
-1.361513
-1.359052
-1.356579
-1.354092
-1.351592
-1.349078
-1.346551
-1.344011
-1.341458
-1.338891
-1.336311
-1.333718
-1.331112
-1.328493
-1.325861
-1.323215
-1.320557
-1.317885
-1.315201
-1.312503
-1.309793
-1.307070
-1.304334
-1.301585
-1.298823
-1.296049
-1.293262
-1.290462
-1.287649
-1.284823
-1.281985
-1.279135
-1.276271
-1.273396
-1.270507
-1.267606
-1.264693
-1.261767
-1.258829
-1.255878
-1.252915
-1.249940
-1.246952
-1.243952
-1.240939
-1.237915
-1.234878
-1.231829
-1.228768
-1.225695
-1.222610
-1.219512
-1.216403
-1.213281
-1.210148
-1.207003
-1.203846
-1.200677
-1.197496
-1.194303
-1.191099
-1.187883
-1.184655
-1.181415
-1.178164
-1.174902
-1.171627
-1.168341
-1.165044
-1.161735
-1.158415
-1.155083
-1.151740
-1.148386
-1.145020
-1.141643
-1.138255
-1.134855
-1.131444
-1.128023
-1.124590
-1.121146
-1.117691
-1.114225
-1.110748
-1.107260
-1.103761
-1.100251
-1.096730
-1.093199
-1.089657
-1.086104
-1.082540
-1.078965
-1.075380
-1.071785
-1.068179
-1.064562
-1.060935
-1.057297
-1.053649
-1.049990
-1.046322
-1.042642
-1.038953
-1.035253
-1.031543
-1.027823
-1.024093
-1.020353
-1.016602
-1.012842
-1.009072
-1.005291
-1.001501
-0.997701
-0.993891
-0.990072
-0.986242
-0.982403
-0.978554
-0.974696
-0.970828
-0.966950
-0.963063
-0.959166
-0.955260
-0.951344
-0.947419
-0.943485
-0.939541
-0.935589
-0.931626
-0.927655
-0.923675
-0.919685
-0.915687
-0.911679
-0.907662
-0.903637
-0.899602
-0.895559
-0.891506
-0.887445
-0.883376
-0.879297
-0.875210
-0.871114
-0.867010
-0.862897
-0.858775
-0.854645
-0.850507
-0.846360
-0.842205
-0.838041
-0.833870
-0.829690
-0.825502
-0.821305
-0.817101
-0.812889
-0.808668
-0.804440
-0.800203
-0.795959
-0.791707
-0.787447
-0.783179
-0.778904
-0.774621
-0.770330
-0.766032
-0.761726
-0.757413
-0.753092
-0.748763
-0.744428
-0.740085
-0.735734
-0.731377
-0.727012
-0.722640
-0.718260
-0.713874
-0.709481
-0.705080
-0.700673
-0.696259
-0.691838
-0.687410
-0.682975
-0.678534
-0.674086
-0.669631
-0.665169
-0.660701
-0.656227
-0.651746
-0.647258
-0.642764
-0.638264
-0.633758
-0.629245
-0.624726
-0.620201
-0.615669
-0.611132
-0.606589
-0.602039
-0.597484
-0.592923
-0.588356
-0.583783
-0.579204
-0.574620
-0.570030
-0.565434
-0.560833
-0.556226
-0.551613
-0.546996
-0.542372
-0.537744
-0.533110
-0.528471
-0.523826
-0.519177
-0.514522
-0.509862
-0.505198
-0.500528
-0.495853
-0.491173
-0.486489
-0.481799
-0.477105
-0.472406
-0.467703
-0.462995
-0.458282
-0.453565
-0.448843
-0.444117
-0.439386
-0.434651
-0.429912
-0.425168
-0.420421
-0.415669
-0.410913
-0.406153
-0.401389
-0.396621
-0.391849
-0.387073
-0.382293
-0.377510
-0.372723
-0.367932
-0.363137
-0.358339
-0.353537
-0.348732
-0.343924
-0.339112
-0.334296
-0.329477
-0.324655
-0.319830
-0.315002
-0.310170
-0.305336
-0.300498
-0.295658
-0.290814
-0.285968
-0.281118
-0.276266
-0.271412
-0.266554
-0.261694
-0.256831
-0.251966
-0.247098
-0.242228
-0.237355
-0.232480
-0.227603
-0.222724
-0.217842
-0.212958
-0.208072
-0.203184
-0.198293
-0.193401
-0.188507
-0.183611
-0.178714
-0.173814
-0.168913
-0.164010
-0.159105
-0.154199
-0.149291
-0.144382
-0.139472
-0.134560
-0.129646
-0.124732
-0.119816
-0.114899
-0.109980
-0.105061
-0.100141
-0.095219
-0.090297
-0.085374
-0.080449
-0.075525
-0.070599
-0.065672
-0.060745
-0.055818
-0.050889
-0.045961
-0.041031
-0.036102
-0.031172
-0.026241
-0.021311
-0.016380
-0.011449
-0.006517
-0.001586
0.003345
0.008276
0.013208
0.018139
0.023070
0.028001
0.032931
0.037861
0.042791
0.047720
0.052649
0.057578
0.062506
0.067433
0.072360
0.077285
0.082211
0.087135
0.092059
0.096981
0.101903
0.106824
0.111743
0.116662
0.121579
0.126496
0.131411
0.136325
0.141237
0.146148
0.151058
0.155966
0.160872
0.165778
0.170681
0.175583
0.180483
0.185381
0.190278
0.195172
0.200065
0.204956
0.209844
0.214731
0.219616
0.224673
0.229341
0.234156
0.239184
0.243860
0.248878
0.253641
0.258625
0.263362
0.268332
0.273068
0.278045
0.282789
0.287772
0.292425
0.297442
0.302211
0.307198
0.311836
0.316829
0.321478
0.326483
0.331137
0.336140
0.340786
0.345778
0.350412
0.355395
0.360022
0.365000
0.369623
0.374597
0.379214
0.384182
0.388792
0.393752
0.398352
0.403303
0.407895
0.412838
0.417420
0.422355
0.426928
0.431854
0.436416
0.441241
0.445834
0.450776
0.455337
0.460145
0.464710
0.469621
0.474153
0.479031
0.483537
0.488401
0.492902
0.497766
0.502265
0.507126
0.511616
0.516373
0.520892
0.525763
0.530245
0.534979
0.539467
0.544305
0.548757
0.553469
0.557937
0.562762
0.567199
0.571895
0.576344
0.581056
0.585514
0.590223
0.594669
0.599361
0.603788
0.608465
0.612879
0.617547
0.621953
0.626614
0.631012
0.635663
0.640048
0.644687
0.649059
0.653685
0.658044
0.662657
0.667002
0.671602
0.675933
0.680520
0.684836
0.689407
0.693708
0.698264
0.702548
0.707090
0.711358
0.715884
0.720136
0.724646
0.728883
0.733377
0.737598
0.742077
0.746282
0.750746
0.754935
0.759385
0.763559
0.767994
0.772153
0.776574
0.780718
0.785125
0.789254
0.793648
0.797762
0.802142
0.806242
0.810608
0.814693
0.819045
0.823115
0.827452
0.831507
0.835829
0.839868
0.844175
0.848198
0.852489
0.856495
0.860770
0.864759
0.869016
0.872987
0.877227
0.881180
0.885402
0.889336
0.893540
0.897454
0.901639
0.905534
0.909701
0.913576
0.917724
0.921580
0.925709
0.929545
0.933654
0.937471
0.941562
0.945359
0.949432
0.953209
0.957264
0.961022
0.965058
0.968798
0.972815
0.976536
0.980536
0.984238
0.988220
0.991903
0.995867
0.999531
1.003477
1.007122
1.011049
1.014676
1.018584
1.022191
1.026080
1.029667
1.033537
1.037103
1.040953
1.044499
1.048329
1.051854
1.055663
1.059166
1.062955
1.066436
1.070203
1.073662
1.077407
1.080843
1.084567
1.087980
1.091681
1.095072
1.098751
1.102120
1.105776
1.109122
1.112756
1.116079
1.119691
1.122991
1.126582
1.129859
1.133427
1.136682
1.140228
1.143461
1.146986
1.150195
1.153699
1.156886
1.160367
1.163532
1.166992
1.170134
1.173572
1.176692
1.180108
1.183205
1.186598
1.189672
1.193043
1.196093
1.199441
1.202468
1.205793
1.208796
1.212097
1.215075
1.218352
1.221306
1.224559
1.227488
1.230717
1.233620
1.236824
1.239703
1.242882
1.245735
1.248889
1.251716
1.254845
1.257646
1.260750
1.263526
1.266605
1.269355
1.272409
1.275133
1.278162
1.280861
1.283865
1.286538
1.289517
1.292165
1.295119
1.297742
1.300671
1.303268
1.306172
1.308744
1.311623
1.314170
1.317024
1.319545
1.322374
1.324869
1.327672
1.330141
1.332919
1.335362
1.338114
1.340530
1.343256
1.345646
1.348345
1.350708
1.353381
1.355717
1.358363
1.360671
1.363290
1.365571
1.368162
1.370416
1.372980
1.375205
1.377742
1.379940
1.382449
1.384618
1.387100
1.389242
1.391695
1.393809
1.396236
1.398322
1.400720
1.402778
1.405150
1.407180
1.409524
1.411526
1.413843
1.415818
1.418106
1.420054
1.422315
1.424234
1.426468
1.428360
1.430566
1.432429
1.434608
1.436668
1.438402
1.440495
1.442516
1.444459
1.446126
1.448186
1.450184
1.452099
1.453720
1.455722
1.457654
1.459502
1.461060
1.463005
1.464882
1.466676
1.468179
1.470066
1.471885
1.473620
1.475064
1.476892
1.478652
1.480328
1.481712
1.483482
1.485183
1.486799
1.488123
1.489833
1.491474
1.493030
1.494295
1.495944
1.497525
1.499021
1.500452
1.501849
1.503239
1.504635
1.506036
1.507433
1.508817
1.510182
1.511526
1.512850
1.514158
1.515452
1.516734
1.518002
1.519258
1.520499
1.521725
1.522936
1.524132
1.525312
1.526478
1.527630
1.528766
1.529888
1.530994
1.532086
1.533162
1.534223
1.535268
1.536298
1.537313
1.538312
1.539295
1.540263
1.541215
1.542152
1.543073
1.543978
1.544868
1.545742
1.546600
1.547443
1.548270
1.549081
1.549877
1.550658
1.551423
1.552173
1.552907
1.553626
1.554330
1.555018
1.555692
1.556350
1.556993
1.557621
1.558234
1.558832
1.559415
1.559982
1.560535
1.561073
1.561596
1.562103
1.562596
1.563073
1.563535
1.563982
1.564414
1.564830
1.565231
1.565617
1.565987
1.566342
1.566681
1.567005
1.567313
1.567605
1.567882
1.568143
1.568388
1.568617
1.568831
1.569029
1.569211
1.569377
1.569527
1.569661
1.569780
1.569883
1.569970
1.570042
1.570098
1.570138
1.570163
1.570172
1.570165
1.570143
1.570106
1.570053
1.569985
1.569901
1.569803
1.569689
1.569559
1.569415
1.569255
1.569080
1.568890
1.568684
1.568463
1.568227
1.567976
1.567710
1.567428
1.567131
1.566819
1.566491
1.566148
1.565790
1.565416
1.565026
1.564621
1.564201
1.563765
1.563313
1.562846
1.562363
1.561864
1.561350
1.560820
1.560275
1.559714
1.559137
1.558545
1.557937
1.557313
1.556674
1.556019
1.555349
1.554664
1.553962
1.553246
1.552514
1.551767
1.551004
1.550227
1.549434
1.548626
1.547802
1.546964
1.546110
1.545242
1.544358
1.543459
1.542545
1.541617
1.540673
1.539714
1.538740
1.537752
1.536748
1.535729
1.534695
1.533646
1.532582
1.531503
1.530409
1.529299
1.528175
1.527035
1.525881
1.524711
1.523526
1.522326
1.521110
1.519880
1.518634
1.517373
1.516097
1.514806
1.513499
1.512178
1.510841
1.509490
1.508123
1.506741
1.505345
1.503933
1.502507
1.501065
1.499609
1.498138
1.496652
1.495152
1.493637
1.492107
1.490563
1.489004
1.487430
1.485842
1.484239
1.482622
1.480991
1.479345
1.477684
1.476009
1.474320
1.472616
1.470898
1.469165
1.467418
1.465657
1.463881
1.462091
1.460286
1.458467
1.456633
1.454785
1.452923
1.451046
1.449155
1.447249
1.445329
1.443395
1.441446
1.439483
1.437505
1.435513
1.433507
1.431487
1.429452
1.427403
1.425340
1.423263
1.421171
1.419066
1.416947
1.414813
1.412666
1.410504
1.408329
1.406140
1.403937
1.401721
1.399490
1.397246
1.394988
1.392717
1.390432
1.388133
1.385821
1.383495
1.381156
1.378803
1.376437
1.374057
1.371664
1.369257
1.366837
1.364403
1.361956
1.359495
1.357021
1.354534
1.352033
1.349519
1.346991
1.344450
1.341896
1.339328
1.336747
1.334153
1.331546
1.328925
1.326291
1.323644
1.320984
1.318310
1.315624
1.312924
1.310211
1.307486
1.304747
1.301996
1.299232
1.296455
1.293665
1.290862
1.288047
1.285219
1.282379
1.279526
1.276660
1.273782
1.270891
1.267988
1.265072
1.262145
1.259204
1.256252
1.253287
1.250310
1.247320
1.244318
1.241304
1.238278
1.235240
1.232189
1.229126
1.226052
1.222965
1.219866
1.216754
1.213631
1.210496
1.207349
1.204190
1.201018
1.197835
1.194640
1.191434
1.188215
1.184984
1.181742
1.178488
1.175223
1.171945
1.168657
1.165356
1.162044
1.158721
1.155386
1.152040
1.148682
1.145313
1.141933
1.138542
1.135139
1.131725
1.128300
1.124865
1.121418
1.117960
1.114491
1.111011
1.107520
1.104019
1.100506
1.096983
1.093449
1.089905
1.086349
1.082783
1.079206
1.075619
1.072021
1.068412
1.064793
1.061163
1.057523
1.053872
1.050211
1.046539
1.042858
1.039165
1.035463
1.031750
1.028027
1.024294
1.020550
1.016797
1.013033
1.009259
1.005476
1.001682
0.997879
0.994065
0.990242
0.986409
0.982567
0.978714
0.974852
0.970981
0.967100
0.963209
0.959309
0.955400
0.951481
0.947553
0.943615
0.939669
0.935713
0.931748
0.927773
0.923790
0.919798
0.915796
0.911786
0.907766
0.903738
0.899700
0.895654
0.891599
0.887535
0.883463
0.879381
0.875291
0.871193
0.867085
0.862969
0.858845
0.854712
0.850571
0.846421
0.842262
0.838096
0.833921
0.829738
0.825546
0.821347
0.817139
0.812923
0.808699
0.804468
0.800228
0.795980
0.791725
0.787462
0.783191
0.778912
0.774626
0.770332
0.766030
0.761721
0.757405
0.753081
0.748750
0.744411
0.740065
0.735712
0.731351
0.726984
0.722609
0.718227
0.713838
0.709442
0.705039
0.700629
0.696212
0.691788
0.687358
0.682920
0.678476
0.674025
0.669568
0.665104
0.660633
0.656156
0.651672
0.647182
0.642685
0.638182
0.633673
0.629157
0.624635
0.620107
0.615573
0.611033
0.606486
0.601934
0.597376
0.592812
0.588242
0.583666
0.579085
0.574497
0.569905
0.565306
0.560702
0.556093
0.551478
0.546857
0.542232
0.537601
0.532964
0.528323
0.523676
0.519024
0.514367
0.509705
0.505038
0.500366
0.495689
0.491007
0.486320
0.481629
0.476933
0.472232
0.467526
0.462816
0.458101
0.453381
0.448657
0.443929
0.439196
0.434459
0.429718
0.424972
0.420222
0.415468
0.410710
0.405947
0.401181
0.396411
0.391637
0.386859
0.382077
0.377291
0.372502
0.367709
0.362912
0.358112
0.353308
0.348501
0.343690
0.338876
0.334059
0.329238
0.324414
0.319587
0.314757
0.309924
0.305088
0.300248
0.295406
0.290561
0.285713
0.280862
0.276008
0.271152
0.266293
0.261431
0.256567
0.251700
0.246831
0.241959
0.237085
0.232209
0.227330
0.222449
0.217566
0.212680
0.207793
0.202903
0.198011
0.193118
0.188055
0.183357
0.178520
0.173476
0.168675
0.163669
0.158894
0.153895
0.149109
0.144091
0.139285
0.134249
0.129433
0.124393
0.119579
0.114543
0.109819
0.104747
0.099902
0.094843
0.090108
0.085034
0.080280
0.075188
0.070423
0.065327
0.060562
0.055468
0.050705
0.045611
0.040846
0.035747
0.030977
0.025874
0.021101
0.015995
0.011221
0.006114
0.001340
-0.003766
-0.008539
-0.013646
-0.018418
-0.023523
-0.028294
-0.033310
-0.038285
-0.043044
-0.048143
-0.052910
-0.057927
-0.062906
-0.067667
-0.072767
-0.077534
-0.082549
-0.087526
-0.092284
-0.097382
-0.102147
-0.107162
-0.112137
-0.116893
-0.121901
-0.126873
-0.131628
-0.136637
-0.141611
-0.146367
-0.151377
-0.156350
-0.161104
-0.166112
-0.171082
-0.175831
-0.180836
-0.185803
-0.190548
-0.195549
-0.200511
-0.205250
-0.210245
-0.215200
-0.219931
-0.224918
-0.229864
-0.234586
-0.239564
-0.244502
-0.249213
-0.254182
-0.259109
-0.263810
-0.268769
-0.273686
-0.278376
-0.283325
-0.288232
-0.292912
-0.297851
-0.302748
-0.307418
-0.312348
-0.317237
-0.321897
-0.326819
-0.331699
-0.336351
-0.341265
-0.346137
-0.350780
-0.355686
-0.360550
-0.365184
-0.370082
-0.374938
-0.379563
-0.384453
-0.389300
-0.393915
-0.398795
-0.403632
-0.408236
-0.413106
-0.417932
-0.422523
-0.427382
-0.432195
-0.436954
-0.441488
-0.446310
-0.451107
-0.455861
-0.460575
-0.465262
-0.469938
-0.474617
-0.479304
-0.483999
-0.488696
-0.493391
-0.498079
-0.502757
-0.507425
-0.512085
-0.516739
-0.521389
-0.526036
-0.530679
-0.535319
-0.539953
-0.544583
-0.549206
-0.553824
-0.558437
-0.563044
-0.567646
-0.572242
-0.576834
-0.581421
-0.586002
-0.590577
-0.595147
-0.599711
-0.604270
-0.608822
-0.613368
-0.617909
-0.622443
-0.626972
-0.631494
-0.636010
-0.640519
-0.645022
-0.649518
-0.654007
-0.658490
-0.662966
-0.667436
-0.671898
-0.676354
-0.680802
-0.685244
-0.689679
-0.694106
-0.698527
-0.702940
-0.707347
-0.711746
-0.716138
-0.720523
-0.724901
-0.729272
-0.733636
-0.737992
-0.742342
-0.746684
-0.751019
-0.755347
-0.759667
-0.763980
-0.768286
-0.772585
-0.776876
-0.781159
-0.785436
-0.789704
-0.793965
-0.798219
-0.802465
-0.806703
-0.810933
-0.815155
-0.819369
-0.823575
-0.827773
-0.831963
-0.836145
-0.840318
-0.844483
-0.848639
-0.852787
-0.856926
-0.861057
-0.865179
-0.869292
-0.873396
-0.877492
-0.881579
-0.885656
-0.889725
-0.893785
-0.897836
-0.901878
-0.905911
-0.909935
-0.913950
-0.917956
-0.921953
-0.925940
-0.929919
-0.933888
-0.937848
-0.941800
-0.945741
-0.949674
-0.953598
-0.957512
-0.961417
-0.965312
-0.969198
-0.973075
-0.976942
-0.980800
-0.984649
-0.988487
-0.992316
-0.996136
-0.999945
-1.003745
-1.007535
-1.011315
-1.015085
-1.018845
-1.022595
-1.026335
-1.030065
-1.033784
-1.037493
-1.041192
-1.044880
-1.048558
-1.052225
-1.055882
-1.059528
-1.063164
-1.066789
-1.070403
-1.074006
-1.077599
-1.081181
-1.084753
-1.088313
-1.091863
-1.095402
-1.098930
-1.102447
-1.105953
-1.109449
-1.112933
-1.116407
-1.119869
-1.123321
-1.126761
-1.130191
-1.133610
-1.137017
-1.140413
-1.143799
-1.147173
-1.150535
-1.153887
-1.157227
-1.160556
-1.163874
-1.167180
-1.170474
-1.173758
-1.177029
-1.180289
-1.183537
-1.186774
-1.189999
-1.193212
-1.196413
-1.199602
-1.202780
-1.205945
-1.209098
-1.212240
-1.215369
-1.218486
-1.221591
-1.224684
-1.227765
-1.230833
-1.233889
-1.236933
-1.239964
-1.242984
-1.245991
-1.248985
-1.251967
-1.254937
-1.257895
-1.260840
-1.263772
-1.266692
-1.269600
-1.272495
-1.275377
-1.278248
-1.281105
-1.283950
-1.286782
-1.289602
-1.292409
-1.295204
-1.297985
-1.300754
-1.303510
-1.306254
-1.308984
-1.311702
-1.314407
-1.317098
-1.319777
-1.322443
-1.325096
-1.327735
-1.330362
-1.332975
-1.335575
-1.338162
-1.340735
-1.343295
-1.345842
-1.348376
-1.350896
-1.353402
-1.355896
-1.358375
-1.360842
-1.363294
-1.365734
-1.368159
-1.370571
-1.372970
-1.375354
-1.377726
-1.380083
-1.382427
-1.384758
-1.387074
-1.389377
-1.391666
-1.393942
-1.396204
-1.398452
-1.400686
-1.402906
-1.405113
-1.407306
-1.409485
-1.411650
-1.413801
-1.415939
-1.418062
-1.420172
-1.422267
-1.424349
-1.426416
-1.428470
-1.430509
-1.432534
-1.434545
-1.436542
-1.438525
-1.440493
-1.442447
-1.444387
-1.446313
-1.448224
-1.450121
-1.452004
-1.453872
-1.455726
-1.457565
-1.459390
-1.461200
-1.462996
-1.464777
-1.466544
-1.468296
-1.470034
-1.471757
-1.473466
-1.475160
-1.476840
-1.478504
-1.480155
-1.481790
-1.483411
-1.485018
-1.486610
-1.488187
-1.489749
-1.491297
-1.492830
-1.494348
-1.495852
-1.497341
-1.498815
-1.500275
-1.501719
-1.503149
-1.504564
-1.505964
-1.507350
-1.508720
-1.510076
-1.511417
-1.512743
-1.514054
-1.515350
-1.516631
-1.517897
-1.519148
-1.520384
-1.521605
-1.522810
-1.524001
-1.525177
-1.526338
-1.527483
-1.528613
-1.529729
-1.530829
-1.531914
-1.532983
-1.534038
-1.535077
-1.536102
-1.537111
-1.538104
-1.539083
-1.540046
-1.540995
-1.541927
-1.542845
-1.543748
-1.544635
-1.545507
-1.546364
-1.547205
-1.548032
-1.548843
-1.549639
-1.550419
-1.551185
-1.551935
-1.552669
-1.553389
-1.554093
-1.554782
-1.555455
-1.556113
-1.556756
-1.557384
-1.557996
-1.558592
-1.559174
-1.559740
-1.560290
-1.560825
-1.561345
-1.561850
-1.562338
-1.562812
-1.563270
-1.563712
-1.564139
-1.564551
-1.564947
-1.565328
-1.565693
-1.566042
-1.566377
-1.566695
-1.566998
-1.567286
-1.567558
-1.567815
-1.568056
-1.568282
-1.568492
-1.568687
-1.568866
-1.569030
-1.569178
-1.569311
-1.569429
-1.569531
-1.569617
-1.569688
-1.569744
-1.569784
-1.569808
-1.569818
-1.569811
-1.569789
-1.569752
-1.569699
-1.569631
-1.569548
-1.569449
-1.569334
-1.569204
-1.569058
-1.568897
-1.568721
-1.568529
-1.568321
-1.568099
-1.567860
-1.567606
-1.567337
-1.567052
-1.566752
-1.566436
-1.566104
-1.565758
-1.565395
-1.565018
-1.564624
-1.564216
-1.563792
-1.563352
-1.562897
-1.562427
-1.561941
-1.561440
-1.560923
-1.560391
-1.559843
-1.559281
-1.558702
-1.558109
-1.557500
-1.556875
-1.556236
-1.555581
-1.554911
-1.554225
-1.553524
-1.552808
-1.552076
-1.551330
-1.550567
-1.549790
-1.548997
-1.548190
-1.547366
-1.546528
-1.545674
-1.544806
-1.543922
-1.543022
-1.542108
-1.541178
-1.540233
-1.539273
-1.538298
-1.537307
-1.536301
-1.535280
-1.534244
-1.533193
-1.532127
-1.531046
-1.529949
-1.528837
-1.527711
-1.526569
-1.525412
-1.524240
-1.523053
-1.521851
-1.520634
-1.519402
-1.518155
-1.516893
-1.515616
-1.514324
-1.513017
-1.511696
-1.510359
-1.509008
-1.507641
-1.506260
-1.504864
-1.503453
-1.502028
-1.500587
-1.499132
-1.497662
-1.496177
-1.494678
-1.493164
-1.491635
-1.490091
-1.488533
-1.486960
-1.485372
-1.483770
-1.482153
-1.480522
-1.478876
-1.477215
-1.475540
-1.473850
-1.472146
-1.470427
-1.468694
-1.466946
-1.465184
-1.463407
-1.461616
-1.459810
-1.457990
-1.456156
-1.454307
-1.452444
-1.450567
-1.448675
-1.446769
-1.444849
-1.442914
-1.440965
-1.439002
-1.437025
-1.435034
-1.433029
-1.431009
-1.428975
-1.426928
-1.424866
-1.422790
-1.420700
-1.418597
-1.416479
-1.414347
-1.412202
-1.410042
-1.407869
-1.405681
-1.403480
-1.401265
-1.399036
-1.396794
-1.394538
-1.392268
-1.389984
-1.387686
-1.385375
-1.383051
-1.380712
-1.378360
-1.375994
-1.373615
-1.371223
-1.368816
-1.366397
-1.363963
-1.361517
-1.359057
-1.356583
-1.354096
-1.351596
-1.349082
-1.346556
-1.344015
-1.341462
-1.338895
-1.336316
-1.333723
-1.331117
-1.328497
-1.325865
-1.323220
-1.320561
-1.317890
-1.315205
-1.312508
-1.309798
-1.307075
-1.304339
-1.301590
-1.298828
-1.296054
-1.293266
-1.290466
-1.287654
-1.284828
-1.281990
-1.279140
-1.276276
-1.273401
-1.270512
-1.267611
-1.264698
-1.261772
-1.258834
-1.255883
-1.252920
-1.249945
-1.246957
-1.243957
-1.240944
-1.237920
-1.234883
-1.231834
-1.228773
-1.225700
-1.222615
-1.219517
-1.216408
-1.213287
-1.210153
-1.207008
-1.203851
-1.200682
-1.197501
-1.194309
-1.191104
-1.187888
-1.184660
-1.181421
-1.178170
-1.174907
-1.171633
-1.168347
-1.165050
-1.161741
-1.158420
-1.155089
-1.151746
-1.148391
-1.145026
-1.141649
-1.138260
-1.134861
-1.131450
-1.128028
-1.124596
-1.121152
-1.117697
-1.114231
-1.110754
-1.107266
-1.103767
-1.100257
-1.096736
-1.093205
-1.089663
-1.086110
-1.082546
-1.078972
-1.075387
-1.071791
-1.068185
-1.064568
-1.060941
-1.057303
-1.053655
-1.049997
-1.046328
-1.042649
-1.038959
-1.035260
-1.031550
-1.027830
-1.024099
-1.020359
-1.016609
-1.012848
-1.009078
-1.005298
-1.001508
-0.997708
-0.993898
-0.990078
-0.986249
-0.982410
-0.978561
-0.974702
-0.970834
-0.966956
-0.963069
-0.959173
-0.955266
-0.951351
-0.947426
-0.943492
-0.939548
-0.935595
-0.931633
-0.927662
-0.923681
-0.919692
-0.915693
-0.911686
-0.907669
-0.903643
-0.899609
-0.895566
-0.891513
-0.887452
-0.883382
-0.879304
-0.875217
-0.871121
-0.867017
-0.862904
-0.858782
-0.854652
-0.850514
-0.846367
-0.842212
-0.838048
-0.833877
-0.829697
-0.825509
-0.821312
-0.817108
-0.812896
-0.808675
-0.804447
-0.800210
-0.795966
-0.791714
-0.787454
-0.783187
-0.778911
-0.774628
-0.770337
-0.766039
-0.761733
-0.757420
-0.753099
-0.748771
-0.744435
-0.740092
-0.735742
-0.731384
-0.727019
-0.722647
-0.718268
-0.713882
-0.709488
-0.705088
-0.700681
-0.696266
-0.691845
-0.687417
-0.682983
-0.678541
-0.674093
-0.669638
-0.665177
-0.660709
-0.656234
-0.651753
-0.647266
-0.642772
-0.638272
-0.633765
-0.629252
-0.624733
-0.620208
-0.615677
-0.611140
-0.606596
-0.602047
-0.597492
-0.592930
-0.588363
-0.583790
-0.579212
-0.574627
-0.570037
-0.565442
-0.560840
-0.556234
-0.551621
-0.547003
-0.542380
-0.537752
-0.533118
-0.528479
-0.523834
-0.519185
-0.514530
-0.509870
-0.505205
-0.500536
-0.495861
-0.491181
-0.486497
-0.481807
-0.477113
-0.472414
-0.467711
-0.463003
-0.458290
-0.453573
-0.448851
-0.444125
-0.439394
-0.434659
-0.429920
-0.425176
-0.420429
-0.415677
-0.410921
-0.406161
-0.401397
-0.396629
-0.391857
-0.387081
-0.382301
-0.377518
-0.372731
-0.367940
-0.363145
-0.358347
-0.353546
-0.348740
-0.343932
-0.339120
-0.334304
-0.329486
-0.324664
-0.319838
-0.315010
-0.310179
-0.305344
-0.300506
-0.295666
-0.290822
-0.285976
-0.281127
-0.276275
-0.271420
-0.266562
-0.261702
-0.256840
-0.251974
-0.247107
-0.242236
-0.237364
-0.232489
-0.227611
-0.222732
-0.217850
-0.212966
-0.208080
-0.203192
-0.198302
-0.193410
-0.188516
-0.183620
-0.178722
-0.173822
-0.168921
-0.164018
-0.159114
-0.154207
-0.149300
-0.144391
-0.139480
-0.134568
-0.129655
-0.124740
-0.119824
-0.114907
-0.109989
-0.105069
-0.100149
-0.095228
-0.090305
-0.085382
-0.080458
-0.075533
-0.070607
-0.065681
-0.060754
-0.055826
-0.050898
-0.045969
-0.041040
-0.036110
-0.031180
-0.026250
-0.021319
-0.016388
-0.011457
-0.006526
-0.001594
0.003337
0.008268
0.013199
0.018131
0.023061
0.027992
0.032923
0.037853
0.042783
0.047712
0.052641
0.057569
0.062497
0.067425
0.072351
0.077277
0.082202
0.087127
0.092050
0.096973
0.101895
0.106815
0.111735
0.116654
0.121571
0.126487
0.131402
0.136316
0.141229
0.146140
0.151049
0.155958
0.160864
0.165769
0.170673
0.175574
0.180475
0.185373
0.190269
0.195164
0.200057
0.204947
0.209836
0.214723
0.219607
0.224665
0.229333
0.234147
0.239176
0.243852
0.248870
0.253633
0.258617
0.263353
0.268324
0.273059
0.278037
0.282781
0.287764
0.292417
0.297434
0.302202
0.307190
0.311828
0.316821
0.321470
0.326475
0.331129
0.336132
0.340778
0.345770
0.350404
0.355387
0.360014
0.364992
0.369615
0.374589
0.379206
0.384174
0.388784
0.393744
0.398344
0.403295
0.407887
0.412830
0.417412
0.422347
0.426920
0.431846
0.436408
0.441233
0.445826
0.450768
0.455329
0.460137
0.464702
0.469613
0.474145
0.479023
0.483529
0.488393
0.492894
0.497758
0.502257
0.507118
0.511608
0.516365
0.520884
0.525755
0.530238
0.534972
0.539459
0.544297
0.548750
0.553461
0.557929
0.562754
0.567191
0.571887
0.576337
0.581048
0.585506
0.590216
0.594661
0.599354
0.603780
0.608457
0.612871
0.617539
0.621946
0.626607
0.631004
0.635655
0.640041
0.644679
0.649051
0.653677
0.658036
0.662649
0.666995
0.671595
0.675926
0.680512
0.684828
0.689400
0.693700
0.698256
0.702541
0.707082
0.711351
0.715876
0.720129
0.724639
0.728875
0.733370
0.737590
0.742070
0.746274
0.750739
0.754928
0.759378
0.763551
0.767987
0.772145
0.776567
0.780710
0.785118
0.789247
0.793640
0.797755
0.802135
0.806235
0.810601
0.814686
0.819037
0.823108
0.827445
0.831500
0.835822
0.839861
0.844168
0.848191
0.852482
0.856488
0.860763
0.864752
0.869009
0.872980
0.877220
0.881173
0.885395
0.889329
0.893533
0.897447
0.901633
0.905528
0.909694
0.913570
0.917717
0.921573
0.925702
0.929538
0.933648
0.937464
0.941555
0.945352
0.949425
0.953203
0.957257
0.961016
0.965051
0.968791
0.972809
0.976530
0.980529
0.984232
0.988213
0.991897
0.995860
0.999525
1.003470
1.007116
1.011043
1.014669
1.018577
1.022184
1.026074
1.029661
1.033530
1.037097
1.040947
1.044493
1.048323
1.051848
1.055657
1.059160
1.062948
1.066430
1.070197
1.073656
1.077401
1.080837
1.084560
1.087974
1.091675
1.095067
1.098746
1.102114
1.105771
1.109116
1.112750
1.116073
1.119685
1.122985
1.126576
1.129853
1.133421
1.136676
1.140223
1.143455
1.146980
1.150190
1.153693
1.156880
1.160362
1.163527
1.166987
1.170129
1.173567
1.176687
1.180102
1.183199
1.186593
1.189667
1.193038
1.196088
1.199436
1.202463
1.205787
1.208790
1.212091
1.215070
1.218347
1.221301
1.224554
1.227483
1.230712
1.233615
1.236819
1.239698
1.242877
1.245729
1.248884
1.251711
1.254840
1.257641
1.260745
1.263521
1.266600
1.269350
1.272404
1.275128
1.278157
1.280856
1.283860
1.286533
1.289512
1.292160
1.295114
1.297737
1.300666
1.303264
1.306168
1.308740
1.311619
1.314165
1.317019
1.319540
1.322369
1.324864
1.327668
1.330137
1.332915
1.335358
1.338109
1.340526
1.343252
1.345642
1.348341
1.350704
1.353377
1.355713
1.358359
1.360667
1.363286
1.365567
1.368158
1.370412
1.372976
1.375201
1.377738
1.379936
1.382445
1.384614
1.387096
1.389238
1.391692
1.393805
1.396232
1.398318
1.400717
1.402775
1.405146
1.407176
1.409520
1.411523
1.413839
1.415814
1.418103
1.420050
1.422311
1.424231
1.426464
1.428356
1.430562
1.432426
1.434604
1.436665
1.438398
1.440492
1.442512
1.444456
1.446122
1.448183
1.450181
1.452096
1.453717
1.455719
1.457651
1.459499
1.461057
1.463002
1.464879
1.466673
1.468176
1.470063
1.471883
1.473617
1.475061
1.476889
1.478649
1.480325
1.481710
1.483479
1.485180
1.486796
1.488121
1.489830
1.491471
1.493027
1.494292
1.495942
1.497523
1.499019
1.500449
1.501846
1.503236
1.504632
1.506033
1.507431
1.508815
1.510180
1.511523
1.512848
1.514156
1.515450
1.516731
1.518000
1.519256
1.520497
1.521723
1.522934
1.524130
1.525311
1.526477
1.527628
1.528764
1.529886
1.530993
1.532084
1.533160
1.534221
1.535266
1.536296
1.537311
1.538310
1.539293
1.540261
1.541214
1.542150
1.543071
1.543977
1.544866
1.545740
1.546599
1.547441
1.548268
1.549080
1.549876
1.550657
1.551422
1.552171
1.552906
1.553625
1.554329
1.555017
1.555691
1.556349
1.556992
1.557620
1.558233
1.558831
1.559414
1.559982
1.560534
1.561072
1.561595
1.562102
1.562595
1.563072
1.563534
1.563981
1.564413
1.564830
1.565231
1.565616
1.565987
1.566342
1.566681
1.567004
1.567312
1.567605
1.567881
1.568142
1.568388
1.568617
1.568830
1.569028
1.569210
1.569376
1.569527
1.569661
1.569780
1.569883
1.569970
1.570042
1.570098
1.570138
1.570163
