0.000000
2.429431
4.099266
4.640586
4.307063
3.612327
3.008776
2.729578
2.781696
3.036313
3.334753
3.564830
3.686675
3.721729
3.715721
3.711062
3.730119
3.773731
3.829218
3.880778
3.917028
3.933728
3.932538
3.917905
3.894145
3.863826
3.827590
3.784904
3.735033
3.677750
3.613591
3.543720
3.469628
3.392833
3.314713
3.236463
3.159149
3.084305
3.011997
2.943369
2.879602
2.821764
2.770722
2.727125
2.691423
2.663911
2.644754
2.633996
2.631559
2.637233
2.650669
2.671387
2.698779
2.732132
2.770643
2.813437
2.859580
2.908103
2.958004
3.008274
3.057906
3.105395
3.150719
3.192850
3.230767
3.263568
3.290532
3.311123
3.324960
3.331784
3.331443
3.323881
3.309151
3.287421
3.258979
3.224230
3.183690
3.137968
3.087756
3.033810
2.976938
2.917988
2.857834
2.797362
2.737459
2.679501
2.623416
2.570114
2.520508
2.475404
2.435442
2.401090
2.372673
2.350403
2.334399
2.324693
2.321230
2.323850
2.332293
2.346194
2.365093
2.388446
2.415644
2.446020
2.478865
2.513443
2.548996
2.584760
2.619973
2.653391
2.685189
2.714584
2.740777
2.763067
2.780898
2.793869
2.801708
2.804242
2.801376
2.793086
2.779422
2.760514
2.736586
2.707949
2.675000
2.638212
2.598118
2.555303
2.510389
2.464027
2.416883
2.369632
2.322944
2.277966
2.234461
2.193120
2.154648
2.119669
2.088674
2.062006
2.039888
2.022447
2.009741
2.001765
1.998453
1.999669
2.005199
2.014754
2.027971
2.044423
2.063633
2.085081
2.108219
2.132480
2.157286
2.182056
2.205734
2.228604
2.250043
2.269398
2.286077
2.299602
2.309620
2.315886
2.318237
2.316571
2.310831
2.301018
2.287186
2.269461
2.248036
2.223178
2.195212
2.164522
2.131533
2.096703
2.060517
2.023475
1.986087
1.948865
1.912784
1.877519
1.843610
1.811633
1.782109
1.755455
1.731968
1.711845
1.695202
1.682100
1.672554
1.666539
1.663978
1.664740
1.668634
1.675409
1.684760
1.696340
1.709764
1.724623
1.740490
1.756928
1.773498
1.789762
1.804830
1.819081
1.832059
1.843270
1.852268
1.858696
1.862309
1.862957
1.860561
1.855094
1.846564
1.835013
1.820524
1.803223
1.783290
1.760953
1.736488
1.710209
1.682460
1.653609
1.624036
1.594126
1.564266
1.535292
1.506806
1.479223
1.453000
1.428560
1.406245
1.386299
1.368878
1.354069
1.341914
1.332422
1.325573
1.321315
1.319558
1.320166
1.322958
1.327712
1.334166
1.342032
1.351000
1.360745
1.370938
1.381246
1.391339
1.400448
1.409011
1.416682
1.423068
1.427809
1.430616
1.431291
1.429720
1.425851
1.419676
1.411211
1.400496
1.387596
1.372607
1.355659
1.336923
1.316606
1.294945
1.272203
1.248658
1.224599
1.200318
1.176107
1.152688
1.129609
1.107182
1.085764
1.065694
1.047245
1.030609
1.015899
1.003168
0.992432
0.983683
0.976894
0.972018
0.968984
0.967688
0.967996
0.969735
0.972709
0.976695
0.981457
0.986747
0.992316
0.997912
1.003291
1.007778
1.011862
1.015283
1.017735
1.018928
1.018633
1.016697
1.013044
1.007648
1.000523
0.991700
0.981225
0.969157
0.955575
0.940580
0.924305
0.906906
0.888568
0.869490
0.849887
0.829978
0.809983
0.790118
0.771024
0.752198
0.733871
0.716324
0.699827
0.684594
0.670769
0.658429
0.647597
0.638265
0.630404
0.623979
0.618942
0.615232
0.612767
0.611440
0.611119
0.611652
0.612867
0.614583
0.616611
0.618762
0.620851
0.622270
0.623540
0.624458
0.624769
0.624224
0.622622
0.619829
0.615775
0.610436
0.603821
0.595949
0.586850
0.576558
0.565119
0.552597
0.539077
0.524667
0.509494
0.493704
0.477453
0.460903
0.444218
0.427560
0.411509
0.395529
0.379802
0.364562
0.350040
0.336424
0.323838
0.312347
0.301970
0.292700
0.284517
0.277395
0.271309
0.266221
0.262083
0.258824
0.256357
0.254574
0.253350
0.252554
0.252046
0.251686
0.251336
0.250859
0.249706
0.248437
0.246899
0.244887
0.242199
0.238675
0.234215
0.228776
0.222362
0.214998
0.206721
0.197567
0.187573
0.176782
0.165244
0.153027
0.140215
0.126908
0.113218
0.099265
0.085171
0.071059
0.057046
0.043667
0.030347
0.017223
0.004484
-0.007680
-0.019118
-0.029737
-0.039500
-0.048409
-0.056491
-0.063780
-0.070307
-0.076103
-0.081200
-0.085640
-0.089476
-0.092778
-0.095629
-0.098126
-0.100370
-0.102465
-0.104518
-0.106628
-0.109313
-0.111982
-0.114759
-0.117819
-0.121343
-0.125471
-0.130292
-0.135837
-0.142102
-0.149060
-0.156680
-0.164935
-0.173801
-0.183254
-0.193263
-0.203787
-0.214767
-0.226134
-0.237807
-0.249697
-0.261715
-0.273771
-0.285776
-0.297228
-0.308731
-0.320175
-0.331390
-0.342207
-0.352491
-0.362160
-0.371187
-0.379580
-0.387365
-0.394572
-0.401224
-0.407340
-0.412938
-0.418039
-0.422677
-0.426897
-0.430760
-0.434333
-0.437692
-0.440914
-0.444075
-0.447249
-0.450931
-0.454498
-0.458052
-0.461752
-0.465764
-0.470215
-0.475179
-0.480681
-0.486710
-0.493238
-0.500237
-0.507687
-0.515576
-0.523892
-0.532620
-0.541736
-0.551202
-0.560969
-0.570977
-0.581164
-0.591463
-0.601809
-0.612138
-0.621963
-0.631924
-0.641926
-0.651813
-0.661427
-0.670645
-0.679398
-0.687666
-0.695463
-0.702818
-0.709756
-0.716296
-0.722445
-0.728208
-0.733594
-0.738622
-0.743321
-0.747733
-0.751906
-0.755897
-0.759760
-0.763551
-0.767324
-0.771130
-0.775447
-0.779617
-0.783728
-0.787926
-0.792362
-0.797150
-0.802349
-0.807965
-0.813974
-0.820342
-0.827037
-0.834037
-0.841334
-0.848920
-0.856787
-0.864918
-0.873284
-0.881847
-0.890562
-0.899379
-0.908250
-0.917128
-0.925966
-0.934289
-0.942773
-0.951335
-0.959827
-0.968103
-0.976051
-0.983618
-0.990799
-0.997620
-1.004116
-1.010316
-1.016236
-1.021882
-1.027255
-1.032357
-1.037202
-1.041812
-1.046219
-1.050461
-1.054581
-1.058618
-1.062615
-1.066607
-1.071071
-1.075311
-1.079409
-1.083512
-1.087768
-1.092282
-1.097106
-1.102240
-1.107656
-1.113318
-1.119200
-1.125289
-1.131585
-1.138091
-1.144809
-1.151731
-1.158837
-1.166103
-1.173494
-1.180975
-1.188511
-1.196068
-1.203616
-1.211123
-1.218114
-1.225307
-1.232619
-1.239903
-1.247014
-1.253851
-1.260372
-1.266584
-1.272522
-1.278226
-1.283723
-1.289027
-1.294137
-1.299048
-1.303760
-1.308279
-1.312624
-1.316818
-1.320893
-1.324878
-1.328805
-1.332702
-1.336594
-1.340959
-1.345059
-1.348977
-1.352862
-1.356861
-1.361073
-1.365537
-1.370239
-1.375145
-1.380215
-1.385425
-1.390765
-1.396242
-1.401861
-1.407630
-1.413542
-1.419583
-1.425733
-1.431966
-1.438255
-1.444575
-1.450903
-1.457217
-1.462844
-1.469073
-1.475450
-1.481789
-1.487947
-1.493846
-1.499483
-1.504893
-1.510124
-1.515212
-1.520171
-1.524995
-1.529669
-1.534179
-1.538519
-1.542694
-1.546718
-1.550612
-1.554399
-1.558100
-1.561734
-1.565318
-1.568871
-1.572410
-1.575951
-1.579981
-1.583718
-1.587252
-1.590740
-1.594330
-1.598111
-1.602107
-1.606293
-1.610623
-1.615055
-1.619566
-1.624151
-1.628818
-1.633578
-1.638434
-1.643382
-1.648408
-1.653496
-1.658622
-1.663769
-1.668917
-1.674052
-1.679159
-1.683746
-1.688623
-1.693692
-1.698791
-1.703771
-1.708541
-1.713083
-1.717424
-1.721612
-1.725687
-1.729668
-1.733556
-1.737339
-1.741006
-1.744549
-1.747972
-1.751285
-1.754506
-1.757651
-1.760736
-1.763776
-1.766784
-1.769771
-1.772749
-1.776215
-1.779339
-1.782223
-1.785037
-1.787930
-1.790989
-1.794226
-1.797607
-1.801083
-1.804613
-1.808180
-1.811784
-1.815440
-1.819159
-1.822948
-1.826804
-1.830715
-1.834667
-1.838644
-1.842632
-1.846620
-1.850596
-1.854553
-1.857987
-1.861750
-1.865735
-1.869765
-1.873687
-1.877417
-1.880948
-1.884316
-1.887572
-1.890753
-1.893876
-1.896933
-1.899910
-1.902793
-1.905574
-1.908256
-1.910848
-1.913363
-1.915815
-1.918213
-1.920568
-1.922887
-1.925178
-1.927449
-1.929709
-1.932468
-1.934852
-1.936975
-1.939021
-1.941141
-1.943414
-1.945841
-1.948380
-1.950976
-1.953592
-1.956213
-1.958846
-1.961506
-1.964207
-1.966953
-1.969741
-1.972560
-1.975398
-1.978243
-1.981086
-1.983919
-1.986735
-1.989023
-1.991673
-1.994566
-1.997514
-2.000360
-2.003029
-2.005518
-2.007875
-2.010151
-2.012382
-2.014577
-2.016728
-2.018816
-2.020826
-2.022752
-2.024595
-2.026363
-2.028068
-2.029718
-2.031320
-2.032879
-2.034401
-2.035891
-2.037353
-2.038794
-2.040223
-2.042157
-2.042954
-2.044798
-2.046379
-2.047757
-2.049056
-2.050391
-2.051827
-2.053368
-2.054987
-2.056643
-2.058308
-2.059968
-2.061625
-2.063288
-2.064964
-2.066656
-2.068361
-2.070069
-2.071773
-2.073464
-2.075134
-2.076263
-2.077772
-2.079531
-2.081345
-2.083057
-2.084597
-2.085971
-2.087232
-2.088432
-2.089606
-2.090761
-2.091886
-2.092961
-2.093972
-2.094914
-2.095790
-2.096606
-2.097372
-2.098095
-2.098779
-2.099427
-2.100043
-2.100629
-2.101189
-2.101727
-2.102250
-2.102761
-2.103786
-2.103646
-2.104575
-2.105225
-2.105658
-2.106002
-2.106374
-2.106834
-2.107387
-2.108001
-2.108634
-2.109259
-2.109862
-2.110448
-2.111026
-2.111604
-2.112185
-2.112766
-2.113340
-2.113900
-2.113919
-2.115076
-2.115133
-2.115442
-2.115941
-2.116501
-2.117004
-2.117386
-2.117643
-2.117804
-2.117909
-2.117984
-2.118039
-2.118068
-2.118061
-2.118006
-2.117900
-2.117743
-2.117540
-2.117299
-2.117023
-2.116717
-2.116383
-2.116023
-2.115639
-2.115235
-2.114811
-2.114373
-2.114669
-2.113375
-2.113205
-2.112838
-2.112316
-2.111726
-2.111147
-2.110621
-2.110150
-2.109713
-2.109283
-2.108839
-2.108373
-2.107888
-2.107390
-2.106885
-2.106375
-2.105857
-2.105328
-2.104263
-2.104334
-2.103318
-2.102556
-2.101988
-2.101488
-2.100939
-2.100280
-2.099505
-2.098644
-2.097736
-2.096807
-2.095868
-2.094913
-2.093930
-2.092909
-2.091844
-2.090735
-2.089586
-2.088403
-2.087190
-2.085949
-2.084681
-2.083388
-2.082071
-2.080731
-2.079370
-2.077989
-2.076592
-2.075181
-2.074492
-2.072241
-2.071084
-2.069730
-2.068219
-2.066635
-2.065054
-2.063517
-2.062029
-2.060567
-2.059106
-2.057624
-2.056113
-2.054576
-2.053018
-2.051446
-2.050083
-2.047794
-2.046676
-2.044591
-2.043552
-2.041424
-2.039537
-2.037855
-2.036265
-2.034649
-2.032937
-2.031114
-2.029202
-2.027239
-2.025257
-2.023270
-2.021277
-2.019267
-2.017231
-2.015159
-2.013051
-2.010908
-2.008737
-2.006540
-2.004322
-2.002082
-1.999822
-1.997542
-1.995241
-1.992922
-1.990584
-1.988230
-1.985861
-1.983478
-1.981799
-1.978612
-1.976467
-1.973414
-1.971483
-1.969318
-1.966180
-1.964140
-1.961879
-1.958679
-1.956814
-1.953644
-1.951777
-1.948792
-1.946700
-1.943535
-1.941344
-1.938156
-1.935980
-1.932811
-1.929923
-1.927977
-1.924885
-1.921920
-1.919100
-1.916368
-1.913648
-1.910878
-1.908029
-1.905105
-1.902128
-1.899123
-1.896105
-1.893081
-1.890048
-1.886999
-1.883927
-1.880828
-1.877702
-1.874552
-1.871381
-1.868191
-1.864986
-1.861764
-1.858527
-1.855273
-1.852004
-1.848719
-1.845420
-1.842105
-1.839469
-1.835397
-1.832507
-1.828374
-1.825552
-1.821739
-1.818841
-1.814936
-1.811955
-1.807997
-1.804987
-1.801016
-1.797994
-1.794006
-1.790954
-1.786929
-1.783833
-1.779765
-1.775943
-1.773027
-1.769041
-1.765183
-1.761465
-1.757837
-1.754225
-1.750569
-1.746839
-1.743037
-1.739182
-1.735299
-1.731406
-1.727510
-1.723611
-1.719700
-1.715772
-1.711820
-1.707844
-1.703846
-1.699828
-1.695793
-1.691744
-1.687681
-1.683604
-1.679513
-1.675407
-1.671286
-1.667151
-1.663002
-1.658839
-1.654663
-1.650473
-1.646935
-1.642041
-1.638251
-1.633475
-1.629584
-1.624796
-1.620939
-1.616196
-1.612361
-1.607609
-1.603733
-1.598926
-1.594992
-1.590137
-1.585506
-1.581747
-1.576989
-1.572348
-1.567839
-1.563417
-1.559015
-1.554577
-1.550072
-1.545500
-1.540876
-1.536224
-1.531562
-1.526900
-1.522237
-1.517569
-1.512887
-1.508187
-1.503465
-1.498722
-1.493961
-1.489184
-1.484394
-1.479593
-1.474780
-1.469954
-1.465116
-1.460265
-1.455400
-1.450523
-1.445632
-1.440729
-1.435815
-1.430888
-1.425949
-1.420998
-1.416034
-1.411058
-1.406068
-1.401066
-1.396051
-1.391022
-1.385980
-1.380924
-1.375854
-1.370770
-1.365672
-1.360559
-1.355431
-1.350288
-1.345130
-1.339957
-1.334769
-1.329566
-1.324348
-1.319115
-1.313867
-1.308603
-1.303325
-1.298033
-1.292726
-1.287405
-1.282070
-1.276722
-1.271360
-1.265985
-1.260597
-1.255197
-1.249784
-1.244360
-1.238924
-1.233476
-1.228018
-1.222548
-1.217067
-1.211576
-1.206074
-1.200562
-1.195040
-1.189507
-1.183964
-1.178410
-1.172846
-1.167272
-1.161687
-1.156092
-1.150485
-1.144868
-1.139240
-1.133601
-1.127950
-1.122288
-1.116614
-1.110929
-1.105232
-1.099523
-1.093801
-1.088068
-1.082323
-1.076565
-1.070796
-1.065014
-1.059220
-1.053414
-1.047597
-1.041768
-1.035927
-1.030075
-1.024212
-1.018338
-1.012453
-1.006557
-1.000652
-0.994736
-0.988810
-0.982875
-0.976931
-0.970977
-0.965015
-0.959043
-0.953064
-0.947075
-0.941078
-0.935074
-0.929061
-0.923039
-0.917010
-0.910973
-0.904928
-0.898875
-0.892813
-0.886744
-0.880666
-0.874581
-0.868486
-0.862384
-0.856272
-0.850152
-0.844024
-0.837886
-0.831740
-0.825585
-0.819421
-0.813248
-0.807066
-0.800874
-0.794674
-0.788465
-0.782247
-0.776020
-0.769784
-0.763540
-0.757287
-0.751026
-0.744757
-0.738479
-0.732194
-0.725901
-0.719601
-0.713293
-0.706978
-0.700657
-0.694328
-0.687993
-0.681652
-0.675305
-0.668951
-0.662592
-0.656227
-0.649856
-0.643479
-0.637097
-0.630709
-0.624316
-0.617918
-0.611514
-0.605104
-0.598690
-0.592269
-0.585844
-0.579412
-0.572975
-0.566533
-0.560084
-0.553630
-0.547171
-0.540705
-0.534234
-0.527756
-0.521273
-0.514784
-0.508289
-0.501788
-0.495282
-0.488769
-0.482251
-0.475728
-0.469199
-0.462665
-0.456125
-0.449580
-0.443031
-0.436476
-0.429917
-0.423353
-0.416785
-0.410213
-0.403637
-0.397057
-0.390473
-0.383886
-0.377295
-0.370701
-0.364104
-0.357504
-0.350900
-0.344294
-0.337685
-0.331074
-0.324459
-0.317842
-0.311223
-0.304600
-0.297975
-0.291348
-0.284718
-0.278085
-0.271449
-0.264811
-0.258170
-0.251527
-0.244881
-0.238232
-0.231580
-0.224926
-0.218269
-0.211609
-0.204947
-0.198282
-0.191614
-0.184944
-0.178271
-0.171596
-0.164919
-0.158240
-0.151558
-0.144875
-0.138190
-0.131503
-0.124814
-0.118124
-0.111433
-0.104741
-0.098047
-0.091353
-0.084658
-0.077962
-0.071266
-0.064569
-0.057872
-0.051175
-0.044478
-0.037781
-0.031084
-0.024387
-0.017690
-0.010993
-0.004297
0.002400
0.009095
0.015791
0.022486
0.029181
0.035875
0.042569
0.049263
0.055956
0.062649
0.069342
0.076034
0.082726
0.089417
0.096108
0.102798
0.109488
0.116177
0.122865
0.129553
0.136239
0.142925
0.149610
0.156294
0.162976
0.169657
0.176337
0.183015
0.189692
0.196367
0.203040
0.209711
0.216380
0.223046
0.229711
0.236372
0.243032
0.249688
0.256342
0.262993
0.269642
0.276287
0.282929
0.289568
0.296204
0.302837
0.309466
0.316093
0.322716
0.329335
0.335952
0.342565
0.349174
0.355781
0.362383
0.368983
0.375578
0.382171
0.388759
0.395345
0.401926
0.408504
0.415078
0.421649
0.428215
0.434778
0.441337
0.447891
0.454442
0.460988
0.467530
0.474068
0.480601
0.487130
0.493654
0.500173
0.506687
0.513197
0.519701
0.526200
0.532693
0.539182
0.545665
0.552142
0.558614
0.565080
0.571540
0.577994
0.584442
0.590885
0.597321
0.603752
0.610176
0.616594
0.623005
0.629411
0.635810
0.642203
0.648590
0.654970
0.661344
0.667711
0.674072
0.680426
0.686774
0.693115
0.699450
0.705778
0.712099
0.718413
0.724721
0.731021
0.737315
0.743602
0.749881
0.756153
0.762418
0.768676
0.774926
0.781169
0.787404
0.793632
0.799851
0.806063
0.812267
0.818462
0.824650
0.830829
0.837001
0.843163
0.849318
0.855463
0.861600
0.867729
0.873253
0.879923
0.886237
0.891815
0.898429
0.904020
0.910447
0.916122
0.922609
0.928301
0.934765
0.940407
0.946816
0.952410
0.958786
0.964360
0.970729
0.976298
0.982834
0.988268
0.994509
0.999985
1.006475
1.011890
1.018305
1.023652
1.030022
1.035346
1.041711
1.047034
1.053398
1.058711
1.065058
1.070345
1.076665
1.081924
1.088220
1.093455
1.099732
1.104948
1.111208
1.116402
1.122641
1.127812
1.134029
1.139176
1.145370
1.150493
1.156665
1.161764
1.167914
1.172989
1.179117
1.184167
1.190272
1.195297
1.201379
1.206378
1.212437
1.217412
1.223447
1.228396
1.234409
1.239332
1.245321
1.250219
1.256185
1.261057
1.266999
1.271845
1.277764
1.282584
1.288479
1.293273
1.299144
1.303912
1.309759
1.314500
1.320323
1.325038
1.330836
1.335524
1.341297
1.345958
1.351706
1.356340
1.362063
1.366853
1.372415
1.376883
1.382500
1.387236
1.392783
1.397428
1.402895
1.407484
1.412924
1.417501
1.422936
1.427504
1.432923
1.437462
1.442849
1.447352
1.452705
1.457175
1.462501
1.466945
1.472246
1.476662
1.481936
1.486321
1.491567
1.495921
1.501136
1.505459
1.510646
1.514938
1.520095
1.524356
1.529484
1.533713
1.538811
1.543008
1.548075
1.552240
1.557278
1.561410
1.566418
1.570518
1.575495
1.579563
1.584510
1.588546
1.593462
1.597465
1.602351
1.606322
1.611178
1.615117
1.619942
1.623848
1.628643
1.632516
1.637281
1.641122
1.645855
1.649663
1.654366
1.658141
1.662812
1.666554
1.671194
1.674902
1.679511
1.683184
1.687761
1.691401
1.695945
1.699550
1.704062
1.707633
1.712112
1.715647
1.720093
1.723593
1.728006
1.731470
1.735849
1.739278
1.743623
1.747016
1.751328
1.754684
1.758962
1.762283
1.766526
1.769811
1.774020
1.777269
1.781444
1.784656
1.788798
1.791974
1.796081
1.799220
1.803294
1.806397
1.810436
1.813503
1.817507
1.820538
1.824508
1.827502
1.831437
1.834394
1.838296
1.841216
1.845082
1.847965
1.851796
1.854641
1.858437
1.861245
1.865006
1.867776
1.871500
1.874233
1.877921
1.880615
1.884268
1.886923
1.890539
1.893156
1.896735
1.899314
1.902856
1.905396
1.908901
1.911402
1.914870
1.917331
1.920763
1.923185
1.926580
1.928963
1.932320
1.934664
1.937984
1.940288
1.943571
1.945836
1.949082
1.951308
1.954516
1.956703
1.959874
1.962021
1.965154
1.967262
1.970358
1.972427
1.975485
1.977514
1.980534
1.982524
1.985506
1.987456
1.990400
1.992310
1.995216
1.997085
1.999953
2.001782
2.004611
2.006399
2.009190
2.010938
2.013689
2.015396
2.018109
2.019775
2.022448
2.024073
2.026707
2.028291
2.030886
2.032429
2.034984
2.036485
2.039001
2.040461
2.042937
2.044356
2.046793
2.048171
2.050567
2.051904
2.054261
2.055557
2.057874
2.059128
2.061406
2.062619
2.064857
2.066029
2.068226
2.069357
2.071515
2.072604
2.074722
2.075770
2.077848
2.078855
2.080892
2.081857
2.083855
2.084778
2.086735
2.087617
2.089533
2.090373
2.092249
2.093047
2.094882
2.095638
2.097432
2.098146
2.099899
2.100571
2.102283
2.102913
2.104584
2.105171
2.106801
2.107346
2.108934
2.109437
2.110984
2.111445
2.112951
2.113369
2.114834
2.115210
2.116633
2.116967
2.118349
2.118641
2.119981
2.120231
2.121530
2.121738
2.122995
2.123161
2.124377
2.124501
2.125675
2.125757
2.126890
2.126930
2.128021
2.128019
2.128324
2.129633
2.129704
2.129941
2.130356
2.131618
2.131533
2.131579
2.131827
2.132970
2.132808
2.132801
2.132996
2.134075
2.133832
2.133734
2.133835
2.134822
2.134491
2.134309
2.134328
2.135234
2.134821
2.134555
2.134488
2.135309
2.134810
2.134459
2.134308
2.135044
2.134462
2.134026
2.133791
2.134442
2.133775
2.133255
2.132936
2.132756
2.132615
2.132429
2.132156
2.131799
2.131387
2.130950
2.130507
2.130064
2.129617
2.129154
2.128668
2.128156
2.127616
2.127052
2.126467
2.125863
2.125239
2.124596
2.123933
2.123249
2.122544
2.121816
2.121068
2.120299
2.119509
2.118698
2.117866
2.117013
2.116140
2.115245
2.114329
2.113393
2.112435
2.111456
2.110456
2.109436
2.108394
2.107332
2.106248
2.105144
2.104019
2.102873
2.101706
2.100518
2.099310
2.098081
2.096831
2.095560
2.094269
2.092957
2.091624
2.090271
2.088898
2.087503
2.086089
2.084654
2.083198
2.081722
2.080225
2.078709
2.077171
2.075614
2.074035
2.072437
2.070818
2.069179
2.067519
2.065840
2.064139
2.062419
2.060678
2.058917
2.057135
2.055333
2.053511
2.051668
2.049805
2.047922
2.046019
2.044095
2.042151
2.040186
2.038202
2.036197
2.034172
2.032127
2.030062
2.027976
2.025871
2.023745
2.021600
2.019434
2.017248
2.015043
2.012817
2.010572
2.008307
2.006022
2.003718
2.001393
1.999049
1.996685
1.994302
1.991899
1.989477
1.987035
1.984573
1.982092
1.979591
1.977071
1.974532
1.971973
1.969394
1.966797
1.964180
1.961543
1.958888
1.956213
1.953518
1.950805
1.948072
1.945319
1.942548
1.939757
1.936948
1.934119
1.931271
1.928403
1.925517
1.922611
1.919687
1.916743
1.913781
1.910799
1.907799
1.904780
1.901741
1.898684
1.895609
1.892514
1.889401
1.886269
1.883118
1.879949
1.876762
1.873556
1.870331
1.867088
1.863827
1.860547
1.857249
1.853932
1.850598
1.847245
1.843874
1.840485
1.837078
1.833653
1.830209
1.826748
1.823269
1.819771
1.816256
1.812723
1.809172
1.805603
1.802017
1.798412
1.794790
1.791150
1.787493
1.783817
1.780124
1.776414
1.772686
1.768940
1.765177
1.761396
1.757598
1.753782
1.749949
1.746099
1.742231
1.738347
1.734445
1.730526
1.726589
1.722636
1.718666
1.714678
1.710674
1.706653
1.702615
1.698560
1.694489
1.690401
1.686296
1.682175
1.678037
1.673882
1.669711
1.665524
1.661320
1.657100
1.652863
1.648611
1.644342
1.640056
1.635755
1.631438
1.627104
1.622755
1.618389
1.614007
1.609610
1.605197
1.600767
1.596322
1.591862
1.587385
1.582893
1.578385
1.573861
1.569322
1.564767
1.560197
1.555612
1.551011
1.546394
1.541763
1.537116
1.532453
1.527776
1.523084
1.518376
1.513654
1.508917
1.504164
1.499397
1.494615
1.489819
1.485007
1.480181
1.475341
1.470486
1.465616
1.460732
1.455834
1.450921
1.445994
1.441053
1.436097
1.431128
1.426144
1.421146
1.416135
1.411109
1.406069
1.401016
1.395949
1.390868
1.385773
1.380664
1.375542
1.370407
1.365257
1.360095
1.354918
1.349729
1.344526
1.339310
1.334080
1.328837
1.323581
1.318312
1.313030
1.307735
1.302428
1.297107
1.291773
1.286427
1.281068
1.275696
1.270311
1.264915
1.259505
1.254083
1.248649
1.243203
1.237744
1.232273
1.226790
1.221295
1.215788
1.210268
1.204737
1.199194
1.193640
1.188073
1.182495
1.176905
1.171304
1.165691
1.160066
1.154430
1.148783
1.143124
1.137454
1.131773
1.126081
1.120377
1.114663
1.108937
1.103201
1.097453
1.091695
1.085926
1.080146
1.074356
1.068554
1.062743
1.056920
1.051088
1.045245
1.039391
1.033528
1.027654
1.021770
1.015875
1.009971
1.004057
0.998133
0.992199
0.986255
0.980302
0.974339
0.968366
0.962384
0.956392
0.950391
0.944381
0.938361
0.932332
0.926294
0.920246
0.914190
0.908125
0.902050
0.895967
0.889875
0.883774
0.877664
0.871546
0.865419
0.859284
0.853140
0.846988
0.840827
0.834658
0.828481
0.822296
0.816102
0.809901
0.803691
0.797473
0.791248
0.785015
0.778774
0.772525
0.766269
0.760005
0.753733
0.747454
0.741168
0.734874
0.728573
0.722265
0.715950
0.709628
0.703299
0.696962
0.690619
0.684269
0.677913
0.671549
0.665179
0.658803
0.652420
0.646031
0.639635
0.633233
0.626825
0.620410
0.613990
0.607563
0.601130
0.594692
0.588248
0.581797
0.575341
0.568880
0.562413
0.555940
0.549462
0.542978
0.536489
0.529995
0.523495
0.516990
0.510480
0.503965
0.497445
0.490921
0.484391
0.477856
0.471317
0.464773
0.458225
0.451672
0.445114
0.438552
0.431986
0.425416
0.418841
0.412262
0.405679
0.399092
0.392502
0.385907
0.379309
0.372706
0.366100
0.359491
0.352878
0.346261
0.339642
0.333018
0.326392
0.319762
0.313129
0.306493
0.299854
0.293213
0.286568
0.279920
0.273270
0.266617
0.259961
0.253303
0.246642
0.239979
0.233313
0.226645
0.219975
0.213303
0.206628
0.199952
0.193273
0.186593
0.179911
0.173227
0.166541
0.159854
0.153165
0.146474
0.139782
0.133089
0.126394
0.119699
0.113002
0.106303
0.099604
0.092904
0.086203
0.079501
0.072798
0.066095
0.059391
0.052686
0.045981
0.039275
0.032569
0.025863
0.019156
0.012450
0.005743
-0.000964
-0.007671
-0.014378
-0.021084
-0.027791
-0.034497
-0.041203
-0.047908
-0.054613
-0.061317
-0.068021
-0.074724
-0.081427
-0.088128
-0.094829
-0.101529
-0.108228
-0.114925
-0.121622
-0.128317
-0.135011
-0.141704
-0.148396
-0.155086
-0.161774
-0.168461
-0.175146
-0.181830
-0.188511
-0.195191
-0.201869
-0.208545
-0.215219
-0.221890
-0.228560
-0.235227
-0.241892
-0.248554
-0.255214
-0.261872
-0.268527
-0.275179
-0.281829
-0.288475
-0.295119
-0.301760
-0.308398
-0.315033
-0.321665
-0.328294
-0.334919
-0.341541
-0.348160
-0.354775
-0.361387
-0.367995
-0.374600
-0.381201
-0.387798
-0.394391
-0.400980
-0.407566
-0.414147
-0.420725
-0.427298
-0.433867
-0.440432
-0.446992
-0.453548
-0.459519
-0.466599
-0.473349
-0.479394
-0.486272
-0.492449
-0.499417
-0.505622
-0.512565
-0.518713
-0.525593
-0.531689
-0.538539
-0.544625
-0.551481
-0.557578
-0.564608
-0.570589
-0.577344
-0.583366
-0.590359
-0.596330
-0.603261
-0.609177
-0.616072
-0.621972
-0.628869
-0.634776
-0.641678
-0.647584
-0.654478
-0.660367
-0.667243
-0.673112
-0.679971
-0.685825
-0.692672
-0.698515
-0.705351
-0.711181
-0.718006
-0.723821
-0.730630
-0.736429
-0.743224
-0.749177
-0.755250
-0.762058
-0.767836
-0.774596
-0.780500
-0.786520
-0.793278
-0.799008
-0.805730
-0.811598
-0.817584
-0.824311
-0.830003
-0.836689
-0.842514
-0.848458
-0.855144
-0.860965
-0.866896
-0.873561
-0.879351
-0.885248
-0.891880
-0.897639
-0.903509
-0.910119
-0.915854
-0.921701
-0.928287
-0.933995
-0.939814
-0.946374
-0.952052
-0.957842
-0.964374
-0.970023
-0.975784
-0.982289
-0.987908
-0.993639
-1.000115
-1.005703
-1.011403
-1.017850
-1.023406
-1.029075
-1.035492
-1.041015
-1.046652
-1.053039
-1.058530
-1.064135
-1.070491
-1.075949
-1.081522
-1.087848
-1.093272
-1.098812
-1.105107
-1.110498
-1.116005
-1.122269
-1.127627
-1.133101
-1.139334
-1.144657
-1.150098
-1.156299
-1.161588
-1.166994
-1.173163
-1.178417
-1.183789
-1.189926
-1.195144
-1.200481
-1.206584
-1.211765
-1.217066
-1.223135
-1.228280
-1.233544
-1.238957
-1.245105
-1.250258
-1.255467
-1.260785
-1.266204
-1.271683
-1.277166
-1.282614
-1.288005
-1.293343
-1.298641
-1.303919
-1.309193
-1.314470
-1.319748
-1.325022
-1.330286
-1.335534
-1.340764
-1.345975
-1.351169
-1.356349
-1.361517
-1.366673
-1.371818
-1.376951
-1.382070
-1.387176
-1.392267
-1.397344
-1.402407
-1.407456
-1.412491
-1.417513
-1.422521
-1.427515
-1.432495
-1.437461
-1.442413
-1.447350
-1.452273
-1.457182
-1.462076
-1.466956
-1.471821
-1.476671
-1.481507
-1.486329
-1.491135
-1.495927
-1.500704
-1.505466
-1.510213
-1.514945
-1.519662
-1.524364
-1.529051
-1.533723
-1.538379
-1.543020
-1.547646
-1.552257
-1.556852
-1.561432
-1.565997
-1.570546
-1.575080
-1.579598
-1.584101
-1.588588
-1.593059
-1.597515
-1.601955
-1.606380
-1.610788
-1.615181
-1.619558
-1.623919
-1.628264
-1.632593
-1.636906
-1.641202
-1.645483
-1.649748
-1.653996
-1.658227
-1.662443
-1.666642
-1.670824
-1.674991
-1.679140
-1.683273
-1.687389
-1.691489
-1.695571
-1.699637
-1.703686
-1.707718
-1.711734
-1.715732
-1.719713
-1.723678
-1.727625
-1.731555
-1.735468
-1.739364
-1.743243
-1.747104
-1.750948
-1.754775
-1.758584
-1.762377
-1.766151
-1.769909
-1.773649
-1.777371
-1.781076
-1.784764
-1.788433
-1.792086
-1.795720
-1.799337
-1.802936
-1.806518
-1.810082
-1.813627
-1.817155
-1.820665
-1.824158
-1.827632
-1.831088
-1.834526
-1.837946
-1.841348
-1.844732
-1.848097
-1.851444
-1.854773
-1.858084
-1.861376
-1.864650
-1.867905
-1.871142
-1.874360
-1.877560
-1.880741
-1.883904
-1.887048
-1.890173
-1.893280
-1.896368
-1.899437
-1.902487
-1.905519
-1.908531
-1.911525
-1.914500
-1.917456
-1.920393
-1.923312
-1.926211
-1.929091
-1.931952
-1.934794
-1.937618
-1.940422
-1.943206
-1.945972
-1.948719
-1.951446
-1.954154
-1.956843
-1.959513
-1.962163
-1.964794
-1.967406
-1.969998
-1.972571
-1.975124
-1.977658
-1.980172
-1.982667
-1.985142
-1.987598
-1.990034
-1.992450
-1.994847
-1.997224
-1.999581
-2.001918
-2.004236
-2.006534
-2.008812
-2.011070
-2.013308
-2.015526
-2.017724
-2.019903
-2.022061
-2.024200
-2.026318
-2.028417
-2.030495
-2.032554
-2.034592
-2.036610
-2.038608
-2.040586
-2.042544
-2.044482
-2.046399
-2.048297
-2.050174
-2.052031
-2.053868
-2.055684
-2.057480
-2.059256
-2.061012
-2.062747
-2.064463
-2.066157
-2.067831
-2.069485
-2.071119
-2.072732
-2.074325
-2.075897
-2.077448
-2.078980
-2.080490
-2.081980
-2.083450
-2.084899
-2.086327
-2.087735
-2.089122
-2.090489
-2.091834
-2.093160
-2.094464
-2.095748
-2.097011
-2.098253
-2.099475
-2.100676
-2.101856
-2.103015
-2.104154
-2.105272
-2.106369
-2.107445
-2.108500
-2.109535
-2.110549
-2.111542
-2.112514
-2.113465
-2.114396
-2.115305
-2.116194
-2.117062
-2.117909
-2.118735
-2.119540
-2.120325
-2.121088
-2.121831
-2.122552
-2.123253
-2.123933
-2.124591
-2.125229
-2.125846
-2.126442
-2.127017
-2.127571
-2.128104
-2.128616
-2.129106
-2.129576
-2.130025
-2.130453
-2.130860
-2.131245
-2.131610
-2.131954
-2.132276
-2.132578
-2.132858
-2.133118
-2.133356
-2.133573
-2.133769
-2.133945
-2.134099
-2.134232
-2.134343
-2.134434
-2.134504
-2.134553
-2.134580
-2.134587
-2.134572
-2.134537
-2.134480
-2.134402
-2.134304
-2.134184
-2.134043
-2.133881
-2.133698
-2.133494
-2.133269
-2.133023
-2.132756
-2.132468
-2.132159
-2.131829
-2.131478
-2.131105
-2.130712
-2.130298
-2.129863
-2.129406
-2.128929
-2.128431
-2.127911
-2.127371
-2.126810
-2.126228
-2.125624
-2.125000
-2.124355
-2.123688
-2.123001
-2.122293
-2.121564
-2.120814
-2.120043
-2.119251
-2.118438
-2.117604
-2.116749
-2.115874
-2.114977
-2.114060
-2.113122
-2.112163
-2.111183
-2.110182
-2.109160
-2.108118
-2.107055
-2.105971
-2.104866
-2.103740
-2.102594
-2.101427
-2.100240
-2.099031
-2.097802
-2.096552
-2.095282
-2.093991
-2.092679
-2.091346
-2.089993
-2.088620
-2.087225
-2.085810
-2.084375
-2.082919
-2.081442
-2.079945
-2.078428
-2.076889
-2.075331
-2.073752
-2.072152
-2.070532
-2.068891
-2.067230
-2.065549
-2.063847
-2.062125
-2.060383
-2.058620
-2.056837
-2.055034
-2.053210
-2.051366
-2.049502
-2.047617
-2.045713
-2.043788
-2.041843
-2.039878
-2.037892
-2.035887
-2.033861
-2.031816
-2.029750
-2.027665
-2.025559
-2.023433
-2.021288
-2.019122
-2.016937
-2.014732
-2.012507
-2.010262
-2.007997
-2.005712
-2.003408
-2.001084
-1.998740
-1.996376
-1.993993
-1.991590
-1.989167
-1.986725
-1.984263
-1.981782
-1.979281
-1.976760
-1.974220
-1.971660
-1.969081
-1.966483
-1.963865
-1.961228
-1.958571
-1.955895
-1.953200
-1.950486
-1.947752
-1.944999
-1.942227
-1.939435
-1.936625
-1.933795
-1.930947
-1.928079
-1.925192
-1.922286
-1.919362
-1.916418
-1.913456
-1.910474
-1.907474
-1.904455
-1.901417
-1.898360
-1.895285
-1.892191
-1.889078
-1.885947
-1.882797
-1.879628
-1.876441
-1.873236
-1.870012
-1.866769
-1.863508
-1.860229
-1.856931
-1.853615
-1.850281
-1.846929
-1.843558
-1.840169
-1.836762
-1.833337
-1.829893
-1.826432
-1.822953
-1.819455
-1.815940
-1.812407
-1.808856
-1.805287
-1.801700
-1.798095
-1.794473
-1.790833
-1.787175
-1.783500
-1.779807
-1.776096
-1.772368
-1.768623
-1.764860
-1.761079
-1.757281
-1.753466
-1.749634
-1.745784
-1.741917
-1.738033
-1.734132
-1.730214
-1.726278
-1.722326
-1.718356
-1.714370
-1.710367
-1.706347
-1.702310
-1.698256
-1.694185
-1.690098
-1.685994
-1.681874
-1.677737
-1.673583
-1.669413
-1.665226
-1.661023
-1.656803
-1.652568
-1.648315
-1.644047
-1.639762
-1.635462
-1.631145
-1.626812
-1.622462
-1.618097
-1.613716
-1.609319
-1.604906
-1.600477
-1.596033
-1.591573
-1.587097
-1.582605
-1.578098
-1.573575
-1.569036
-1.564483
-1.559913
-1.555329
-1.550729
-1.546113
-1.541483
-1.536837
-1.532176
-1.527500
-1.522809
-1.518102
-1.513381
-1.508645
-1.503894
-1.499128
-1.494348
-1.489553
-1.484743
-1.479918
-1.475079
-1.470225
-1.465357
-1.460474
-1.455577
-1.450665
-1.445739
-1.440799
-1.435845
-1.430876
-1.425893
-1.420897
-1.415886
-1.410861
-1.405823
-1.400770
-1.395704
-1.390624
-1.385530
-1.380422
-1.375301
-1.370166
-1.365018
-1.359856
-1.354681
-1.349493
-1.344291
-1.339076
-1.333848
-1.328606
-1.323352
-1.318084
-1.312803
-1.307510
-1.302203
-1.296884
-1.291552
-1.286207
-1.280849
-1.275479
-1.270096
-1.264701
-1.259293
-1.253873
-1.248440
-1.242995
-1.237538
-1.232069
-1.226587
-1.221094
-1.215588
-1.210070
-1.204541
-1.198999
-1.193446
-1.187881
-1.182304
-1.176715
-1.171115
-1.165504
-1.159880
-1.154246
-1.148600
-1.142942
-1.137274
-1.131594
-1.125903
-1.120200
-1.114487
-1.108763
-1.103028
-1.097282
-1.091525
-1.085757
-1.079979
-1.074190
-1.068390
-1.062580
-1.056759
-1.050928
-1.045087
-1.039235
-1.033373
-1.027501
-1.021618
-1.015726
-1.009823
-1.003911
-0.997989
-0.992057
-0.986115
-0.980163
-0.974201
-0.968230
-0.962250
-0.956260
-0.950260
-0.944252
-0.938233
-0.932206
-0.926169
-0.920124
-0.914069
-0.908005
-0.901932
-0.895850
-0.889760
-0.883660
-0.877552
-0.871435
-0.865310
-0.859176
-0.853034
-0.846883
-0.840724
-0.834556
-0.828380
-0.822197
-0.816005
-0.809805
-0.803596
-0.797380
-0.791157
-0.784925
-0.778686
-0.772438
-0.766184
-0.759921
-0.753652
-0.747374
-0.741090
-0.734798
-0.728499
-0.722192
-0.715879
-0.709558
-0.703231
-0.696896
-0.690555
-0.684207
-0.677852
-0.671490
-0.665122
-0.658747
-0.652366
-0.645978
-0.639584
-0.633184
-0.626777
-0.620364
-0.613945
-0.607520
-0.601089
-0.594652
-0.588209
-0.581760
-0.575306
-0.568846
-0.562380
-0.555909
-0.549432
-0.542950
-0.536462
-0.529969
-0.523471
-0.516968
-0.510460
-0.503946
-0.497428
-0.490904
-0.484376
-0.477843
-0.471306
-0.464764
-0.458217
-0.451665
-0.445109
-0.438549
-0.431985
-0.425416
-0.418843
-0.412266
-0.405684
-0.399099
-0.392510
-0.385917
-0.379320
-0.372719
-0.366115
-0.359507
-0.352896
-0.346281
-0.339662
-0.333041
-0.326416
-0.319787
-0.313156
-0.306521
-0.299884
-0.293243
-0.286600
-0.279954
-0.273305
-0.266653
-0.259999
-0.253342
-0.246683
-0.240021
-0.233357
-0.226690
-0.220021
-0.213350
-0.206677
-0.200002
-0.193325
-0.186646
-0.179966
-0.173283
-0.166599
-0.159913
-0.153225
-0.146536
-0.139846
-0.133154
-0.126461
-0.119766
-0.113071
-0.106374
-0.099676
-0.092978
-0.086278
-0.079577
-0.072876
-0.066174
-0.059471
-0.052768
-0.046064
-0.039360
-0.032655
-0.025951
-0.019245
-0.012540
-0.005834
0.000871
0.007577
0.014282
0.020988
0.027693
0.034398
0.041102
0.047807
0.054510
0.061214
0.067916
0.074618
0.081319
0.088020
0.094719
0.101418
0.108115
0.114812
0.121507
0.128201
0.134894
0.141586
0.148276
0.154965
0.161652
0.168337
0.175021
0.181704
0.188384
0.195063
0.201739
0.208414
0.215087
0.221757
0.228425
0.235091
0.241755
0.248416
0.255075
0.261732
0.268386
0.275037
0.281685
0.288331
0.294974
0.301613
0.308250
0.314884
0.321515
0.328143
0.334767
0.341388
0.348006
0.354620
0.361231
0.367838
0.374442
0.381042
0.387638
0.394230
0.400819
0.407403
0.413983
0.420560
0.427132
0.433700
0.440264
0.446823
0.453378
0.459929
0.466475
0.473016
0.479553
0.486085
0.492612
0.499134
0.505652
0.512164
0.518671
0.525174
0.531671
0.538162
0.544649
0.551130
0.557606
0.564076
0.570540
0.576999
0.583453
0.589900
0.596342
0.602778
0.609208
0.615632
0.622049
0.628461
0.634866
0.641266
0.647659
0.654045
0.660425
0.666799
0.673166
0.679526
0.685879
0.692226
0.698566
0.704899
0.711225
0.717545
0.723857
0.730162
0.736459
0.742750
0.749033
0.755309
0.761577
0.767838
0.774091
0.780336
0.786574
0.792804
0.799026
0.805241
0.811447
0.817646
0.823836
0.830018
0.836192
0.842358
0.848515
0.854665
0.860805
0.866937
0.873061
0.879176
0.885282
0.891380
0.897469
0.903549
0.909620
0.915682
0.921735
0.927779
0.933813
0.939839
0.945855
0.951862
0.957860
0.963848
0.969826
0.975795
0.981755
0.987102
0.993612
0.999755
1.005152
1.011599
1.017006
1.023262
1.028755
1.035072
1.040579
1.046869
1.052323
1.058555
1.063958
1.070332
1.075590
1.081675
1.086994
1.093346
1.098611
1.104888
1.110080
1.116304
1.121464
1.127677
1.132834
1.139046
1.144192
1.150387
1.155507
1.161674
1.166763
1.172903
1.177966
1.184085
1.189126
1.195225
1.200244
1.206321
1.211314
1.217367
1.222334
1.228363
1.233304
1.239309
1.244406
1.250258
1.255041
1.260944
1.265988
1.271826
1.276603
1.282498
1.287328
1.293251
1.298072
1.303957
1.308722
1.314554
1.319273
1.325074
1.329954
1.335606
1.340176
1.345889
1.350728
1.356370
1.360931
1.366627
1.371424
1.377011
1.381502
1.387130
1.391861
1.397391
1.402012
1.407457
1.412027
1.417454
1.422022
1.427451
1.432010
1.437421
1.441949
1.447323
1.451812
1.457152
1.461609
1.466923
1.471353
1.476643
1.481046
1.486308
1.490681
1.495913
1.500254
1.505456
1.509766
1.514939
1.519218
1.524362
1.528610
1.533725
1.537940
1.543025
1.547208
1.552263
1.556414
1.561439
1.565558
1.570552
1.574639
1.579603
1.583657
1.588591
1.592613
1.597517
1.601506
1.606379
1.610336
1.615179
1.619103
1.623916
1.627808
1.632589
1.636448
1.641199
1.645025
1.649745
1.653538
1.658227
1.661987
1.666645
1.670371
1.674997
1.678689
1.683283
1.686942
1.691504
1.695128
1.699657
1.703247
1.707744
1.711298
1.715762
1.719281
1.723712
1.727196
1.731594
1.735042
1.739406
1.742818
1.747149
1.750525
1.754822
1.758162
1.762425
1.765729
1.769958
1.773226
1.777421
1.780652
1.784813
1.788009
1.792135
1.795294
1.799386
1.802509
1.806567
1.809654
1.813677
1.816727
1.820717
1.823730
1.827685
1.830661
1.834581
1.837521
1.841406
1.844309
1.848159
1.851024
1.854839
1.857667
1.861446
1.864237
1.867980
1.870733
1.874441
1.877155
1.880827
1.883503
1.887138
1.889776
1.893375
1.895974
1.899536
1.902096
1.905622
1.908143
1.911631
1.914114
1.917565
1.920008
1.923423
1.925827
1.929204
1.931569
1.934909
1.937235
1.940538
1.942824
1.946090
1.948337
1.951565
1.953773
1.956963
1.959132
1.962285
1.964414
1.967530
1.969619
1.972698
1.974748
1.977788
1.979798
1.982801
1.984771
1.987736
1.989666
1.992592
1.994483
1.997371
1.999221
2.002070
2.003880
2.006691
2.008460
2.011232
2.012960
2.015693
2.017381
2.020075
2.021722
2.024376
2.025982
2.028597
2.030162
2.032738
2.034261
2.036798
2.038280
2.040777
2.042218
2.044675
2.046075
2.048492
2.049851
2.052229
2.053546
2.055884
2.057160
2.059459
2.060694
2.062952
2.064146
2.066365
2.067517
2.069696
2.070807
2.072946
2.074015
2.076114
2.077142
2.079201
2.080187
2.082206
2.083151
2.085129
2.086032
2.087970
2.088831
2.090728
2.091548
2.093404
2.094182
2.095997
2.096733
2.098508
2.099201
2.100935
2.101586
2.103279
2.103888
2.105539
2.106106
2.107716
2.108241
2.109810
2.110292
2.111820
2.112260
2.113746
2.114144
2.115589
2.115945
2.117348
2.117662
2.119024
2.119296
2.120616
2.120846
2.122125
2.122313
2.123550
2.123696
2.124892
2.124995
2.126150
2.126211
2.127324
2.127344
2.127670
2.129001
2.129093
2.129352
2.129789
2.131073
2.131009
2.131077
2.131346
2.132511
2.132371
2.132386
2.132602
2.133703
2.133482
2.133406
2.133528
2.134537
2.134228
2.134068
2.134109
2.135036
2.134645
2.134401
2.134356
2.135198
2.134722
2.134393
2.134264
2.135021
2.134460
2.134047
2.133833
2.134506
2.133861
2.133363
2.133065
2.132907
2.132788
2.132623
2.132371
2.132037
2.131646
2.131230
2.130809
2.130388
2.129962
2.129520
2.129056
2.128565
2.128047
2.127505
2.126941
2.126358
2.125756
2.125135
2.124493
2.123830
2.123146
2.122441
2.121714
2.120966
2.120197
2.119408
2.118598
2.117767
2.116914
2.116041
2.115147
2.114232
2.113295
2.112338
2.111360
2.110361
2.109341
2.108300
2.107238
2.106155
2.105051
2.103926
2.102780
2.101614
2.100427
2.099219
2.097990
2.096741
2.095471
2.094180
2.092869
2.091537
2.090184
2.088811
2.087417
2.086003
2.084568
2.083113
2.081638
2.080142
2.078625
2.077088
2.075531
2.073954
2.072356
2.070737
2.069099
2.067440
2.065760
2.064060
2.062340
2.060600
2.058839
2.057058
2.055256
2.053434
2.051592
2.049730
2.047847
2.045944
2.044020
2.042077
2.040113
2.038129
2.036124
2.034100
2.032055
2.029990
2.027905
2.025800
2.023675
2.021529
2.019364
2.017179
2.014974
2.012749
2.010504
2.008239
2.005955
2.003651
2.001327
1.998983
1.996620
1.994237
1.991834
1.989412
1.986970
1.984509
1.982028
1.979528
1.977009
1.974469
1.971911
1.969333
1.966736
1.964119
1.961483
1.958828
1.956153
1.953459
1.950746
1.948013
1.945261
1.942490
1.939700
1.936890
1.934062
1.931214
1.928347
1.925461
1.922556
1.919631
1.916688
1.913726
1.910745
1.907745
1.904726
1.901688
1.898631
1.895556
1.892461
1.889349
1.886217
1.883067
1.879898
1.876711
1.873505
1.870281
1.867038
1.863777
1.860497
1.857200
1.853884
1.850549
1.847197
1.843826
1.840438
1.837031
1.833606
1.830163
1.826702
1.823223
1.819726
1.816211
1.812678
1.809128
1.805559
1.801973
1.798368
1.794747
1.791107
1.787450
1.783775
1.780082
1.776371
1.772644
1.768898
1.765135
1.761355
1.757557
1.753741
1.749909
1.746059
1.742191
1.738307
1.734405
1.730486
1.726550
1.722597
1.718627
1.714640
1.710636
1.706615
1.702578
1.698523
1.694452
1.690364
1.686259
1.682138
1.678001
1.673846
1.669676
1.665488
1.661285
1.657065
1.652829
1.648576
1.644308
1.640023
1.635722
1.631404
1.627071
1.622722
1.618356
1.613975
1.609578
1.605165
1.600736
1.596291
1.591830
1.587354
1.582862
1.578354
1.573831
1.569292
1.564737
1.560167
1.555582
1.550981
1.546365
1.541733
1.537087
1.532425
1.527748
1.523056
1.518348
1.513626
1.508889
1.504137
1.499370
1.494588
1.489792
1.484981
1.480155
1.475315
1.470460
1.465590
1.460707
1.455808
1.450896
1.445969
1.441028
1.436073
1.431103
1.426120
1.421122
1.416111
1.411085
1.406046
1.400993
1.395926
1.390845
1.385750
1.380642
1.375520
1.370384
1.365235
1.360073
1.354897
1.349707
1.344504
1.339288
1.334059
1.328816
1.323561
1.318292
1.313010
1.307715
1.302407
1.297087
1.291753
1.286407
1.281048
1.275677
1.270292
1.264896
1.259486
1.254065
1.248631
1.243184
1.237726
1.232255
1.226772
1.221277
1.215770
1.210251
1.204720
1.199177
1.193623
1.188057
1.182478
1.176889
1.171287
1.165675
1.160050
1.154414
1.148767
1.143109
1.137439
1.131758
1.126066
1.120362
1.114648
1.108923
1.103186
1.097439
1.091681
1.085912
1.080132
1.074342
1.068541
1.062729
1.056907
1.051074
1.045231
1.039378
1.033515
1.027641
1.021757
1.015863
1.009959
1.004045
0.998121
0.992187
0.986244
0.980290
0.974327
0.968355
0.962373
0.956381
0.950380
0.944370
0.938350
0.932321
0.926283
0.920236
0.914180
0.908114
0.902040
0.895957
0.889865
0.883764
0.877655
0.871537
0.865410
0.859275
0.853131
0.846979
0.840818
0.834649
0.828472
0.822287
0.816094
0.809892
0.803683
0.797465
0.791240
0.785007
0.778766
0.772517
0.766261
0.759997
0.753726
0.747447
0.741161
0.734867
0.728566
0.722258
0.715943
0.709621
0.703292
0.696956
0.690613
0.684263
0.677906
0.671543
0.665173
0.658797
0.652414
0.646025
0.639629
0.633227
0.626819
0.620405
0.613984
0.607558
0.601125
0.594687
0.588243
0.581792
0.575337
0.568875
0.562408
0.555935
0.549457
0.542974
0.536485
0.529990
0.523491
0.516986
0.510476
0.503961
0.497442
0.490917
0.484387
0.477853
0.471314
0.464770
0.458221
0.451668
0.445111
0.438549
0.431983
0.425413
0.418838
0.412259
0.405677
0.399090
0.392499
0.385904
0.379306
0.372704
0.366098
0.359489
0.352876
0.346259
0.339640
0.333016
0.326390
0.319760
0.313128
0.306492
0.299853
0.293211
0.286566
0.279919
0.273268
0.266615
0.259960
0.253302
0.246641
0.239978
0.233312
0.226644
0.219974
0.213302
0.206628
0.199951
0.193273
0.186593
0.179910
0.173226
0.166541
0.159854
0.153165
0.146474
0.139782
0.133089
0.126395
0.119699
0.113002
0.106304
0.099604
0.092904
0.086203
0.079501
0.072799
0.066095
0.059391
0.052687
0.045982
0.039276
0.032570
0.025864
0.019157
0.012451
0.005744
-0.000963
-0.007670
-0.014376
-0.021083
-0.027789
-0.034496
-0.041201
-0.047907
-0.054612
-0.061316
-0.068020
-0.074723
-0.081425
-0.088127
-0.094827
-0.101527
-0.108226
-0.114923
-0.121620
-0.128315
-0.135009
-0.141702
-0.148394
-0.155084
-0.161772
-0.168459
-0.175144
-0.181827
-0.188509
-0.195189
-0.201866
-0.208542
-0.215216
-0.221888
-0.228557
-0.235224
-0.241889
-0.248552
-0.255212
-0.261869
-0.268524
-0.275176
-0.281826
-0.288472
-0.295116
-0.301757
-0.308395
-0.315030
-0.321662
-0.328290
-0.334916
-0.341538
-0.348157
-0.354772
-0.361384
-0.367992
-0.374596
-0.381197
-0.387794
-0.394388
-0.400977
-0.407562
-0.414144
-0.420721
-0.427294
-0.433863
-0.440428
-0.446988
-0.453544
-0.459515
-0.466595
-0.473345
-0.479390
-0.486268
-0.492445
-0.499413
-0.505618
-0.512561
-0.518709
-0.525589
-0.531685
-0.538534
-0.544621
-0.551477
-0.557573
-0.564604
-0.570585
-0.577340
-0.583362
-0.590355
-0.596326
-0.603257
-0.609172
-0.616068
-0.621968
-0.628864
-0.634771
-0.641674
-0.647579
-0.654474
-0.660363
-0.667238
-0.673108
-0.679966
-0.685821
-0.692668
-0.698510
-0.705347
-0.711177
-0.718001
-0.723816
-0.730625
-0.736424
-0.743219
-0.749172
-0.755245
-0.762053
-0.767831
-0.774591
-0.780495
-0.786515
-0.793273
-0.799003
-0.805725
-0.811593
-0.817579
-0.824306
-0.829998
-0.836683
-0.842509
-0.848453
-0.855139
-0.860960
-0.866891
-0.873556
-0.879345
-0.885242
-0.891875
-0.897634
-0.903504
-0.910114
-0.915849
-0.921695
-0.928282
-0.933990
-0.939809
-0.946368
-0.952047
-0.957837
-0.964369
-0.970018
-0.975779
-0.982283
-0.987903
-0.993634
-1.000110
-1.005698
-1.011398
-1.017844
-1.023400
-1.029069
-1.035486
-1.041010
-1.046647
-1.053034
-1.058525
-1.064130
-1.070486
-1.075944
-1.081516
-1.087842
-1.093267
-1.098807
-1.105102
-1.110493
-1.116000
-1.122264
-1.127622
-1.133096
-1.139328
-1.144652
-1.150092
-1.156293
-1.161582
-1.166989
-1.173158
-1.178412
-1.183784
-1.189920
-1.195138
-1.200475
-1.206578
-1.211760
-1.217061
-1.223130
-1.228274
-1.233539
-1.238952
-1.245099
-1.250253
-1.255462
-1.260779
-1.266199
-1.271677
-1.277161
-1.282608
-1.288000
-1.293337
-1.298636
-1.303914
-1.309188
-1.314464
-1.319742
-1.325017
-1.330281
-1.335529
-1.340758
-1.345969
-1.351164
-1.356344
-1.361512
-1.366668
-1.371813
-1.376946
-1.382065
-1.387171
-1.392262
-1.397339
-1.402402
-1.407451
-1.412486
-1.417508
-1.422516
-1.427510
-1.432490
-1.437456
-1.442407
-1.447345
-1.452268
-1.457176
-1.462071
-1.466950
-1.471816
-1.476666
-1.481502
-1.486324
-1.491130
-1.495922
-1.500699
-1.505461
-1.510208
-1.514940
-1.519657
-1.524359
-1.529046
-1.533717
-1.538374
-1.543015
-1.547641
-1.552252
-1.556847
-1.561427
-1.565992
-1.570541
-1.575075
-1.579593
-1.584096
-1.588583
-1.593055
-1.597510
-1.601950
-1.606375
-1.610783
-1.615176
-1.619553
-1.623914
-1.628259
-1.632588
-1.636901
-1.641198
-1.645478
-1.649743
-1.653991
-1.658223
-1.662438
-1.666637
-1.670820
-1.674986
-1.679135
-1.683268
-1.687384
-1.691484
-1.695567
-1.699633
-1.703682
-1.707714
-1.711729
-1.715728
-1.719709
-1.723673
-1.727621
-1.731551
-1.735464
-1.739360
-1.743238
-1.747100
-1.750944
-1.754771
-1.758580
-1.762372
-1.766147
-1.769905
-1.773645
-1.777367
-1.781072
-1.784759
-1.788429
-1.792082
-1.795716
-1.799333
-1.802932
-1.806514
-1.810078
-1.813623
-1.817151
-1.820662
-1.824154
-1.827628
-1.831084
-1.834522
-1.837942
-1.841344
-1.844728
-1.848093
-1.851441
-1.854770
-1.858080
-1.861372
-1.864646
-1.867902
-1.871138
-1.874357
-1.877557
-1.880738
-1.883900
-1.887044
-1.890170
-1.893276
-1.896364
-1.899433
-1.902484
-1.905515
-1.908528
-1.911522
-1.914497
-1.917453
-1.920390
-1.923308
-1.926208
-1.929088
-1.931949
-1.934791
-1.937615
-1.940419
-1.943203
-1.945969
-1.948716
-1.951443
-1.954151
-1.956840
-1.959510
-1.962160
-1.964791
-1.967403
-1.969995
-1.972568
-1.975121
-1.977655
-1.980170
-1.982664
-1.985140
-1.987595
-1.990031
-1.992448
-1.994844
-1.997221
-1.999578
-2.001916
-2.004233
-2.006531
-2.008809
-2.011067
-2.013305
-2.015524
-2.017722
-2.019901
-2.022059
-2.024198
-2.026316
-2.028415
-2.030493
-2.032551
-2.034590
-2.036608
-2.038606
-2.040584
-2.042542
-2.044480
-2.046398
-2.048295
-2.050172
-2.052029
-2.053866
-2.055682
-2.057479
-2.059255
-2.061010
-2.062746
-2.064461
-2.066156
-2.067830
-2.069484
-2.071117
-2.072730
-2.074323
-2.075895
-2.077447
-2.078978
-2.080489
-2.081979
-2.083449
-2.084898
-2.086326
-2.087734
-2.089121
-2.090487
-2.091833
-2.093159
-2.094463
-2.095747
-2.097010
-2.098252
-2.099474
-2.100675
-2.101855
-2.103014
-2.104153
-2.105271
-2.106368
-2.107444
-2.108500
-2.109534
-2.110548
-2.111541
-2.112513
-2.113465
-2.114395
-2.115305
-2.116194
-2.117061
-2.117909
-2.118735
-2.119540
-2.120324
-2.121088
-2.121830
-2.122552
-2.123253
-2.123932
-2.124591
-2.125229
-2.125846
-2.126442
-2.127017
-2.127571
-2.128104
-2.128616
-2.129107
-2.129576
-2.130025
-2.130453
-2.130860
-2.131246
-2.131610
-2.131954
-2.132277
-2.132578
-2.132859
-2.133118
-2.133357
-2.133574
-2.133770
-2.133945
-2.134099
-2.134232
-2.134344
-2.134435
-2.134505
-2.134553
-2.134581
-2.134588
-2.134573
-2.134538
-2.134481
-2.134403
-2.134305
-2.134185
-2.134044
-2.133882
-2.133699
-2.133495
-2.133271
-2.133025
-2.132757
-2.132469
-2.132160
-2.131830
-2.131479
-2.131107
-2.130714
-2.130299
-2.129864
-2.129408
-2.128931
-2.128432
-2.127913
-2.127373
-2.126812
-2.126229
-2.125626
-2.125002
-2.124356
-2.123690
-2.123003
-2.122295
-2.121566
-2.120816
-2.120045
-2.119253
-2.118440
-2.117606
-2.116751
-2.115876
-2.114979
-2.114062
-2.113124
-2.112165
-2.111185
-2.110184
-2.109163
-2.108120
-2.107057
-2.105973
-2.104869
-2.103743
-2.102597
-2.101430
-2.100242
-2.099034
-2.097805
-2.096555
-2.095284
-2.093993
-2.092682
-2.091349
-2.089996
-2.088622
-2.087228
-2.085813
-2.084378
-2.082922
-2.081445
-2.079948
-2.078431
-2.076893
-2.075334
-2.073755
-2.072155
-2.070535
-2.068895
-2.067234
-2.065553
-2.063851
-2.062129
-2.060386
-2.058624
-2.056841
-2.055037
-2.053213
-2.051370
-2.049505
-2.047621
-2.045716
-2.043791
-2.041847
-2.039881
-2.037896
-2.035891
-2.033865
-2.031820
-2.029754
-2.027669
-2.025563
-2.023438
-2.021292
-2.019127
-2.016941
-2.014736
-2.012511
-2.010266
-2.008001
-2.005717
-2.003412
-2.001088
-1.998744
-1.996381
-1.993997
-1.991594
-1.989172
-1.986729
-1.984268
-1.981786
-1.979285
-1.976765
-1.974225
-1.971665
-1.969086
-1.966488
-1.963870
-1.961233
-1.958576
-1.955900
-1.953205
-1.950491
-1.947757
-1.945004
-1.942232
-1.939441
-1.936630
-1.933801
-1.930952
-1.928084
-1.925198
-1.922292
-1.919367
-1.916423
-1.913461
-1.910480
-1.907479
-1.904460
-1.901422
-1.898366
-1.895290
-1.892196
-1.889084
-1.885952
-1.882803
-1.879634
-1.876447
-1.873241
-1.870017
-1.866775
-1.863514
-1.860235
-1.856937
-1.853621
-1.850287
-1.846935
-1.843564
-1.840175
-1.836768
-1.833343
-1.829900
-1.826438
-1.822959
-1.819462
-1.815946
-1.812413
-1.808862
-1.805293
-1.801706
-1.798102
-1.794479
-1.790839
-1.787182
-1.783506
-1.779813
-1.776103
-1.772375
-1.768629
-1.764866
-1.761086
-1.757288
-1.753473
-1.749641
-1.745791
-1.741924
-1.738040
-1.734139
-1.730221
-1.726285
-1.722333
-1.718363
-1.714377
-1.710374
-1.706354
-1.702317
-1.698263
-1.694193
-1.690105
-1.686002
-1.681881
-1.677744
-1.673590
-1.669420
-1.665233
-1.661030
-1.656811
-1.652575
-1.648323
-1.644055
-1.639770
-1.635469
-1.631152
-1.626819
-1.622470
-1.618105
-1.613724
-1.609327
-1.604914
-1.600485
-1.596041
-1.591580
-1.587104
-1.582613
-1.578106
-1.573583
-1.569044
-1.564491
-1.559921
-1.555337
-1.550737
-1.546121
-1.541491
-1.536845
-1.532184
-1.527508
-1.522817
-1.518111
-1.513390
-1.508653
-1.503903
-1.499137
-1.494356
-1.489561
-1.484751
-1.479926
-1.475087
-1.470233
-1.465365
-1.460482
-1.455585
-1.450674
-1.445748
-1.440808
-1.435853
-1.430885
-1.425902
-1.420905
-1.415895
-1.410870
-1.405831
-1.400779
-1.395713
-1.390632
-1.385539
-1.380431
-1.375310
-1.370175
-1.365027
-1.359865
-1.354690
-1.349502
-1.344300
-1.339085
-1.333857
-1.328615
-1.323361
-1.318093
-1.312812
-1.307519
-1.302212
-1.296893
-1.291561
-1.286216
-1.280859
-1.275488
-1.270106
-1.264710
-1.259303
-1.253882
-1.248450
-1.243005
-1.237548
-1.232078
-1.226597
-1.221103
-1.215598
-1.210080
-1.204550
-1.199009
-1.193455
-1.187890
-1.182314
-1.176725
-1.171125
-1.165513
-1.159890
-1.154255
-1.148609
-1.142952
-1.137283
-1.131603
-1.125912
-1.120210
-1.114497
-1.108773
-1.103038
-1.097292
-1.091535
-1.085767
-1.079989
-1.074200
-1.068400
-1.062590
-1.056769
-1.050938
-1.045097
-1.039245
-1.033383
-1.027511
-1.021629
-1.015736
-1.009834
-1.003921
-0.997999
-0.992067
-0.986125
-0.980173
-0.974212
-0.968241
-0.962260
-0.956270
-0.950271
-0.944262
-0.938244
-0.932216
-0.926180
-0.920134
-0.914079
-0.908015
-0.901942
-0.895861
-0.889770
-0.883671
-0.877563
-0.871446
-0.865320
-0.859187
-0.853044
-0.846893
-0.840734
-0.834567
-0.828391
-0.822207
-0.816015
-0.809815
-0.803607
-0.797391
-0.791167
-0.784936
-0.778696
-0.772449
-0.766194
-0.759932
-0.753662
-0.747385
-0.741101
-0.734809
-0.728510
-0.722203
-0.715890
-0.709569
-0.703242
-0.696907
-0.690566
-0.684218
-0.677863
-0.671501
-0.665133
-0.658758
-0.652377
-0.645989
-0.639595
-0.633194
-0.626788
-0.620375
-0.613956
-0.607531
-0.601100
-0.594663
-0.588220
-0.581771
-0.575317
-0.568857
-0.562391
-0.555920
-0.549443
-0.542961
-0.536473
-0.529980
-0.523482
-0.516979
-0.510471
-0.503957
-0.497439
-0.490916
-0.484387
-0.477855
-0.471317
-0.464775
-0.458228
-0.451676
-0.445121
-0.438560
-0.431996
-0.425427
-0.418854
-0.412277
-0.405695
-0.399110
-0.392521
-0.385928
-0.379331
-0.372731
-0.366126
-0.359518
-0.352907
-0.346292
-0.339674
-0.333052
-0.326427
-0.319799
-0.313167
-0.306533
-0.299895
-0.293255
-0.286611
-0.279965
-0.273316
-0.266665
-0.260010
-0.253353
-0.246694
-0.240032
-0.233368
-0.226701
-0.220033
-0.213362
-0.206689
-0.200014
-0.193337
-0.186658
-0.179977
-0.173294
-0.166610
-0.159924
-0.153237
-0.146548
-0.139857
-0.133165
-0.126472
-0.119778
-0.113082
-0.106386
-0.099688
-0.092989
-0.086289
-0.079589
-0.072888
-0.066186
-0.059483
-0.052780
-0.046076
-0.039372
-0.032667
-0.025962
-0.019257
-0.012551
-0.005846
0.000860
0.007565
0.014271
0.020976
0.027682
0.034387
0.041091
0.047795
0.054499
0.061202
0.067905
0.074607
0.081308
0.088008
0.094708
0.101406
0.108104
0.114800
0.121496
0.128190
0.134883
0.141574
0.148265
0.154953
0.161641
0.168326
0.175010
0.181692
0.188373
0.195051
0.201728
0.208403
0.215075
0.221746
0.228414
0.235080
0.241744
0.248405
0.255064
0.261720
0.268374
0.275025
0.281674
0.288319
0.294962
0.301602
0.308239
0.314873
0.321504
0.328131
0.334756
0.341377
0.347995
0.354609
0.361220
0.367827
0.374431
0.381030
0.387627
0.394219
0.400807
0.407392
0.413972
0.420549
0.427121
0.433689
0.440253
0.446812
0.453367
0.459918
0.466464
0.473005
0.479542
0.486074
0.492601
0.499123
0.505640
0.512153
0.518660
0.525162
0.531660
0.538151
0.544638
0.551119
0.557595
0.564065
0.570529
0.576988
0.583442
0.589889
0.596331
0.602767
0.609197
0.615621
0.622038
0.628450
0.634856
0.641255
0.647648
0.654034
0.660414
0.666788
0.673155
0.679515
0.685869
0.692215
0.698555
0.704889
0.711215
0.717534
0.723846
0.730151
0.736449
0.742739
0.749022
0.755298
0.761566
0.767827
0.774080
0.780326
0.786564
0.792794
0.799016
0.805230
0.811437
0.817635
0.823825
0.830008
0.836182
0.842348
0.848505
0.854654
0.860795
0.866927
0.873051
0.879166
0.885272
0.891369
0.897458
0.903538
0.909609
0.915671
0.921724
0.927768
0.933803
0.939829
0.945845
0.951852
0.957849
0.963837
0.969816
0.975785
0.981745
0.987092
0.993602
0.999745
1.005142
1.011589
1.016996
1.023252
1.028745
1.035062
1.040569
1.046859
1.052314
1.058546
1.063948
1.070322
1.075581
1.081665
1.086984
1.093336
1.098601
1.104879
1.110070
1.116294
1.121454
1.127668
1.132824
1.139037
1.144183
1.150378
1.155498
1.161664
1.166753
1.172893
1.177956
1.184075
1.189117
1.195216
1.200234
1.206311
1.211305
1.217358
1.222325
1.228354
1.233295
1.239300
1.244397
1.250249
1.255031
1.260935
1.265979
1.271817
1.276594
1.282489
1.287319
1.293242
1.298063
1.303948
1.308713
1.314545
1.319264
1.325065
1.329945
1.335597
1.340168
1.345881
1.350719
1.356361
1.360922
1.366618
1.371416
1.377003
1.381493
1.387122
1.391852
1.397382
1.402003
1.407449
1.412019
1.417446
1.422013
1.427443
1.432002
1.437412
1.441940
1.447315
1.451803
1.457144
1.461601
1.466914
1.471345
1.476635
1.481038
1.486300
1.490672
1.495905
1.500245
1.505448
1.509757
1.514931
1.519210
1.524355
1.528602
1.533717
1.537932
1.543017
1.547200
1.552255
1.556406
1.561431
1.565550
1.570545
1.574631
1.579596
1.583650
1.588584
1.592606
1.597509
1.601499
1.606372
1.610329
1.615172
1.619096
1.623908
1.627800
1.632582
1.636441
1.641192
1.645018
1.649738
1.653531
1.658220
1.661980
1.666637
1.670364
1.674990
1.678682
1.683276
1.686935
1.691497
1.695121
1.699651
1.703240
1.707737
1.711291
1.715756
1.719275
1.723706
1.727189
1.731587
1.735035
1.739399
1.742812
1.747142
1.750519
1.754815
1.758156
1.762418
1.765723
1.769952
1.773220
1.777414
1.780646
1.784807
1.788002
1.792129
1.795288
1.799380
1.802503
1.806561
1.809648
1.813671
1.816722
1.820711
1.823724
1.827679
1.830655
1.834575
1.837515
1.841400
1.844303
1.848153
1.851019
1.854833
1.857662
1.861441
1.864231
1.867975
1.870728
1.874435
1.877150
1.880821
1.883498
1.887133
1.889771
1.893370
1.895969
1.899531
1.902091
1.905616
1.908138
1.911626
1.914109
1.917560
1.920003
1.923418
1.925822
1.929199
1.931564
1.934904
1.937230
1.940533
1.942819
1.946085
1.948332
1.951560
1.953768
1.956959
1.959127
1.962281
1.964410
1.967526
1.969615
1.972693
1.974743
1.977784
1.979794
1.982797
1.984767
1.987732
1.989662
1.992588
1.994479
1.997367
1.999217
2.002066
2.003876
2.006687
2.008456
2.011228
2.012957
2.015690
2.017377
2.020071
2.021718
2.024373
2.025978
2.028594
2.030158
2.032734
2.034258
2.036794
2.038276
2.040773
2.042214
2.044672
2.046072
2.048489
2.049848
2.052226
2.053543
2.055881
2.057157
2.059456
2.060691
2.062949
2.064143
2.066362
2.067514
2.069693
2.070804
2.072943
2.074012
2.076111
2.077139
2.079198
2.080185
2.082203
2.083148
2.085126
2.086030
2.087967
2.088829
2.090726
2.091546
2.093402
2.094180
2.095995
2.096731
2.098505
2.099199
2.100933
2.101584
2.103277
2.103886
2.105537
2.106104
2.107714
2.108239
2.109808
2.110291
2.111818
2.112259
2.113745
2.114143
2.115588
2.115944
2.117347
2.117661
2.119023
2.119295
2.120615
2.120845
2.122124
2.122312
2.123549
2.123695
2.124891
2.124994
2.126149
2.126210
2.127323
2.127343
2.127669
2.129000
2.129093
2.129352
2.129788
2.131072
2.131008
2.131077
2.131346
2.132511
2.132371
2.132385
2.132601
2.133702
2.133482
2.133405
2.133527
2.134536
2.134228
2.134068
2.134108
2.135036
2.134645
2.134401
2.134356
2.135198
2.134722
2.134393
2.134264
2.135022
2.134461
2.134047
2.133834
2.134507
2.133861
2.133363
2.133065
2.132907
2.132788
2.132623
2.132372
2.132037
2.131647
2.131231
2.130810
2.130389
2.129962
2.129521
2.129057
2.128566
2.128048
2.127506
2.126942
2.126359
2.125757
2.125136
2.124494
2.123832
2.123148
2.122442
2.121715
2.120967
2.120199
2.119409
2.118599
2.117768
2.116916
2.116043
2.115148
2.114233
2.113297
2.112340
2.111362
2.110362
2.109342
2.108301
2.107239
2.106156
2.105053
2.103928
2.102782
2.101616
2.100429
2.099221
2.097992
2.096743
2.095473
2.094182
2.092871
2.091539
2.090186
2.088813
2.087420
2.086005
2.084571
2.083116
2.081640
2.080144
2.078628
2.077091
2.075534
2.073956
2.072358
2.070740
2.069101
2.067442
2.065763
2.064063
2.062343
2.060603
2.058842
2.057061
2.055259
2.053437
2.051595
2.049733
2.047850
2.045947
2.044024
2.042080
2.040116
2.038132
2.036128
2.034103
2.032058
2.029993
2.027908
2.025803
2.023678
2.021533
2.019368
2.017183
2.014978
2.012753
2.010508
2.008243
2.005959
2.003655
2.001331
1.998987
1.996624
1.994241
1.991838
1.989416
1.986974
1.984513
1.982033
1.979532
1.977013
1.974474
1.971915
1.969337
1.966740
1.964123
1.961487
1.958832
1.956157
1.953463
1.950750
1.948018
1.945266
1.942495
1.939705
1.936895
1.934067
1.931219
1.928352
1.925466
1.922561
1.919636
1.916693
1.913731
1.910750
1.907750
1.904731
1.901693
1.898636
1.895561
1.892467
1.889354
1.886222
1.883072
1.879903
1.876716
1.873510
1.870286
1.867043
1.863782
1.860503
1.857205
1.853889
1.850555
1.847203
1.843832
1.840443
1.837036
1.833612
1.830169
1.826708
1.823229
1.819732
1.816217
1.812684
1.809134
1.805565
1.801979
1.798375
1.794753
1.791113
1.787456
1.783781
1.780088
1.776378
1.772650
1.768904
1.765141
1.761361
1.757563
1.753748
1.749915
1.746065
1.742198
1.738313
1.734412
1.730493
1.726557
1.722604
1.718634
1.714647
1.710643
1.706622
1.702584
1.698530
1.694459
1.690371
1.686266
1.682145
1.678008
1.673853
1.669683
1.665496
1.661292
1.657072
1.652836
1.648584
1.644315
1.640030
1.635729
1.631412
1.627078
1.622729
1.618364
1.613983
1.609585
1.605172
1.600743
1.596298
1.591838
1.587361
1.582869
1.578362
1.573838
1.569299
1.564745
1.560175
1.555590
1.550989
1.546373
1.541741
1.537095
1.532433
1.527756
1.523064
1.518356
1.513634
1.508897
1.504145
1.499378
1.494596
1.489800
1.484989
1.480163
1.475323
1.470468
1.465599
1.460715
1.455817
1.450904
1.445977
1.441036
1.436081
1.431112
1.426128
1.421131
1.416119
1.411094
1.406055
1.401001
1.395934
1.390853
1.385759
1.380651
1.375529
1.370393
1.365244
1.360081
1.354905
1.349716
1.344513
1.339297
1.334068
1.328825
1.323570
1.318301
1.313019
1.307724
1.302416
1.297096
1.291762
1.286416
1.281057
1.275686
1.270301
1.264905
1.259496
1.254074
1.248640
1.243194
1.237735
1.232264
1.226781
1.221286
1.215779
1.210260
1.204730
1.199187
1.193632
1.188066
1.182488
1.176898
1.171297
1.165684
1.160060
1.154424
1.148777
1.143118
1.137449
1.131768
1.126075
1.120372
1.114658
1.108932
1.103196
1.097449
1.091690
1.085922
1.080142
1.074351
1.068550
1.062739
1.056917
1.051084
1.045241
1.039388
1.033525
1.027651
1.021767
1.015873
1.009969
1.004055
0.998131
0.992197
0.986254
0.980300
0.974337
0.968365
0.962383
0.956391
0.950390
0.944380
0.938360
0.932331
0.926293
0.920246
0.914190
0.908125
0.902050
0.895967
0.889875
0.883775
0.877665
0.871547
0.865420
0.859285
0.853141
0.846989
0.840829
0.834660
0.828483
0.822297
0.816104
0.809903
0.803693
0.797476
0.791250
0.785017
0.778776
0.772528
0.766271
0.760008
0.753736
0.747457
0.741171
0.734878
0.728577
0.722269
0.715954
0.709632
0.703302
0.696966
0.690623
0.684274
0.677917
0.671554
0.665184
0.658808
0.652425
0.646036
0.639640
0.633238
0.626830
0.620416
0.613995
0.607569
0.601136
0.594698
0.588253
0.581803
0.575348
0.568886
0.562419
0.555946
0.549468
0.542984
0.536496
0.530001
0.523502
0.516997
0.510487
0.503972
0.497453
0.490928
0.484398
0.477864
0.471325
0.464781
0.458232
0.451679
0.445122
0.438560
0.431994
0.425424
0.418849
0.412270
0.405688
0.399101
0.392510
0.385916
0.379317
0.372715
0.366109
0.359500
0.352887
0.346271
0.339651
0.333028
0.326401
0.319772
0.313139
0.306503
0.299864
0.293222
0.286578
0.279930
0.273280
0.266627
0.259971
0.253313
0.246652
0.239989
0.233323
0.226656
0.219986
0.213313
0.206639
0.199963
0.193284
0.186604
0.179922
0.173238
0.166552
0.159865
0.153176
0.146485
0.139794
0.133100
0.126406
0.119710
0.113013
0.106315
0.099616
0.092916
0.086215
0.079513
0.072810
0.066107
0.059403
0.052698
0.045993
0.039287
0.032581
0.025875
0.019169
0.012462
0.005755
-0.000952
-0.007658
-0.014365
-0.021072
-0.027778
-0.034484
-0.041190
-0.047895
-0.054600
-0.061305
-0.068008
-0.074711
-0.081414
-0.088115
-0.094816
-0.101516
-0.108214
-0.114912
-0.121609
-0.128304
-0.134998
-0.141691
-0.148382
-0.155072
-0.161761
-0.168447
-0.175133
-0.181816
-0.188498
-0.195177
-0.201855
-0.208531
-0.215205
-0.221876
-0.228546
-0.235213
-0.241878
-0.248540
-0.255200
-0.261858
-0.268513
-0.275165
-0.281814
-0.288461
-0.295105
-0.301746
-0.308384
-0.315019
-0.321651
-0.328279
-0.334905
-0.341527
-0.348145
-0.354761
-0.361372
-0.367981
-0.374585
-0.381186
-0.387783
-0.394376
-0.400966
-0.407551
-0.414133
-0.420710
-0.427283
-0.433852
-0.440417
-0.446977
-0.453533
-0.459504
-0.466584
-0.473334
-0.479379
-0.486257
-0.492434
-0.499402
-0.505607
-0.512550
-0.518698
-0.525578
-0.531674
-0.538524
-0.544610
-0.551466
-0.557562
-0.564593
-0.570574
-0.577329
-0.583351
-0.590344
-0.596315
-0.603246
-0.609162
-0.616057
-0.621957
-0.628853
-0.634760
-0.641663
-0.647569
-0.654463
-0.660352
-0.667228
-0.673097
-0.679956
-0.685810
-0.692657
-0.698499
-0.705336
-0.711166
-0.717990
-0.723805
-0.730615
-0.736414
-0.743208
-0.749161
-0.755234
-0.762042
-0.767820
-0.774580
-0.780484
-0.786504
-0.793263
-0.798993
-0.805715
-0.811582
-0.817569
-0.824295
-0.829988
-0.836673
-0.842498
-0.848442
-0.855129
-0.860950
-0.866881
-0.873545
-0.879335
-0.885232
-0.891865
-0.897623
-0.903494
-0.910103
-0.915838
-0.921685
-0.928272
-0.933980
-0.939799
-0.946358
-0.952037
-0.957826
-0.964359
-0.970008
-0.975769
-0.982273
-0.987892
-0.993624
-1.000100
-1.005688
-1.011388
-1.017835
-1.023390
-1.029059
-1.035476
-1.041000
-1.046637
-1.053024
-1.058515
-1.064120
-1.070476
-1.075934
-1.081507
-1.087832
-1.093257
-1.098797
-1.105092
-1.110483
-1.115990
-1.122254
-1.127612
-1.133086
-1.139319
-1.144642
-1.150083
-1.156284
-1.161573
-1.166980
-1.173148
-1.178402
-1.183775
-1.189911
-1.195129
-1.200466
-1.206569
-1.211751
-1.217052
-1.223120
-1.228265
-1.233529
-1.238943
-1.245090
-1.250243
-1.255453
-1.260770
-1.266190
-1.271668
-1.277152
-1.282599
-1.287991
-1.293328
-1.298627
-1.303905
-1.309179
-1.314455
-1.319733
-1.325008
-1.330272
-1.335520
-1.340750
-1.345961
-1.351155
-1.356335
-1.361503
-1.366659
-1.371804
-1.376937
-1.382056
-1.387162
-1.392253
-1.397330
-1.402393
-1.407442
-1.412478
-1.417499
-1.422507
-1.427501
-1.432481
-1.437447
-1.442399
-1.447336
-1.452259
-1.457168
-1.462062
-1.466942
-1.471807
-1.476658
-1.481494
-1.486316
-1.491122
-1.495914
-1.500691
-1.505453
-1.510200
-1.514932
-1.519649
-1.524351
-1.529038
-1.533710
-1.538366
-1.543007
-1.547634
-1.552244
-1.556840
-1.561420
-1.565984
-1.570534
-1.575067
-1.579586
-1.584088
-1.588576
-1.593047
-1.597503
-1.601943
-1.606367
-1.610776
-1.615169
-1.619546
-1.623907
-1.628252
-1.632581
-1.636894
-1.641191
-1.645471
-1.649736
-1.653984
-1.658216
-1.662431
-1.666630
-1.670813
-1.674979
-1.679128
-1.683261
-1.687378
-1.691477
-1.695560
-1.699626
-1.703675
-1.707707
-1.711723
-1.715721
-1.719702
-1.723667
-1.727614
-1.731544
-1.735457
-1.739353
-1.743232
-1.747093
-1.750937
-1.754764
-1.758574
-1.762366
-1.766141
-1.769898
-1.773638
-1.777361
-1.781066
-1.784753
-1.788423
-1.792075
-1.795710
-1.799327
-1.802926
-1.806508
-1.810072
-1.813617
-1.817146
-1.820656
-1.824148
-1.827622
-1.831078
-1.834516
-1.837937
-1.841338
-1.844722
-1.848088
-1.851435
-1.854764
-1.858075
-1.861367
-1.864641
-1.867896
-1.871133
-1.874351
-1.877551
-1.880732
-1.883895
-1.887039
-1.890164
-1.893271
-1.896359
-1.899428
-1.902479
-1.905510
-1.908523
-1.911517
-1.914492
-1.917448
-1.920385
-1.923304
-1.926203
-1.929083
-1.931944
-1.934787
-1.937610
-1.940414
-1.943199
-1.945965
-1.948711
-1.951439
-1.954147
-1.956836
-1.959505
-1.962156
-1.964787
-1.967399
-1.969991
-1.972564
-1.975117
-1.977651
-1.980165
-1.982660
-1.985135
-1.987591
-1.990027
-1.992443
-1.994840
-1.997217
-1.999574
-2.001912
-2.004229
-2.006527
-2.008805
-2.011063
-2.013302
-2.015520
-2.017718
-2.019897
-2.022055
-2.024194
-2.026313
-2.028411
-2.030490
-2.032548
-2.034586
-2.036605
-2.038603
-2.040581
-2.042539
-2.044477
-2.046394
-2.048292
-2.050169
-2.052026
-2.053863
-2.055679
-2.057476
-2.059252
-2.061008
-2.062743
-2.064458
-2.066153
-2.067827
-2.069481
-2.071115
-2.072728
-2.074320
-2.075893
-2.077444
-2.078976
-2.080486
-2.081977
-2.083446
-2.084895
-2.086324
-2.087731
-2.089119
-2.090485
-2.091831
-2.093156
-2.094461
-2.095745
-2.097008
-2.098250
-2.099472
-2.100673
-2.101853
-2.103012
-2.104151
-2.105269
-2.106366
-2.107442
-2.108498
-2.109533
-2.110546
-2.111539
-2.112512
-2.113463
-2.114394
-2.115303
-2.116192
-2.117060
-2.117907
-2.118733
-2.119539
-2.120323
-2.121086
-2.121829
-2.122551
-2.123251
-2.123931
-2.124590
-2.125228
-2.125845
-2.126441
-2.127016
-2.127570
-2.128103
-2.128615
-2.129106
-2.129576
-2.130025
-2.130452
-2.130859
-2.131245
-2.131610
-2.131954
-2.132276
-2.132578
-2.132858
-2.133118
-2.133356
-2.133573
-2.133770
-2.133945
-2.134099
-2.134232
-2.134344
-2.134435
-2.134505
-2.134553
-2.134581
-2.134588
-2.134573
-2.134538
-2.134481
-2.134404
-2.134305
-2.134185
-2.134044
-2.133883
-2.133700
-2.133496
-2.133271
-2.133025
-2.132758
-2.132470
-2.132161
-2.131831
-2.131480
-2.131108
-2.130714
-2.130300
-2.129865
-2.129409
-2.128931
-2.128433
-2.127914
-2.127374
-2.126812
-2.126230
-2.125627
-2.125003
-2.124358
-2.123691
-2.123004
-2.122296
-2.121567
-2.120817
-2.120046
-2.119254
-2.118441
-2.117608
-2.116753
-2.115877
-2.114981
-2.114064
-2.113125
-2.112166
-2.111187
-2.110186
-2.109164
-2.108122
-2.107059
-2.105975
-2.104870
-2.103745
-2.102599
-2.101432
-2.100244
-2.099036
-2.097807
-2.096557
-2.095287
-2.093996
-2.092684
-2.091351
-2.089998
-2.088625
-2.087231
-2.085816
-2.084380
-2.082924
-2.081448
-2.079951
-2.078433
-2.076895
-2.075337
-2.073758
-2.072158
-2.070538
-2.068898
-2.067237
-2.065555
-2.063854
-2.062132
-2.060389
-2.058627
-2.056844
-2.055040
-2.053217
-2.051373
-2.049509
-2.047624
-2.045720
-2.043795
-2.041850
-2.039885
-2.037899
-2.035894
-2.033869
-2.031823
-2.029758
-2.027672
-2.025567
-2.023441
-2.021296
-2.019130
-2.016945
-2.014740
-2.012515
-2.010270
-2.008005
-2.005720
-2.003416
-2.001092
-1.998748
-1.996385
-1.994001
-1.991598
-1.989176
-1.986734
-1.984272
-1.981790
-1.979289
-1.976769
-1.974229
-1.971670
-1.969091
-1.966492
-1.963874
-1.961237
-1.958581
-1.955905
-1.953210
-1.950495
-1.947762
-1.945009
-1.942237
-1.939445
-1.936635
-1.933805
-1.930957
-1.928089
-1.925202
-1.922297
-1.919372
-1.916428
-1.913466
-1.910485
-1.907484
-1.904465
-1.901428
-1.898371
-1.895296
-1.892202
-1.889089
-1.885958
-1.882808
-1.879639
-1.876452
-1.873247
-1.870023
-1.866780
-1.863520
-1.860240
-1.856943
-1.853627
-1.850293
-1.846940
-1.843570
-1.840181
-1.836774
-1.833349
-1.829905
-1.826444
-1.822965
-1.819467
-1.815952
-1.812419
-1.808868
-1.805299
-1.801712
-1.798108
-1.794485
-1.790845
-1.787188
-1.783512
-1.779820
-1.776109
-1.772381
-1.768636
-1.764873
-1.761092
-1.757295
-1.753480
-1.749647
-1.745798
-1.741931
-1.738047
-1.734146
-1.730227
-1.726292
-1.722340
-1.718370
-1.714384
-1.710381
-1.706361
-1.702324
-1.698270
-1.694199
-1.690112
-1.686008
-1.681888
-1.677751
-1.673597
-1.669427
-1.665241
-1.661037
-1.656818
-1.652582
-1.648330
-1.644062
-1.639777
-1.635476
-1.631160
-1.626826
-1.622477
-1.618112
-1.613731
-1.609334
-1.604921
-1.600493
-1.596048
-1.591588
-1.587112
-1.582620
-1.578113
-1.573590
-1.569052
-1.564498
-1.559929
-1.555344
-1.550744
-1.546129
-1.541499
-1.536853
-1.532192
-1.527516
-1.522825
-1.518119
-1.513398
-1.508662
-1.503911
-1.499145
-1.494364
-1.489569
-1.484759
-1.479934
-1.475095
-1.470241
-1.465373
-1.460490
-1.455593
-1.450682
-1.445756
-1.440816
-1.435862
-1.430893
-1.425911
-1.420914
-1.415903
-1.410878
-1.405840
-1.400787
-1.395721
-1.390641
-1.385547
-1.380440
-1.375319
-1.370184
-1.365036
-1.359874
-1.354699
-1.349511
-1.344309
-1.339094
-1.333865
-1.328624
-1.323370
-1.318102
-1.312821
-1.307528
-1.302221
-1.296902
-1.291570
-1.286225
-1.280868
-1.275497
-1.270115
-1.264719
-1.259312
-1.253891
-1.248459
-1.243014
-1.237557
-1.232088
-1.226606
-1.221113
-1.215607
-1.210089
-1.204560
-1.199018
-1.193465
-1.187900
-1.182323
-1.176734
-1.171134
-1.165523
-1.159900
-1.154265
-1.148619
-1.142962
-1.137293
-1.131613
-1.125922
-1.120220
-1.114507
-1.108783
-1.103047
-1.097301
-1.091545
-1.085777
-1.079999
-1.074210
-1.068410
-1.062600
-1.056779
-1.050948
-1.045107
-1.039255
-1.033393
-1.027521
-1.021638
-1.015746
-1.009844
-1.003931
-0.998009
-0.992077
-0.986135
-0.980183
-0.974222
-0.968251
-0.962270
-0.956280
-0.950281
-0.944272
-0.938254
-0.932226
-0.926190
-0.920144
-0.914089
-0.908025
-0.901953
-0.895871
-0.889780
-0.883681
-0.877573
-0.871456
-0.865331
-0.859197
-0.853055
-0.846904
-0.840745
-0.834577
-0.828401
-0.822218
-0.816026
-0.809826
-0.803618
-0.797402
-0.791178
-0.784946
-0.778707
-0.772460
-0.766205
-0.759943
-0.753673
-0.747396
-0.741111
-0.734819
-0.728520
-0.722214
-0.715900
-0.709580
-0.703252
-0.696918
-0.690577
-0.684228
-0.677874
-0.671512
-0.665144
-0.658769
-0.652388
-0.646000
-0.639606
-0.633205
-0.626799
-0.620386
-0.613967
-0.607542
-0.601111
-0.594674
-0.588231
-0.581782
-0.575328
-0.568868
-0.562402
-0.555931
-0.549454
-0.542972
-0.536484
-0.529991
-0.523493
-0.516990
-0.510482
-0.503968
-0.497450
-0.490927
-0.484399
-0.477866
-0.471328
-0.464786
-0.458239
-0.451687
-0.445132
-0.438571
-0.432007
-0.425438
-0.418865
-0.412288
-0.405707
-0.399121
-0.392532
-0.385939
-0.379342
-0.372742
-0.366137
-0.359530
-0.352918
-0.346303
-0.339685
-0.333063
-0.326438
-0.319810
-0.313178
-0.306544
-0.299906
-0.293266
-0.286623
-0.279976
-0.273327
-0.266676
-0.260021
-0.253365
-0.246705
-0.240043
-0.233379
-0.226713
-0.220044
-0.213373
-0.206700
-0.200025
-0.193348
-0.186669
-0.179988
-0.173306
-0.166621
-0.159936
-0.153248
-0.146559
-0.139869
-0.133177
-0.126484
-0.119789
-0.113094
-0.106397
-0.099699
-0.093000
-0.086301
-0.079600
-0.072899
-0.066197
-0.059494
-0.052791
-0.046087
-0.039383
-0.032678
-0.025973
-0.019268
-0.012563
-0.005857
0.000849
0.007554
0.014260
0.020965
0.027670
0.034375
0.041080
0.047784
0.054488
0.061191
0.067893
0.074595
0.081296
0.087997
0.094696
0.101395
0.108093
0.114789
0.121484
0.128179
0.134872
0.141563
0.148253
0.154942
0.161629
0.168315
0.174999
0.181681
0.188361
0.195040
0.201717
0.208391
0.215064
0.221734
0.228403
0.235069
0.241733
0.248394
0.255053
0.261709
0.268363
0.275014
0.281663
0.288308
0.294951
0.301591
0.308228
0.314862
0.321493
0.328120
0.334745
0.341366
0.347983
0.354598
0.361209
0.367816
0.374419
0.381019
0.387615
0.394208
0.400796
0.407381
0.413961
0.420538
0.427110
0.433678
0.440242
0.446801
0.453356
0.459906
0.466452
0.472994
0.479531
0.486063
0.492590
0.499112
0.505629
0.512142
0.518649
0.525151
0.531649
0.538140
0.544627
0.551108
0.557584
0.564054
0.570519
0.576978
0.583431
0.589878
0.596320
0.602756
0.609186
0.615610
0.622028
0.628439
0.634845
0.641244
0.647637
0.654023
0.660403
0.666777
0.673144
0.679504
0.685858
0.692205
0.698545
0.704878
0.711204
0.717523
0.723835
0.730140
0.736438
0.742728
0.749012
0.755287
0.761556
0.767816
0.774070
0.780315
0.786553
0.792783
0.799005
0.805220
0.811426
0.817625
0.823815
0.829997
0.836171
0.842337
0.848495
0.854644
0.860784
0.866917
0.873040
0.879155
0.885262
0.891359
0.897448
0.903528
0.909599
0.915661
0.921714
0.927758
0.933793
0.939818
0.945835
0.951842
0.957839
0.963827
0.969806
0.975775
0.981734
0.987082
0.993592
0.999735
1.005132
1.011579
1.016986
1.023243
1.028736
1.035052
1.040559
1.046849
1.052304
1.058536
1.063938
1.070313
1.075571
1.081655
1.086974
1.093326
1.098592
1.104869
1.110060
1.116284
1.121444
1.127658
1.132815
1.139027
1.144173
1.150368
1.155488
1.161655
1.166744
1.172884
1.177947
1.184066
1.189107
1.195206
1.200225
1.206302
1.211295
1.217348
1.222315
1.228344
1.233285
1.239291
1.244388
1.250240
1.255022
1.260926
1.265970
1.271808
1.276585
1.282479
1.287310
1.293233
1.298054
1.303939
1.308704
1.314536
1.319255
1.325056
1.329936
1.335589
1.340159
1.345872
1.350710
1.356353
1.360913
1.366609
1.371407
1.376994
1.381484
1.387113
1.391843
1.397374
1.401995
1.407440
1.412010
1.417437
1.422005
1.427434
1.431994
1.437404
1.441932
1.447306
1.451795
1.457135
1.461592
1.466906
1.471337
1.476627
1.481030
1.486292
1.490664
1.495897
1.500237
1.505440
1.509749
1.514923
1.519202
1.524347
1.528594
1.533709
1.537924
1.543009
1.547192
1.552247
1.556398
1.561423
1.565542
1.570537
1.574624
1.579588
1.583642
1.588576
1.592598
1.597502
1.601491
1.606365
1.610321
1.615164
1.619089
1.623901
1.627793
1.632575
1.636434
1.641185
1.645011
1.649731
1.653524
1.658213
1.661973
1.666630
1.670357
1.674983
1.678675
1.683269
1.686928
1.691490
1.695114
1.699644
1.703233
1.707730
1.711285
1.715749
1.719268
1.723699
1.727183
1.731581
1.735029
1.739393
1.742805
1.747136
1.750512
1.754809
1.758149
1.762412
1.765716
1.769945
1.773213
1.777408
1.780640
1.784801
1.787996
1.792123
1.795282
1.799374
1.802497
1.806555
1.809642
1.813665
1.816716
1.820705
1.823718
1.827673
1.830650
1.834570
1.837509
1.841395
1.844297
1.848147
1.851013
1.854828
1.857656
1.861435
1.864226
1.867970
1.870722
1.874430
1.877144
1.880816
1.883492
1.887128
1.889765
1.893364
1.895963
1.899526
1.902086
1.905611
1.908133
1.911621
1.914104
1.917555
1.919998
1.923413
1.925817
1.929194
1.931559
1.934900
1.937225
1.940528
1.942815
1.946080
1.948327
1.951556
1.953763
1.956954
1.959123
1.962276
1.964405
1.967521
1.969611
1.972689
1.974739
1.977779
1.979790
1.982792
1.984763
1.987727
1.989658
1.992584
1.994475
1.997363
1.999213
2.002062
2.003872
2.006683
2.008452
2.011224
2.012953
2.015686
2.017374
2.020067
2.021714
2.024369
2.025975
2.028590
2.030155
2.032731
2.034254
2.036791
2.038273
2.040770
2.042211
2.044668
2.046068
2.048486
2.049845
2.052222
2.053540
2.055878
2.057154
2.059453
2.060688
2.062946
2.064140
2.066359
2.067511
2.069690
2.070801
2.072940
2.074010
2.076109
2.077137
2.079196
2.080182
2.082201
2.083146
2.085124
2.086027
2.087965
2.088827
2.090724
2.091543
2.093400
2.094178
2.095993
2.096729
2.098503
2.099197
2.100931
2.101582
2.103275
2.103884
2.105535
2.106103
2.107712
2.108238
2.109806
2.110289
2.111816
2.112257
2.113743
2.114141
2.115586
2.115942
2.117345
2.117660
2.119021
2.119293
2.120614
2.120844
2.122123
2.122310
2.123548
2.123694
2.124890
2.124993
2.126148
2.126209
2.127322
2.127342
2.127668
2.128999
2.129092
2.129351
2.129787
2.131071
2.131008
2.131076
2.131345
2.132510
2.132370
2.132385
2.132601
2.133702
2.133481
2.133405
2.133527
2.134536
2.134227
2.134067
2.134108
2.135036
2.134645
2.134401
2.134356
2.135198
2.134722
2.134393
2.134264
2.135022
2.134461
2.134047
2.133834
2.134507
2.133862
2.133364
2.133066
2.132908
2.132789
2.132624
2.132372
2.132038
2.131647
2.131231
2.130810
2.130389
2.129963
2.129522
2.129058
2.128567
2.128049
2.127507
2.126943
2.126360
2.125758
2.125137
2.124495
2.123833
2.123149
2.122443
2.121716
2.120969
2.120200
2.119411
2.118600
2.117769
2.116917
2.116044
2.115150
2.114235
2.113299
2.112341
2.111363
2.110364
2.109344
2.108303
2.107241
2.106158
2.105055
2.103930
2.102784
2.101618
2.100431
2.099223
2.097994
2.096745
2.095475
2.094184
2.092873
2.091541
2.090189
2.088815
2.087422
2.086008
2.084573
2.083118
2.081643
2.080147
2.078630
2.077094
2.075537
2.073959
2.072361
2.070743
2.069104
2.067445
2.065766
2.064066
2.062346
2.060606
2.058845
2.057064
2.055262
2.053441
2.051598
2.049736
2.047853
2.045950
2.044027
2.042083
2.040119
2.038135
2.036131
2.034106
2.032062
2.029997
2.027912
2.025807
2.023682
2.021537
2.019371
2.017186
2.014981
2.012756
2.010512
2.008247
2.005963
2.003658
2.001335
1.998991
1.996628
1.994245
1.991842
1.989420
1.986979
1.984517
1.982037
1.979537
1.977017
1.974478
1.971920
1.969342
1.966745
1.964128
1.961492
1.958837
1.956162
1.953468
1.950755
1.948022
1.945271
1.942500
1.939709
1.936900
1.934071
1.931224
1.928357
1.925471
1.922566
1.919641
1.916698
1.913736
1.910755
1.907755
1.904736
1.901698
1.898641
1.895566
1.892472
1.889359
1.886228
1.883077
1.879909
1.876721
1.873516
1.870292
1.867049
1.863788
1.860508
1.857211
1.853895
1.850561
1.847208
1.843838
1.840449
1.837042
1.833617
1.830174
1.826714
1.823235
1.819738
1.816223
1.812690
1.809140
1.805571
1.801985
1.798381
1.794759
1.791119
1.787462
1.783787
1.780094
1.776384
1.772656
1.768911
1.765148
1.761367
1.757570
1.753754
1.749922
1.746072
1.742205
1.738320
1.734418
1.730500
1.726564
1.722611
1.718641
1.714654
1.710650
1.706629
1.702591
1.698537
1.694466
1.690378
1.686273
1.682152
1.678015
1.673860
1.669690
1.665503
1.661299
1.657079
1.652843
1.648591
1.644322
1.640037
1.635736
1.631419
1.627086
1.622737
1.618371
1.613990
1.609593
1.605180
1.600751
1.596306
1.591845
1.587369
1.582877
1.578369
1.573846
1.569307
1.564753
1.560183
1.555597
1.550997
1.546381
1.541749
1.537102
1.532441
1.527764
1.523071
1.518364
1.513642
1.508905
1.504153
1.499386
1.494604
1.489808
1.484997
1.480171
1.475331
1.470476
1.465607
1.460723
1.455825
1.450913
1.445986
1.441045
1.436090
1.431120
1.426137
1.421139
1.416128
1.411102
1.406063
1.401010
1.395943
1.390862
1.385767
1.380659
1.375537
1.370402
1.365253
1.360090
1.354914
1.349725
1.344522
1.339306
1.334077
1.328834
1.323579
1.318310
1.313028
1.307733
1.302425
1.297105
1.291771
1.286425
1.281066
1.275695
1.270311
1.264914
1.259505
1.254083
1.248649
1.243203
1.237744
1.232274
1.226791
1.221296
1.215789
1.210270
1.204739
1.199196
1.193642
1.188075
1.182497
1.176908
1.171306
1.165694
1.160069
1.154433
1.148786
1.143128
1.137458
1.131777
1.126085
1.120382
1.114667
1.108942
1.103206
1.097458
1.091700
1.085931
1.080152
1.074361
1.068560
1.062749
1.056927
1.051094
1.045251
1.039398
1.033534
1.027661
1.021777
1.015883
1.009979
1.004065
0.998141
0.992207
0.986264
0.980310
0.974347
0.968375
0.962393
0.956401
0.950400
0.944390
0.938370
0.932342
0.926303
0.920256
0.914200
0.908135
0.902061
0.895977
0.889886
0.883785
0.877675
0.871557
0.865431
0.859295
0.853152
0.847000
0.840839
0.834670
0.828493
0.822308
0.816115
0.809913
0.803704
0.797486
0.791261
0.785028
0.778787
0.772538
0.766282
0.760018
0.753747
0.747468
0.741182
0.734888
0.728587
0.722280
0.715964
0.709642
0.703313
0.696977
0.690634
0.684284
0.677928
0.671565
0.665195
0.658819
0.652436
0.646046
0.639651
0.633249
0.626841
0.620426
0.614006
0.607579
0.601147
0.594709
0.588264
0.581814
0.575358
0.568897
0.562430
0.555957
0.549479
0.542995
0.536506
0.530012
0.523513
0.517008
0.510498
0.503983
0.497464
0.490939
0.484409
0.477875
0.471336
0.464792
0.458243
0.451691
0.445133
0.438571
0.432005
0.425435
0.418860
0.412282
0.405699
0.399112
0.392521
0.385927
0.379328
0.372726
0.366120
0.359511
0.352898
0.346282
0.339662
0.333039
0.326412
0.319783
0.313150
0.306514
0.299875
0.293233
0.286589
0.279941
0.273291
0.266638
0.259982
0.253324
0.246663
0.240000
0.233335
0.226667
0.219997
0.213325
0.206650
0.199974
0.193295
0.186615
0.179933
0.173249
0.166563
0.159876
0.153187
0.146497
0.139805
0.133112
0.126417
0.119721
0.113024
0.106326
0.099627
0.092927
0.086226
0.079524
0.072821
0.066118
0.059414
0.052709
0.046004
0.039299
0.032593
0.025887
0.019180
0.012473
0.005767
-0.000940
-0.007647
-0.014354
-0.021060
-0.027767
-0.034473
-0.041179
-0.047884
-0.054589
-0.061293
-0.067997
-0.074700
-0.081402
-0.088104
-0.094805
-0.101504
-0.108203
-0.114901
-0.121597
-0.128293
-0.134987
-0.141680
-0.148371
-0.155061
-0.161749
-0.168436
-0.175121
-0.181805
-0.188486
-0.195166
-0.201844
-0.208520
-0.215193
-0.221865
-0.228535
-0.235202
-0.241867
-0.248529
-0.255189
-0.261847
-0.268501
-0.275154
-0.281803
-0.288450
-0.295094
-0.301735
-0.308373
-0.315008
-0.321639
-0.328268
-0.334893
-0.341516
-0.348134
-0.354749
-0.361361
-0.367969
-0.374574
-0.381175
-0.387772
-0.394365
-0.400955
-0.407540
-0.414122
-0.420699
-0.427272
-0.433841
-0.440406
-0.446966
-0.453522
-0.459493
-0.466573
-0.473323
-0.479368
-0.486246
-0.492423
-0.499391
-0.505596
-0.512539
-0.518687
-0.525567
-0.531663
-0.538513
-0.544599
-0.551455
-0.557551
-0.564582
-0.570563
-0.577318
-0.583340
-0.590333
-0.596304
-0.603235
-0.609151
-0.616046
-0.621946
-0.628842
-0.634749
-0.641652
-0.647558
-0.654452
-0.660341
-0.667217
-0.673086
-0.679945
-0.685799
-0.692646
-0.698489
-0.705325
-0.711155
-0.717980
-0.723795
-0.730604
-0.736403
-0.743198
-0.749150
-0.755224
-0.762032
-0.767810
-0.774570
-0.780474
-0.786494
-0.793252
-0.798982
-0.805704
-0.811572
-0.817558
-0.824285
-0.829977
-0.836663
-0.842488
-0.848432
-0.855118
-0.860939
-0.866870
-0.873535
-0.879325
-0.885222
-0.891854
-0.897613
-0.903483
-0.910093
-0.915828
-0.921675
-0.928262
-0.933970
-0.939789
-0.946348
-0.952026
-0.957816
-0.964348
-0.969998
-0.975759
-0.982263
-0.987882
-0.993614
-1.000090
-1.005678
-1.011378
-1.017825
-1.023381
-1.029049
-1.035466
-1.040990
-1.046627
-1.053014
-1.058505
-1.064110
-1.070466
-1.075924
-1.081497
-1.087823
-1.093247
-1.098787
-1.105082
-1.110474
-1.115981
-1.122245
-1.127602
-1.133076
-1.139309
-1.144633
-1.150073
-1.156274
-1.161563
-1.166970
-1.173139
-1.178393
-1.183765
-1.189901
-1.195120
-1.200457
-1.206559
-1.211741
-1.217042
-1.223111
-1.228256
-1.233520
-1.238933
-1.245081
-1.250234
-1.255443
-1.260761
-1.266181
-1.271659
-1.277143
-1.282590
-1.287982
-1.293319
-1.298618
-1.303896
-1.309170
-1.314446
-1.319725
-1.324999
-1.330263
-1.335511
-1.340741
-1.345952
-1.351146
-1.356326
-1.361494
-1.366651
-1.371796
-1.376928
-1.382048
-1.387153
-1.392245
-1.397322
-1.402385
-1.407434
-1.412469
-1.417491
-1.422499
-1.427493
-1.432473
-1.437439
-1.442391
-1.447328
-1.452251
-1.457160
-1.462054
-1.466934
-1.471799
-1.476650
-1.481486
-1.486307
-1.491114
-1.495906
-1.500683
-1.505445
-1.510192
-1.514924
-1.519641
-1.524343
-1.529030
-1.533702
-1.538358
-1.543000
-1.547626
-1.552236
-1.556832
-1.561412
-1.565977
-1.570526
-1.575060
-1.579578
-1.584081
-1.588568
-1.593039
-1.597495
-1.601936
-1.606360
-1.610769
-1.615161
-1.619538
-1.623899
-1.628244
-1.632573
-1.636886
-1.641183
-1.645464
-1.649728
-1.653977
-1.658209
-1.662424
-1.666623
-1.670806
-1.674972
-1.679121
-1.683254
-1.687371
-1.691470
-1.695553
-1.699619
-1.703668
-1.707700
-1.711716
-1.715714
-1.719696
-1.723660
-1.727607
-1.731537
-1.735451
-1.739346
-1.743225
-1.747087
-1.750931
-1.754758
-1.758567
-1.762360
-1.766134
-1.769892
-1.773632
-1.777354
-1.781059
-1.784747
-1.788417
-1.792069
-1.795704
-1.799321
-1.802920
-1.806502
-1.810066
-1.813611
-1.817140
-1.820650
-1.824142
-1.827616
-1.831073
-1.834511
-1.837931
-1.841333
-1.844717
-1.848082
-1.851429
-1.854758
-1.858069
-1.861361
-1.864635
-1.867891
-1.871128
-1.874346
-1.877546
-1.880727
-1.883890
-1.887034
-1.890159
-1.893266
-1.896354
-1.899423
-1.902473
-1.905505
-1.908518
-1.911512
-1.914487
-1.917443
-1.920380
-1.923299
-1.926198
-1.929078
-1.931940
-1.934782
-1.937605
-1.940409
-1.943194
-1.945960
-1.948707
-1.951434
-1.954142
-1.956831
-1.959501
-1.962151
-1.964782
-1.967394
-1.969986
-1.972559
-1.975113
-1.977647
-1.980161
-1.982656
-1.985131
-1.987587
-1.990023
-1.992439
-1.994836
-1.997213
-1.999570
-2.001908
-2.004226
-2.006523
-2.008801
-2.011060
-2.013298
-2.015516
-2.017715
-2.019893
-2.022052
-2.024190
-2.026309
-2.028408
-2.030486
-2.032545
-2.034583
-2.036601
-2.038599
-2.040578
-2.042536
-2.044473
-2.046391
-2.048289
-2.050166
-2.052023
-2.053860
-2.055676
-2.057473
-2.059249
-2.061005
-2.062740
-2.064455
-2.066150
-2.067824
-2.069478
-2.071112
-2.072725
-2.074318
-2.075890
-2.077442
-2.078973
-2.080484
-2.081974
-2.083444
-2.084893
-2.086321
-2.087729
-2.089116
-2.090483
-2.091829
-2.093154
-2.094459
-2.095743
-2.097006
-2.098248
-2.099470
-2.100671
-2.101851
-2.103011
-2.104149
-2.105267
-2.106364
-2.107441
-2.108496
-2.109531
-2.110545
-2.111538
-2.112510
-2.113461
-2.114392
-2.115302
-2.116191
-2.117059
-2.117906
-2.118732
-2.119537
-2.120322
-2.121085
-2.121828
-2.122550
-2.123250
-2.123930
-2.124589
-2.125227
-2.125844
-2.126440
-2.127015
-2.127569
-2.128102
-2.128614
-2.129105
-2.129575
-2.130024
-2.130452
-2.130859
-2.131245
-2.131609
-2.131953
-2.132276
-2.132577
-2.132858
-2.133117
-2.133356
-2.133573
-2.133769
-2.133945
-2.134099
-2.134232
-2.134344
-2.134435
-2.134505
-2.134553
-2.134581
-2.134588
-2.134573
-2.134538
-2.134481
-2.134404
-2.134305
-2.134185
-2.134045
-2.133883
-2.133700
-2.133496
-2.133271
-2.133025
-2.132758
-2.132470
-2.132161
-2.131831
-2.131480
-2.131108
-2.130715
-2.130301
-2.129866
-2.129410
-2.128932
-2.128434
-2.127915
-2.127375
-2.126813
-2.126231
-2.125628
-2.125004
-2.124359
-2.123693
-2.123005
-2.122297
-2.121568
-2.120818
-2.120047
-2.119255
-2.118443
-2.117609
-2.116754
-2.115879
-2.114982
-2.114065
-2.113127
-2.112168
-2.111188
-2.110188
-2.109166
-2.108124
-2.107061
-2.105977
-2.104872
-2.103747
-2.102601
-2.101434
-2.100246
-2.099038
-2.097809
-2.096559
-2.095289
-2.093998
-2.092686
-2.091354
-2.090001
-2.088627
-2.087233
-2.085818
-2.084383
-2.082927
-2.081450
-2.079953
-2.078436
-2.076898
-2.075339
-2.073760
-2.072161
-2.070541
-2.068900
-2.067240
-2.065558
-2.063857
-2.062135
-2.060392
-2.058630
-2.056847
-2.055043
-2.053220
-2.051376
-2.049512
-2.047627
-2.045723
-2.043798
-2.041853
-2.039888
-2.037903
-2.035898
-2.033872
-2.031827
-2.029761
-2.027676
-2.025570
-2.023445
-2.021299
-2.019134
-2.016949
-2.014744
-2.012518
-2.010274
-2.008009
-2.005724
-2.003420
-2.001096
-1.998752
-1.996389
-1.994005
-1.991602
-1.989180
-1.986738
-1.984276
-1.981795
-1.979294
-1.976773
-1.974233
-1.971674
-1.969095
-1.966497
-1.963879
-1.961242
-1.958585
-1.955909
-1.953214
-1.950500
-1.947766
-1.945013
-1.942241
-1.939450
-1.936640
-1.933810
-1.930962
-1.928094
-1.925207
-1.922302
-1.919377
-1.916433
-1.913471
-1.910490
-1.907489
-1.904470
-1.901433
-1.898376
-1.895301
-1.892207
-1.889094
-1.885963
-1.882813
-1.879645
-1.876458
-1.873252
-1.870028
-1.866786
-1.863525
-1.860246
-1.856948
-1.853633
-1.850298
-1.846946
-1.843575
-1.840187
-1.836780
-1.833354
-1.829911
-1.826450
-1.822971
-1.819473
-1.815958
-1.812425
-1.808874
-1.805305
-1.801718
-1.798114
-1.794492
-1.790852
-1.787194
-1.783519
-1.779826
-1.776115
-1.772387
-1.768642
-1.764879
-1.761099
-1.757301
-1.753486
-1.749654
-1.745804
-1.741937
-1.738053
-1.734152
-1.730234
-1.726299
-1.722346
-1.718377
-1.714391
-1.710387
-1.706367
-1.702330
-1.698277
-1.694206
-1.690119
-1.686015
-1.681895
-1.677758
-1.673604
-1.669434
-1.665248
-1.661045
-1.656825
-1.652589
-1.648337
-1.644069
-1.639784
-1.635484
-1.631167
-1.626834
-1.622485
-1.618120
-1.613739
-1.609342
-1.604929
-1.600500
-1.596056
-1.591596
-1.587120
-1.582628
-1.578121
-1.573598
-1.569060
-1.564506
-1.559937
-1.555352
-1.550752
-1.546137
-1.541506
-1.536861
-1.532200
-1.527524
-1.522833
-1.518127
-1.513406
-1.508670
-1.503919
-1.499153
-1.494372
-1.489577
-1.484767
-1.479943
-1.475103
-1.470250
-1.465381
-1.460499
-1.455602
-1.450690
-1.445764
-1.440824
-1.435870
-1.430902
-1.425919
-1.420922
-1.415912
-1.410887
-1.405848
-1.400796
-1.395730
-1.390650
-1.385556
-1.380448
-1.375327
-1.370193
-1.365044
-1.359883
-1.354708
-1.349519
-1.344318
-1.339103
-1.333874
-1.328633
-1.323378
-1.318111
-1.312830
-1.307537
-1.302230
-1.296911
-1.291579
-1.286234
-1.280877
-1.275507
-1.270124
-1.264729
-1.259321
-1.253901
-1.248468
-1.243023
-1.237566
-1.232097
-1.226615
-1.221122
-1.215616
-1.210099
-1.204569
-1.199028
-1.193474
-1.187909
-1.182332
-1.176744
-1.171144
-1.165532
-1.159909
-1.154274
-1.148628
-1.142971
-1.137303
-1.131623
-1.125932
-1.120230
-1.114516
-1.108792
-1.103057
-1.097311
-1.091554
-1.085787
-1.080008
-1.074219
-1.068420
-1.062610
-1.056789
-1.050958
-1.045117
-1.039265
-1.033403
-1.027531
-1.021648
-1.015756
-1.009854
-1.003941
-0.998019
-0.992087
-0.986145
-0.980193
-0.974232
-0.968261
-0.962280
-0.956290
-0.950291
-0.944282
-0.938264
-0.932237
-0.926200
-0.920154
-0.914100
-0.908036
-0.901963
-0.895881
-0.889791
-0.883691
-0.877583
-0.871466
-0.865341
-0.859207
-0.853065
-0.846914
-0.840755
-0.834588
-0.828412
-0.822228
-0.816036
-0.809836
-0.803628
-0.797412
-0.791188
-0.784957
-0.778717
-0.772470
-0.766216
-0.759953
-0.753684
-0.747406
-0.741122
-0.734830
-0.728531
-0.722225
-0.715911
-0.709591
-0.703263
-0.696929
-0.690587
-0.684239
-0.677884
-0.671523
-0.665154
-0.658780
-0.652398
-0.646011
-0.639617
-0.633216
-0.626809
-0.620397
-0.613978
-0.607553
-0.601122
-0.594685
-0.588242
-0.581793
-0.575339
-0.568879
-0.562413
-0.555942
-0.549465
-0.542983
-0.536495
-0.530002
-0.523504
-0.517001
-0.510493
-0.503979
-0.497461
-0.490938
-0.484410
-0.477877
-0.471339
-0.464797
-0.458250
-0.451699
-0.445143
-0.438583
-0.432018
-0.425449
-0.418876
-0.412299
-0.405718
-0.399133
-0.392543
-0.385950
-0.379353
-0.372753
-0.366149
-0.359541
-0.352929
-0.346314
-0.339696
-0.333074
-0.326449
-0.319821
-0.313190
-0.306555
-0.299918
-0.293277
-0.286634
-0.279988
-0.273339
-0.266687
-0.260033
-0.253376
-0.246716
-0.240055
-0.233390
-0.226724
-0.220055
-0.213384
-0.206711
-0.200036
-0.193359
-0.186680
-0.180000
-0.173317
-0.166633
-0.159947
-0.153259
-0.146570
-0.139880
-0.133188
-0.126495
-0.119800
-0.113105
-0.106408
-0.099710
-0.093012
-0.086312
-0.079611
-0.072910
-0.066208
-0.059505
-0.052802
-0.046098
-0.039394
-0.032690
-0.025985
-0.019279
-0.012574
-0.005868
0.000837
0.007543
0.014248
0.020954
0.027659
0.034364
0.041068
0.047773
0.054476
0.061180
0.067882
0.074584
0.081285
0.087986
0.094685
0.101384
0.108081
0.114778
0.121473
0.128167
0.134860
0.141552
0.148242
0.154931
0.161618
0.168304
0.174988
0.181670
0.188350
0.195029
0.201705
0.208380
0.215053
0.221723
0.228391
0.235058
0.241721
0.248383
0.255042
0.261698
0.268352
0.275003
0.281651
0.288297
0.294940
0.301580
0.308217
0.314851
0.321481
0.328109
0.334733
0.341355
0.347972
0.354587
0.361197
0.367805
0.374408
0.381008
0.387604
0.394197
0.400785
0.407370
0.413950
0.420526
0.427099
0.433667
0.440230
0.446790
0.453345
0.459895
0.466441
0.472983
0.479520
0.486052
0.492579
0.499101
0.505618
0.512131
0.518638
0.525141
0.531638
0.538129
0.544616
0.551097
0.557573
0.564043
0.570508
0.576967
0.583420
0.589868
0.596309
0.602745
0.609175
0.615599
0.622017
0.628429
0.634834
0.641233
0.647626
0.654013
0.660393
0.666766
0.673133
0.679494
0.685847
0.692194
0.698534
0.704867
0.711193
0.717513
0.723825
0.730130
0.736427
0.742718
0.749001
0.755277
0.761545
0.767806
0.774059
0.780305
0.786542
0.792773
0.798995
0.805209
0.811416
0.817614
0.823805
0.829987
0.836161
0.842327
0.848484
0.854633
0.860774
0.866906
0.873030
0.879145
0.885251
0.891349
0.897438
0.903518
0.909589
0.915651
0.921704
0.927748
0.933783
0.939808
0.945825
0.951832
0.957829
0.963817
0.969796
0.975765
0.981724
0.987072
0.993582
0.999725
1.005122
1.011569
1.016976
1.023233
1.028726
1.035042
1.040549
1.046840
1.052294
1.058526
1.063929
1.070303
1.075561
1.081645
1.086964
1.093317
1.098582
1.104859
1.110051
1.116275
1.121435
1.127648
1.132805
1.139017
1.144164
1.150359
1.155479
1.161645
1.166734
1.172874
1.177937
1.184056
1.189098
1.195197
1.200216
1.206293
1.211286
1.217339
1.222306
1.228335
1.233276
1.239282
1.244378
1.250231
1.255013
1.260916
1.265960
1.271799
1.276576
1.282470
1.287301
1.293224
1.298045
1.303930
1.308695
1.314527
1.319246
1.325047
1.329927
1.335580
1.340150
1.345863
1.350701
1.356344
1.360905
1.366601
1.371398
1.376985
1.381476
1.387104
1.391835
1.397365
1.401986
1.407432
1.412002
1.417429
1.421996
1.427426
1.431985
1.437396
1.441924
1.447298
1.451787
1.457127
1.461584
1.466898
1.471329
1.476618
1.481022
1.486284
1.490656
1.495889
1.500229
1.505432
1.509741
1.514915
1.519194
1.524339
1.528586
1.533701
1.537916
1.543001
1.547185
1.552240
1.556391
1.561416
1.565535
1.570529
1.574616
1.579580
1.583635
1.588569
1.592591
1.597494
1.601484
1.606357
1.610314
1.615157
1.619081
1.623894
1.627786
1.632567
1.636426
1.641177
1.645003
1.649724
1.653517
1.658206
1.661966
1.666623
1.670349
1.674976
1.678668
1.683262
1.686921
1.691483
1.695107
1.699637
1.703226
1.707723
1.711278
1.715742
1.719261
1.723692
1.727176
1.731574
1.735022
1.739386
1.742799
1.747129
1.750506
1.754802
1.758143
1.762406
1.765710
1.769939
1.773207
1.777402
1.780634
1.784794
1.787990
1.792116
1.795276
1.799368
1.802491
1.806549
1.809636
1.813659
1.816710
1.820699
1.823712
1.827667
1.830644
1.834564
1.837504
1.841389
1.844292
1.848142
1.851007
1.854822
1.857650
1.861430
1.864220
1.867964
1.870717
1.874424
1.877139
1.880811
1.883487
1.887122
1.889760
1.893359
1.895958
1.899520
1.902081
1.905606
1.908128
1.911616
1.914099
1.917550
1.919994
1.923408
1.925812
1.929190
1.931555
1.934895
1.937220
1.940523
1.942810
1.946076
1.948323
1.951551
1.953759
1.956950
1.959118
1.962272
1.964401
1.967517
1.969606
1.972685
1.974735
1.977775
1.979785
1.982788
1.984759
1.987723
1.989654
1.992580
1.994471
1.997359
1.999209
2.002059
2.003868
2.006679
2.008448
2.011220
2.012949
2.015682
2.017370
2.020064
2.021711
2.024365
2.025971
2.028587
2.030151
2.032727
2.034251
2.036787
2.038270
2.040767
2.042208
2.044665
2.046065
2.048483
2.049841
2.052219
2.053537
2.055875
2.057151
2.059450
2.060685
2.062943
2.064137
2.066356
2.067508
2.069687
2.070798
2.072937
2.074007
2.076106
2.077134
2.079193
2.080180
2.082198
2.083143
2.085121
2.086025
2.087963
2.088824
2.090721
2.091541
2.093397
2.094175
2.095991
2.096727
2.098501
2.099195
2.100929
2.101580
2.103273
2.103882
2.105533
2.106101
2.107711
2.108236
2.109804
2.110287
2.111815
2.112255
2.113741
2.114140
2.115584
2.115941
2.117344
2.117658
2.119020
2.119292
2.120613
2.120842
2.122121
2.122309
2.123547
2.123692
2.124889
2.124992
2.126147
2.126208
2.127322
2.127341
2.127668
2.128998
2.129091
2.129350
2.129786
2.131070
2.131007
2.131075
2.131344
2.132510
2.132370
2.132384
2.132601
2.133701
2.133481
2.133405
2.133527
2.134536
2.134227
2.134067
2.134108
2.135036
2.134645
2.134400
2.134356
2.135198
2.134722
2.134393
2.134264
2.135022
2.134461
2.134048
2.133834
2.134507
2.133862
2.133364
2.133066
2.132908
2.132789
2.132624
2.132373
2.132038
2.131648
2.131232
2.130811
2.130390
2.129964
2.129523
2.129059
2.128568
2.128050
2.127508
2.126944
2.126361
2.125759
2.125138
2.124496
2.123834
2.123150
2.122444
2.121718
2.120970
2.120201
2.119412
2.118602
2.117771
2.116919
2.116046
2.115152
2.114236
2.113300
2.112343
2.111365
2.110366
2.109346
2.108305
2.107243
2.106160
2.105056
2.103932
2.102786
2.101620
2.100433
2.099225
2.097997
2.096747
2.095477
2.094187
2.092875
2.091543
2.090191
2.088818
2.087424
2.086010
2.084576
2.083121
2.081645
2.080149
2.078633
2.077096
2.075539
2.073962
2.072364
2.070746
2.069107
2.067448
2.065769
2.064069
2.062349
2.060609
2.058848
2.057067
2.055265
2.053444
2.051602
2.049739
2.047856
2.045953
2.044030
2.042087
2.040123
2.038139
2.036134
2.034110
2.032065
2.030000
2.027915
2.025810
2.023685
2.021540
2.019375
2.017190
