1.570795
2.268591
2.690210
2.721175
2.444551
2.026198
1.612832
1.282137
1.040661
0.852272
0.671533
0.467752
0.233064
-0.021116
-0.275940
-0.513831
-0.723876
-0.902354
-1.050270
-1.170107
-1.263487
-1.330334
-1.369280
-1.378660
-1.357430
-1.305662
-1.224580
-1.116292
-0.983438
-0.828922
-0.655777
-0.467151
-0.266340
-0.056814
0.157794
0.373749
0.587296
0.794875
0.992713
1.177556
1.346443
1.496715
1.626038
1.732431
1.814312
1.870533
1.900400
1.903690
1.880638
1.831932
1.758684
1.662406
1.544984
1.408634
1.255869
1.089452
0.912346
0.727662
0.538604
0.348416
0.160322
-0.022644
-0.197206
-0.360554
-0.510120
-0.643588
-0.758916
-0.854373
-0.928577
-0.980521
-1.009599
-1.015611
-0.998756
-0.959628
-0.899188
-0.818749
-0.719949
-0.604714
-0.475232
-0.333907
-0.183317
-0.026172
0.134740
0.296596
0.456592
0.612103
0.760257
0.898615
1.024955
1.137274
1.233808
1.313062
1.373841
1.415279
1.436859
1.438415
1.420137
1.382551
1.326508
1.253165
1.163956
1.060573
0.944928
0.819123
0.685412
0.546159
0.403797
0.260786
0.119569
-0.017583
-0.148149
-0.270016
-0.381265
-0.480170
-0.565214
-0.635117
-0.688859
-0.725708
-0.745238
-0.747334
-0.732188
-0.700291
-0.652417
-0.589603
-0.513129
-0.424496
-0.325394
-0.217676
-0.103322
0.015595
0.136947
0.258587
0.378391
0.494397
0.604402
0.706585
0.799300
0.881076
0.950627
1.006875
1.048966
1.076304
1.088554
1.085658
1.067824
1.035522
0.989468
0.930605
0.860086
0.779250
0.689602
0.592781
0.490533
0.384680
0.277087
0.169627
0.064045
-0.037647
-0.133771
-0.222781
-0.303272
-0.373979
-0.433806
-0.481843
-0.517394
-0.539992
-0.549406
-0.545648
-0.528959
-0.499809
-0.458874
-0.407027
-0.345321
-0.274965
-0.197306
-0.113806
-0.026008
0.064484
0.156037
0.247021
0.335935
0.421027
0.500860
0.574125
0.639642
0.696360
0.743377
0.779957
0.805551
0.819813
0.822603
0.813992
0.794256
0.763862
0.723459
0.673862
0.616038
0.551084
0.480212
0.404723
0.325985
0.245410
0.164426
0.084452
0.006772
-0.067087
-0.135905
-0.198582
-0.254138
-0.301716
-0.340588
-0.370180
-0.390077
-0.400048
-0.400042
-0.390193
-0.370810
-0.342370
-0.305504
-0.260983
-0.209701
-0.152659
-0.090950
-0.025735
0.041775
0.110343
0.178728
0.245799
0.310182
0.370773
0.426568
0.476659
0.520237
0.556600
0.585169
0.605504
0.617318
0.620483
0.615033
0.601160
0.579204
0.549646
0.513095
0.470275
0.422011
0.369217
0.312876
0.254022
0.193724
0.133064
0.073120
0.014849
-0.040558
-0.092174
-0.139171
-0.180813
-0.216456
-0.245555
-0.267675
-0.282504
-0.289866
-0.289723
-0.282180
-0.267475
-0.245977
-0.218169
-0.184642
-0.146079
-0.103244
-0.056966
-0.008128
0.042354
0.093544
0.144503
0.194400
0.242164
0.286969
0.328073
0.364806
0.396576
0.422872
0.443273
0.457465
0.465245
0.466535
0.461379
0.449939
0.432496
0.409431
0.381222
0.348435
0.311706
0.271734
0.229271
0.185101
0.140033
0.094882
0.050455
0.007449
-0.033215
-0.070857
-0.104876
-0.134746
-0.160012
-0.180293
-0.195291
-0.204799
-0.208711
-0.207026
-0.199851
-0.187395
-0.169963
-0.147946
-0.121814
-0.092100
-0.059398
-0.024344
0.012390
0.050111
0.088116
0.125703
0.162275
0.197005
0.229292
0.258605
0.284475
0.306492
0.324307
0.337637
0.346281
0.350119
0.349127
0.343371
0.333008
0.318282
0.299512
0.277085
0.251450
0.223106
0.192593
0.160484
0.127375
0.093871
0.060581
0.028015
-0.003088
-0.032198
-0.058850
-0.082630
-0.103172
-0.120162
-0.133339
-0.142512
-0.147558
-0.148439
-0.145193
-0.137941
-0.126878
-0.112265
-0.094426
-0.073735
-0.050615
-0.025523
0.001052
0.028602
0.056605
0.084539
0.111972
0.138242
0.162889
0.185508
0.205738
0.223257
0.237786
0.249088
0.256983
0.261353
0.262148
0.259390
0.253167
0.243636
0.231012
0.215563
0.197602
0.177486
0.155603
0.132366
0.108211
0.083584
0.058934
0.034706
0.011251
-0.010860
-0.031258
-0.049626
-0.065694
-0.079228
-0.090029
-0.097939
-0.102849
-0.104701
-0.103498
-0.099304
-0.092241
-0.082483
-0.070255
-0.055822
-0.039485
-0.021573
-0.002439
0.017548
0.038006
0.058552
0.078803
0.098470
0.117036
0.134183
0.149638
0.163168
0.174568
0.183665
0.190314
0.194412
0.195901
0.194773
0.191075
0.184902
0.176398
0.165749
0.153176
0.138933
0.123297
0.106566
0.089055
0.071088
0.052992
0.035097
0.017640
0.001087
-0.014284
-0.028243
-0.040589
-0.051146
-0.059760
-0.066302
-0.070674
-0.072820
-0.072725
-0.070419
-0.065980
-0.059525
-0.051207
-0.041211
-0.029749
-0.017055
-0.003380
0.011010
0.025840
0.040830
0.055700
0.070257
0.084077
0.096924
0.108600
0.118935
0.127779
0.134995
0.140468
0.144108
0.145857
0.145694
0.143640
0.139754
0.134129
0.126894
0.118200
0.108224
0.097162
0.085226
0.072638
0.059632
0.046446
0.033319
0.020402
0.008086
-0.003428
-0.013973
-0.023407
-0.031599
-0.038432
-0.043799
-0.047618
-0.049830
-0.050412
-0.049373
-0.046760
-0.042646
-0.037137
-0.030357
-0.022452
-0.013586
-0.003935
0.006313
0.016962
0.027810
0.038654
0.049378
0.059621
0.069212
0.078012
0.085901
0.092769
0.098511
0.103033
0.106254
0.108119
0.108601
0.107700
0.105450
0.101910
0.097164
0.091313
0.084479
0.076794
0.068406
0.059471
0.050154
0.040626
0.031059
0.021624
0.012402
0.003721
-0.004284
-0.011512
-0.017879
-0.023309
-0.027727
-0.031068
-0.033277
-0.034321
-0.034189
-0.032899
-0.030494
-0.027039
-0.022617
-0.017328
-0.011285
-0.004607
0.002573
0.010118
0.017887
0.025733
0.033512
0.041168
0.048392
0.055070
0.061119
0.066469
0.071056
0.074814
0.077679
0.079598
0.080534
0.080472
0.079421
0.077412
0.074496
0.070738
0.066220
0.061032
0.055273
0.049051
0.042480
0.035679
0.028770
0.021876
0.015031
0.008528
0.002464
-0.003095
-0.008094
-0.012476
-0.016183
-0.019154
-0.021336
-0.022690
-0.023197
-0.022859
-0.021695
-0.019746
-0.017063
-0.013709
-0.009757
-0.005288
-0.000388
0.004848
0.010322
0.015930
0.021568
0.027133
0.032616
0.037736
0.042423
0.046632
0.050328
0.053476
0.056031
0.057948
0.059188
0.059722
0.059539
0.058648
0.057076
0.054861
0.052054
0.048715
0.044909
0.040707
0.036186
0.031427
0.026515
0.021537
0.016581
0.011640
0.006985
0.002675
-0.001257
-0.004785
-0.007879
-0.010497
-0.012595
-0.014131
-0.015073
-0.015407
-0.015135
-0.014274
-0.012853
-0.010912
-0.008495
-0.005656
-0.002449
0.001063
0.004815
0.008735
0.012751
0.016789
0.020967
0.024781
0.028336
0.031618
0.034611
0.037280
0.039580
0.041458
0.042869
0.043781
0.044176
0.044056
0.043433
0.042328
0.040771
0.038794
0.036436
0.033740
0.030754
0.027533
0.024134
0.020618
0.017047
0.013485
0.009993
0.006530
0.003353
0.000492
-0.002053
-0.004282
-0.006185
-0.007739
-0.008913
-0.009677
-0.010013
-0.009914
-0.009389
-0.008458
-0.007148
-0.005494
-0.003532
-0.001301
0.001157
0.003795
0.006565
0.009417
0.012298
0.015155
0.018041
0.020697
0.023102
0.025262
0.027183
0.028857
0.030258
0.031356
0.032118
0.032521
0.032555
0.032225
0.031542
0.030528
0.029208
0.027609
0.025761
0.023696
0.021451
0.019064
0.016578
0.014037
0.011484
0.008963
0.006411
0.004086
0.001995
0.000124
-0.001541
-0.002998
-0.004228
-0.005201
-0.005889
-0.006271
-0.006341
-0.006103
-0.005572
-0.004766
-0.003708
-0.002421
-0.000931
0.000735
0.002546
0.004469
0.006468
0.008506
0.010547
0.012662
0.014593
0.016337
0.017915
0.019346
0.020628
0.021741
0.022653
0.023333
0.023761
0.023926
0.023829
0.023479
0.022891
0.022079
0.021060
0.019853
0.018478
0.016958
0.015321
0.013595
0.011809
0.009997
0.008188
0.006413
0.004589
0.002975
0.001562
0.000318
-0.000782
-0.001744
-0.002553
-0.003184
-0.003611
-0.003820
-0.003807
-0.003576
-0.003142
-0.002520
-0.001727
-0.000779
0.000306
0.001507
0.002805
0.004174
0.005591
0.007028
0.008575
0.009968
0.011220
0.012365
0.013430
0.014417
0.015309
0.016075
0.016686
0.017122
0.017372
0.017438
0.017324
0.017040
0.016594
0.015996
0.015255
0.014383
0.013395
0.012309
0.011143
0.009919
0.008658
0.007381
0.006110
0.004866
0.003552
0.002650
0.001513
0.000559
-0.000215
-0.000836
-0.001329
-0.001707
-0.001966
-0.002097
-0.002085
-0.001926
-0.001621
-0.001179
-0.000614
0.000059
0.000826
0.001670
0.002577
0.003530
0.004514
0.005511
0.006622
0.007583
0.008416
0.009166
0.009868
0.010530
0.011136
0.011660
0.012077
0.012369
0.012529
0.012560
0.012468
0.012259
0.011941
0.011519
0.010999
0.010391
0.009702
0.008946
0.008136
0.007285
0.006410
0.005525
0.004645
0.003783
0.002954
0.002052
0.001561
0.000812
0.000228
-0.000201
-0.000510
-0.000729
-0.000874
-0.000947
-0.000936
-0.000832
-0.000629
-0.000330
0.000057
0.000521
0.001048
0.001627
0.002247
0.002896
0.003565
0.004362
0.004799
0.005550
0.006187
0.006718
0.007173
0.007580
0.007951
0.008281
0.008553
0.008751
0.008865
0.008889
0.008826
0.008681
0.008460
0.008169
0.007815
0.007402
0.006936
0.006425
0.005878
0.005303
0.004711
0.004113
0.003517
0.002934
0.002374
0.001619
0.001425
0.000930
0.000547
0.000268
0.000070
-0.000069
-0.000160
-0.000203
-0.000192
-0.000119
0.000019
0.000219
0.000478
0.000786
0.001136
0.001519
0.001927
0.002355
0.002913
0.003123
0.003656
0.004091
0.004441
0.004738
0.005011
0.005275
0.005525
0.005747
0.005927
0.006051
0.006117
0.006123
0.006074
0.005975
0.005830
0.005640
0.005410
0.005141
0.004839
0.004506
0.004150
0.003777
0.003393
0.003005
0.002620
0.002242
0.001880
0.001537
0.000998
0.001001
0.000700
0.000494
0.000373
0.000313
0.000290
0.000291
0.000315
0.000368
0.000456
0.000582
0.000746
0.000943
0.001168
0.001412
0.001568
0.002012
0.002098
0.002476
0.002527
0.002898
0.003175
0.003366
0.003502
0.003617
0.003730
0.003842
0.003945
0.004025
0.004071
0.004078
0.004046
0.003979
0.003882
0.003760
0.003615
0.003449
0.003264
0.003062
0.002846
0.002619
0.002385
0.002150
0.001916
0.001688
0.001469
0.001262
0.001072
0.000899
0.000533
0.000684
0.000537
0.000685
0.000511
0.000432
0.000667
0.000587
0.000593
0.000900
0.000775
0.001097
0.000993
0.001237
0.001215
0.001521
0.001529
0.001836
0.001828
0.002111
0.002293
0.002173
0.002386
0.002539
0.002624
0.002659
0.002665
0.002663
0.002659
0.002653
0.002638
0.002608
0.002556
0.002484
0.002392
0.002286
0.002169
0.002044
0.001915
0.001781
0.001645
0.001509
0.001374
0.001242
0.001116
0.000998
0.000889
0.000792
0.000708
0.000638
0.000377
0.000600
0.000439
0.000702
0.000540
0.000686
0.000566
0.000758
0.000677
0.000897
0.000834
0.001062
0.001005
0.001237
0.001183
0.001418
0.001364
0.001595
0.001737
0.001593
0.001760
0.001871
0.001921
0.001926
0.001908
0.001885
0.001867
0.001853
0.001838
0.001814
0.001776
0.001723
0.001656
0.001579
0.001496
0.001409
0.001320
0.001232
0.001143
0.001055
0.000969
0.000887
0.000809
0.000737
0.000672
0.000616
0.000570
0.000533
0.000506
0.000490
0.000484
0.000292
0.000553
0.000448
0.000645
0.000579
0.000784
0.000710
0.000901
0.000817
0.001007
0.000929
0.001125
0.001053
0.001249
0.001366
0.001211
0.001346
0.001432
0.001465
0.001457
0.001430
0.001400
0.001378
0.001363
0.001352
0.001336
0.001312
0.001276
0.001230
0.001176
0.001117
0.001057
0.000998
0.000939
0.000881
0.000826
0.000772
0.000721
0.000673
0.000630
0.000591
0.000559
0.000534
0.000516
0.000504
0.000500
0.000503
0.000512
0.000528
0.000549
0.000577
0.000609
0.000646
0.000686
0.000730
0.000775
0.000821
0.000867
0.000913
0.000958
0.001000
0.001039
0.001074
0.001105
0.001131
0.001152
0.001167
0.001176
0.001180
0.001177
0.001169
0.001155
0.001136
0.001111
0.001082
0.001050
0.001014
0.000975
0.000934
0.000893
0.000851
0.000809
0.000768
0.000729
0.000693
0.000660
0.000630
0.000605
0.000584
0.000567
0.000556
0.000551
0.000550
0.000555
0.000565
0.000579
0.000599
0.000622
0.000649
0.000679
0.000712
0.000746
0.000782
0.000819
0.000856
0.000892
0.000927
0.000960
0.000990
0.001018
0.001042
0.001063
0.001079
0.001092
0.001100
0.001103
0.001102
0.001096
0.001087
0.001073
0.001056
0.001036
0.001013
0.000987
0.000960
0.000932
0.000903
0.000873
0.000845
0.000817
0.000791
0.000767
0.000745
0.000726
0.000711
0.000699
0.000690
0.000686
0.000685
0.000689
0.000696
0.000707
0.000722
0.000739
0.000760
0.000783
0.000809
0.000836
0.000864
0.000894
0.000923
0.000952
0.000981
0.001008
0.001034
0.001058
0.001079
0.001098
0.001114
0.001126
0.001136
0.001142
0.001145
0.001144
0.001141
0.001134
0.001125
0.001113
0.001098
0.001082
0.001065
0.001046
0.001027
0.001007
0.000988
0.000969
0.000951
0.000935
0.000920
0.000907
0.000897
0.000889
0.000884
0.000881
0.000882
0.000885
0.000891
0.000901
0.000912
0.000927
0.000943
0.000962
0.000982
0.001004
0.001026
0.001050
0.001073
0.001097
0.001120
0.001142
0.001164
0.001184
0.001202
0.001218
0.001232
0.001244
0.001254
0.001261
0.001265
0.001267
0.001267
0.001265
0.001260
0.001253
0.001245
0.001235
0.001225
0.001213
0.001200
0.001188
0.001175
0.001163
0.001151
0.001140
0.001131
0.001123
0.001116
0.001112
0.001109
0.001109
0.001110
0.001114
0.001120
0.001128
0.001138
0.001149
0.001163
0.001178
0.001194
0.001211
0.001229
0.001248
0.001267
0.001285
0.001304
0.001322
0.001339
0.001355
0.001370
0.001384
0.001396
0.001407
0.001415
0.001422
0.001427
0.001430
0.001432
0.001432
0.001430
0.001427
0.001422
0.001416
0.001410
0.001402
0.001395
0.001387
0.001379
0.001371
0.001363
0.001357
0.001351
0.001346
0.001342
0.001340
0.001339
0.001340
0.001342
0.001345
0.001350
0.001357
0.001365
0.001375
0.001385
0.001397
0.001410
0.001424
0.001438
0.001452
0.001467
0.001482
0.001496
0.001511
0.001524
0.001537
0.001549
0.001560
0.001570
0.001579
0.001586
0.001592
0.001597
0.001600
0.001602
0.001603
0.001602
0.001601
0.001598
0.001595
0.001591
0.001586
0.001582
0.001576
0.001571
0.001566
0.001562
0.001557
0.001554
0.001551
0.001548
0.001547
0.001547
0.001548
0.001550
0.001553
0.001557
0.001562
0.001569
0.001576
0.001584
0.001593
0.001603
0.001613
0.001624
0.001635
0.001646
0.001657
0.001668
0.001679
0.001689
0.001699
0.001708
0.001717
0.001725
0.001731
0.001737
0.001742
0.001746
0.001749
0.001751
0.001751
0.001752
0.001751
0.001749
0.001747
0.001745
0.001742
0.001738
0.001735
0.001731
0.001728
0.001724
0.001721
0.001719
0.001716
0.001715
0.001714
0.001714
0.001714
0.001716
0.001718
0.001721
0.001724
0.001729
0.001734
0.001740
0.001746
0.001753
0.001760
0.001768
0.001776
0.001784
0.001792
0.001800
0.001808
0.001815
0.001822
0.001829
0.001835
0.001841
0.001845
0.001850
0.001853
0.001856
0.001858
0.001859
0.001860
0.001860
0.001859
0.001858
0.001856
0.001854
0.001852
0.001849
0.001846
0.001843
0.001841
0.001838
0.001835
0.001833
0.001831
0.001829
0.001828
0.001827
0.001827
0.001827
0.001828
0.001657
0.001867
0.001933
0.001786
0.001985
0.001845
0.001953
0.001842
0.001971
0.001868
0.001994
0.001880
0.001992
0.001867
0.001973
0.001846
0.001955
0.001832
0.002034
0.001874
0.001953
0.001811
0.002009
0.001853
0.002032
0.001859
0.002029
0.001853
0.002026
0.001853
0.002030
0.001858
0.002033
0.001858
0.002030
0.001850
0.002019
0.001838
0.002007
0.001825
0.001994
0.001813
0.001982
0.001800
0.001970
0.001788
0.001959
0.001777
0.001950
0.001770
0.001944
0.001766
0.001942
0.001765
0.001943
0.001767
0.001947
0.001772
0.001954
0.001780
0.001964
0.001790
0.001975
0.001802
0.001987
0.001813
0.001999
0.001824
0.002009
0.001834
0.002018
0.001841
0.002025
0.001846
0.002029
0.001848
0.002030
0.001847
0.002028
0.001843
0.002023
0.001837
0.002015
0.001828
0.002006
0.001817
0.001995
0.001898
0.002033
0.001807
0.001967
0.001867
0.002012
0.001891
0.002017
0.001884
0.002008
0.001877
0.002006
0.001878
0.002007
0.001877
0.002002
0.001867
0.001988
0.001850
0.001970
0.001831
0.001951
0.001811
0.001932
0.001792
0.001913
0.001772
0.001894
0.001755
0.001878
0.001740
0.001866
0.001729
0.001857
0.001722
0.001853
0.001720
0.001853
0.001721
0.001856
0.001726
0.001863
0.001734
0.001873
0.001744
0.001884
0.001755
0.001895
0.001767
0.001906
0.001777
0.001916
0.001785
0.001923
0.001790
0.001927
0.001792
0.001927
0.001790
0.001924
0.001784
0.001917
0.001775
0.001907
0.001763
0.001894
0.001748
0.001878
0.001732
0.001861
0.001714
0.001844
0.001697
0.001828
0.001681
0.001812
0.001666
0.001799
0.001653
0.001788
0.001644
0.001780
0.001637
0.001776
0.001633
0.001774
0.001633
0.001775
0.001634
0.001778
0.001638
0.001783
0.001643
0.001788
0.001648
0.001794
0.001653
0.001799
0.001657
0.001803
0.001660
0.001804
0.001660
0.001804
0.001658
0.001800
0.001653
0.001794
0.001645
0.001786
0.001635
0.001775
0.001622
0.001761
0.001608
0.001747
0.001593
0.001732
0.001577
0.001717
0.001562
0.001702
0.001547
0.001688
0.001534
0.001676
0.001522
0.001666
0.001513
0.001658
0.001505
0.001652
0.001500
0.001648
0.001497
0.001647
0.001496
0.001647
0.001496
0.001647
0.001497
0.001649
0.001498
0.001650
0.001499
0.001651
0.001499
0.001651
0.001498
0.001649
0.001495
0.001645
0.001490
0.001640
0.001483
0.001632
0.001474
0.001623
0.001463
0.001611
0.001451
0.001599
0.001438
0.001586
0.001424
0.001572
0.001409
0.001558
0.001395
0.001544
0.001382
0.001531
0.001369
0.001520
0.001358
0.001510
0.001349
0.001502
0.001341
0.001495
0.001335
0.001490
0.001330
0.001486
0.001327
0.001483
0.001324
0.001481
0.001322
0.001480
0.001321
0.001478
0.001318
0.001476
0.001316
0.001473
0.001312
0.001469
0.001307
0.001464
0.001301
0.001457
0.001293
0.001449
0.001284
0.001439
0.001274
0.001429
0.001262
0.001417
0.001250
0.001404
0.001237
0.001391
0.001224
0.001379
0.001211
0.001366
0.001198
0.001354
0.001187
0.001344
0.001176
0.001334
0.001167
0.001325
0.001159
0.001318
0.001152
0.001312
0.001146
0.001307
0.001142
0.001302
0.001137
0.001299
0.001134
0.001295
0.001130
0.001292
0.001126
0.001288
0.001122
0.001283
0.001117
0.001278
0.001111
0.001272
0.001105
0.001265
0.001097
0.001256
0.001088
0.001247
0.001078
0.001012
0.001259
0.001132
0.001064
0.001058
0.001316
0.001165
0.001062
0.001028
0.001274
0.001124
0.001030
0.001005
0.001257
0.001107
0.001011
0.000983
0.001232
0.001081
0.000985
0.000959
0.001209
0.001060
0.000964
0.000938
0.001189
0.001040
0.000946
0.000921
0.001173
0.001025
0.000932
0.000908
0.001161
0.001014
0.000921
0.000898
0.000926
0.000973
0.001011
0.001029
0.001027
0.001014
0.000998
0.000988
0.000983
0.000983
0.000984
0.000985
0.000982
0.000978
0.000972
0.000965
0.000958
0.000952
0.000946
0.000939
0.000933
0.000926
0.000918
0.000911
0.000903
0.000896
0.000889
0.000882
0.000875
0.000869
0.000863
0.000857
0.000852
0.000847
0.000842
0.000838
0.000835
0.000832
0.000829
0.000826
0.000824
0.000823
0.000821
0.000820
0.000819
0.000818
0.000817
0.000817
0.000816
0.000815
0.000814
0.000813
0.000812
0.000811
0.000809
0.000807
0.000805
0.000802
0.000799
0.000795
0.000791
0.000787
0.000783
0.000778
0.000773
0.000767
0.000762
0.000756
0.000750
0.000744
0.000737
0.000731
0.000725
0.000719
0.000713
0.000707
0.000701
0.000695
0.000690
0.000685
0.000680
0.000676
0.000672
0.000668
0.000664
0.000661
0.000658
0.000656
0.000653
0.000651
0.000650
0.000648
0.000646
0.000645
0.000644
0.000642
0.000641
0.000640
0.000638
0.000637
0.000635
0.000633
0.000631
0.000629
0.000626
0.000623
0.000620
0.000617
0.000613
0.000609
0.000605
0.000601
0.000596
0.000591
0.000586
0.000581
0.000576
0.000570
0.000565
0.000559
0.000554
0.000548
0.000543
0.000538
0.000533
0.000528
0.000523
0.000518
0.000514
0.000510
0.000506
0.000503
0.000499
0.000496
0.000493
0.000491
0.000488
0.000486
0.000484
0.000482
0.000480
0.000478
0.000476
0.000474
0.000473
0.000471
0.000469
0.000467
0.000465
0.000463
0.000460
0.000457
0.000455
0.000452
0.000448
0.000445
0.000441
0.000438
0.000433
0.000429
0.000425
0.000420
0.000416
0.000411
0.000406
0.000401
0.000396
0.000391
0.000386
0.000381
0.000376
0.000372
0.000367
0.000363
0.000358
0.000354
0.000350
0.000346
0.000343
0.000339
0.000336
0.000333
0.000330
0.000327
0.000324
0.000322
0.000319
0.000317
0.000315
0.000312
0.000310
0.000308
0.000306
0.000303
0.000301
0.000299
0.000296
0.000293
0.000291
0.000288
0.000284
0.000281
0.000278
0.000274
0.000270
0.000267
0.000262
0.000258
0.000254
0.000250
0.000245
0.000241
0.000236
0.000231
0.000227
0.000222
0.000217
0.000213
0.000208
0.000204
0.000199
0.000195
0.000191
0.000187
0.000183
0.000179
0.000176
0.000172
0.000169
0.000166
0.000163
0.000160
0.000157
0.000154
0.000151
0.000148
0.000146
0.000143
0.000140
0.000138
0.000135
0.000132
0.000129
0.000127
0.000124
0.000120
0.000117
0.000114
0.000110
0.000107
0.000103
0.000099
0.000095
0.000091
0.000087
0.000083
0.000079
0.000074
0.000070
0.000065
0.000061
0.000056
0.000052
0.000047
0.000043
0.000038
0.000034
0.000030
0.000025
0.000021
0.000017
0.000013
0.000009
0.000006
0.000002
-0.000002
-0.000005
-0.000009
-0.000012
-0.000015
-0.000018
-0.000021
-0.000025
-0.000028
-0.000031
-0.000034
-0.000037
-0.000040
-0.000043
-0.000046
-0.000050
-0.000053
-0.000056
-0.000060
-0.000063
-0.000067
-0.000071
-0.000075
-0.000079
-0.000083
-0.000087
-0.000091
-0.000095
-0.000100
-0.000104
-0.000109
-0.000113
-0.000118
-0.000122
-0.000127
-0.000131
-0.000136
-0.000140
-0.000144
-0.000149
-0.000153
-0.000157
-0.000161
-0.000165
-0.000169
-0.000173
-0.000177
-0.000181
-0.000185
-0.000188
-0.000192
-0.000195
-0.000199
-0.000202
-0.000206
-0.000209
-0.000213
-0.000216
-0.000220
-0.000223
-0.000227
-0.000230
-0.000234
-0.000237
-0.000241
-0.000245
-0.000249
-0.000253
-0.000257
-0.000261
-0.000265
-0.000269
-0.000273
-0.000278
-0.000282
-0.000287
-0.000291
-0.000295
-0.000300
-0.000305
-0.000309
-0.000314
-0.000318
-0.000323
-0.000327
-0.000331
-0.000336
-0.000340
-0.000344
-0.000349
-0.000353
-0.000357
-0.000361
-0.000365
-0.000369
-0.000373
-0.000377
-0.000380
-0.000384
-0.000388
-0.000392
-0.000395
-0.000399
-0.000403
-0.000407
-0.000410
-0.000414
-0.000418
-0.000422
-0.000426
-0.000430
-0.000434
-0.000438
-0.000442
-0.000446
-0.000450
-0.000454
-0.000458
-0.000463
-0.000467
-0.000471
-0.000476
-0.000480
-0.000485
-0.000489
-0.000494
-0.000498
-0.000503
-0.000507
-0.000512
-0.000516
-0.000521
-0.000525
-0.000529
-0.000534
-0.000538
-0.000542
-0.000547
-0.000551
-0.000555
-0.000559
-0.000563
-0.000567
-0.000571
-0.000575
-0.000579
-0.000583
-0.000587
-0.000591
-0.000594
-0.000598
-0.000602
-0.000606
-0.000610
-0.000614
-0.000618
-0.000622
-0.000626
-0.000630
-0.000634
-0.000638
-0.000643
-0.000647
-0.000651
-0.000655
-0.000660
-0.000664
-0.000668
-0.000673
-0.000677
-0.000682
-0.000686
-0.000690
-0.000695
-0.000699
-0.000704
-0.000708
-0.000712
-0.000717
-0.000721
-0.000725
-0.000729
-0.000734
-0.000738
-0.000742
-0.000746
-0.000750
-0.000754
-0.000758
-0.000762
-0.000766
-0.000770
-0.000774
-0.000778
-0.000781
-0.000785
-0.000789
-0.000793
-0.000797
-0.000801
-0.000805
-0.000809
-0.000813
-0.000816
-0.000820
-0.000824
-0.000828
-0.000832
-0.000836
-0.000841
-0.000845
-0.000849
-0.000853
-0.000857
-0.000861
-0.000865
-0.000869
-0.000874
-0.000878
-0.000882
-0.000886
-0.000890
-0.000894
-0.000898
-0.000902
-0.000906
-0.000910
-0.000914
-0.000918
-0.000922
-0.000926
-0.000930
-0.000934
-0.000937
-0.000941
-0.000945
-0.000948
-0.000952
-0.000956
-0.000959
-0.000963
-0.000967
-0.000970
-0.000974
-0.000977
-0.000981
-0.000984
-0.000988
-0.000992
-0.000995
-0.000999
-0.001002
-0.001006
-0.001010
-0.001013
-0.001017
-0.001021
-0.001024
-0.001028
-0.001032
-0.001035
-0.001039
-0.001042
-0.001046
-0.001050
-0.001053
-0.001057
-0.001061
-0.001064
-0.001068
-0.001071
-0.001075
-0.001078
-0.001081
-0.001085
-0.001088
-0.001092
-0.001095
-0.001098
-0.001101
-0.001104
-0.000941
-0.001144
-0.001208
-0.001069
-0.001174
-0.001076
-0.001209
-0.001120
-0.001247
-0.001142
-0.001251
-0.001132
-0.001233
-0.001113
-0.001219
-0.001104
-0.001302
-0.001154
-0.001233
-0.001100
-0.001291
-0.001145
-0.001319
-0.001157
-0.001321
-0.001155
-0.001321
-0.001159
-0.001328
-0.001166
-0.001334
-0.001169
-0.001333
-0.001164
-0.001325
-0.001153
-0.001314
-0.001142
-0.001303
-0.001131
-0.001293
-0.001121
-0.001284
-0.001112
-0.001276
-0.001194
-0.001152
-0.001326
-0.001160
-0.001325
-0.001239
-0.001191
-0.001360
-0.001190
-0.001353
-0.001265
-0.001216
-0.001385
-0.001212
-0.001372
-0.001280
-0.001227
-0.001393
-0.001305
-0.001252
-0.001415
-0.001322
-0.001263
-0.001421
-0.001323
-0.001260
-0.001416
-0.001316
-0.001251
-0.001406
-0.001304
-0.001237
-0.001391
-0.001287
-0.001220
-0.001374
-0.001270
-0.001204
-0.001360
-0.001257
-0.001193
-0.001351
-0.001250
-0.001188
-0.001349
-0.001251
-0.001192
-0.001356
-0.001260
-0.001203
-0.001370
-0.001276
-0.001220
-0.001390
-0.001296
-0.001242
-0.001412
-0.001319
-0.001264
-0.001435
-0.001340
-0.001284
-0.001454
-0.001358
-0.001300
-0.001468
-0.001369
-0.001309
-0.001475
-0.001373
-0.001310
-0.001475
-0.001370
-0.001305
-0.001468
-0.001361
-0.001294
-0.001457
-0.001349
-0.001281
-0.001443
-0.001334
-0.001267
-0.001249
-0.001451
-0.001361
-0.001292
-0.001262
-0.001267
-0.001294
-0.001328
-0.001354
-0.001368
-0.001369
-0.001362
-0.001353
-0.001346
-0.001345
-0.001348
-0.001354
-0.001361
-0.001367
-0.001371
-0.001374
-0.001375
-0.001375
-0.001376
-0.001377
-0.001378
-0.001379
-0.001380
-0.001380
-0.001380
-0.001380
-0.001379
-0.001377
-0.001376
-0.001374
-0.001372
-0.001370
-0.001368
-0.001365
-0.001363
-0.001361
-0.001358
-0.001356
-0.001353
-0.001351
-0.001349
-0.001348
-0.001346
-0.001345
-0.001344
-0.001343
-0.001342
-0.001342
-0.001342
-0.001342
-0.001342
-0.001343
-0.001344
-0.001345
-0.001346
-0.001347
-0.001348
-0.001350
-0.001351
-0.001352
-0.001353
-0.001354
-0.001355
-0.001356
-0.001357
-0.001357
-0.001358
-0.001358
-0.001357
-0.001357
-0.001356
-0.001355
-0.001354
-0.001352
-0.001351
-0.001349
-0.001347
-0.001345
-0.001342
-0.001340
-0.001337
-0.001335
-0.001332
-0.001330
-0.001327
-0.001325
-0.001323
-0.001320
-0.001318
-0.001316
-0.001315
-0.001313
-0.001312
-0.001310
-0.001309
-0.001309
-0.001308
-0.001307
-0.001307
-0.001307
-0.001307
-0.001307
-0.001307
-0.001307
-0.001307
-0.001308
-0.001308
-0.001308
-0.001308
-0.001308
-0.001308
-0.001308
-0.001307
-0.001307
-0.001306
-0.001305
-0.001304
-0.001303
-0.001302
-0.001300
-0.001299
-0.001297
-0.001295
-0.001293
-0.001291
-0.001288
-0.001286
-0.001284
-0.001281
-0.001279
-0.001276
-0.001274
-0.001271
-0.001269
-0.001267
-0.001264
-0.001262
-0.001260
-0.001259
-0.001257
-0.001255
-0.001254
-0.001253
-0.001252
-0.001251
-0.001250
-0.001249
-0.001248
-0.001248
-0.001247
-0.001247
-0.001246
-0.001246
-0.001246
-0.001245
-0.001245
-0.001244
-0.001244
-0.001243
-0.001243
-0.001242
-0.001241
-0.001240
-0.001239
-0.001238
-0.001236
-0.001235
-0.001233
-0.001231
-0.001230
-0.001228
-0.001226
-0.001224
-0.001221
-0.001219
-0.001217
-0.001215
-0.001213
-0.001210
-0.001208
-0.001206
-0.001204
-0.001202
-0.001200
-0.001198
-0.001196
-0.001195
-0.001193
-0.001192
-0.001190
-0.001189
-0.001188
-0.001187
-0.001186
-0.001185
-0.001184
-0.001184
-0.001183
-0.001182
-0.001182
-0.001181
-0.001181
-0.001180
-0.001179
-0.001179
-0.001178
-0.001177
-0.001177
-0.001176
-0.001175
-0.001174
-0.001173
-0.001172
-0.001170
-0.001169
-0.001168
-0.001166
-0.001165
-0.001163
-0.001161
-0.001159
-0.001158
-0.001156
-0.001154
-0.001152
-0.001150
-0.001149
-0.001147
-0.001145
-0.001143
-0.001142
-0.001140
-0.001138
-0.001137
-0.001136
-0.001134
-0.001133
-0.001132
-0.001131
-0.001130
-0.001129
-0.001128
-0.001128
-0.001127
-0.001126
-0.001126
-0.001125
-0.001125
-0.001124
-0.001123
-0.001123
-0.001122
-0.001122
-0.001121
-0.001121
-0.001120
-0.001119
-0.001118
-0.001118
-0.001117
-0.001116
-0.001115
-0.001114
-0.001113
-0.001111
-0.001110
-0.001109
-0.001108
-0.001106
-0.001105
-0.001103
-0.001102
-0.001100
-0.001099
-0.001098
-0.001096
-0.001095
-0.001094
-0.001092
-0.001091
-0.001090
-0.001089
-0.001088
-0.001086
-0.001086
-0.001085
-0.001084
-0.001083
-0.001082
-0.001082
-0.001081
-0.001080
-0.001080
-0.001079
-0.001079
-0.001078
-0.001078
-0.001077
-0.001077
-0.001077
-0.001076
-0.001076
-0.001075
-0.001074
-0.001074
-0.001073
-0.001072
-0.001072
-0.001071
-0.001070
-0.001069
-0.001068
-0.001067
-0.001066
-0.001065
-0.001064
-0.001063
-0.001062
-0.001061
-0.001060
-0.001058
-0.001057
-0.001056
-0.001055
-0.001054
-0.001053
-0.001051
-0.001050
-0.001049
-0.001048
-0.001047
-0.001046
-0.001046
-0.001045
-0.001044
-0.001043
-0.001043
-0.001042
-0.001041
-0.001041
-0.001040
-0.001039
-0.001039
-0.001038
-0.001038
-0.001037
-0.001037
-0.001036
-0.001036
-0.001035
-0.001034
-0.001034
-0.001033
-0.001032
-0.001031
-0.001031
-0.001030
-0.001029
-0.001028
-0.001027
-0.001026
-0.001025
-0.001024
-0.001023
-0.001022
-0.001020
-0.001019
-0.001018
-0.001017
-0.001016
-0.001014
-0.001013
-0.001012
-0.001011
-0.001009
-0.001008
-0.001007
-0.001006
-0.001005
-0.001004
-0.001003
-0.001002
-0.001001
-0.001000
-0.000999
-0.000998
-0.000997
-0.000996
-0.000995
-0.000994
-0.000993
-0.000992
-0.000991
-0.000990
-0.000989
-0.000988
-0.000988
-0.000987
-0.000986
-0.000984
-0.000983
-0.000982
-0.000981
-0.000980
-0.000979
-0.000977
-0.000976
-0.000975
-0.000973
-0.000972
-0.000970
-0.000969
-0.000967
-0.000966
-0.000964
-0.000963
-0.000961
-0.000959
-0.000958
-0.000956
-0.000954
-0.000953
-0.000951
-0.000949
-0.000948
-0.000946
-0.000944
-0.000943
-0.000941
-0.000940
-0.000938
-0.000936
-0.000935
-0.000933
-0.000932
-0.000930
-0.000928
-0.000927
-0.000925
-0.000924
-0.000922
-0.000920
-0.000919
-0.000917
-0.000915
-0.000914
-0.000912
-0.000910
-0.000908
-0.000906
-0.000904
-0.000902
-0.000900
-0.000898
-0.000896
-0.000894
-0.000892
-0.000890
-0.000888
-0.000885
-0.000883
-0.000881
-0.000878
-0.000876
-0.000874
-0.000871
-0.000869
-0.000866
-0.000864
-0.000861
-0.000859
-0.000856
-0.000854
-0.000851
-0.000849
-0.000846
-0.000844
-0.000841
-0.000839
-0.000836
-0.000834
-0.000831
-0.000829
-0.000826
-0.000823
-0.000821
-0.000818
-0.000816
-0.000813
-0.000810
-0.000808
-0.000805
-0.000802
-0.000799
-0.000796
-0.000794
-0.000791
-0.000788
-0.000785
-0.000782
-0.000779
-0.000776
-0.000772
-0.000769
-0.000766
-0.000763
-0.000759
-0.000756
-0.000753
-0.000749
-0.000746
-0.000742
-0.000739
-0.000735
-0.000732
-0.000728
-0.000725
-0.000721
-0.000718
-0.000714
-0.000710
-0.000707
-0.000703
-0.000699
-0.000696
-0.000692
-0.000688
-0.000685
-0.000681
-0.000677
-0.000673
-0.000669
-0.000666
-0.000662
-0.000658
-0.000654
-0.000650
-0.000646
-0.000642
-0.000638
-0.000634
-0.000630
-0.000626
-0.000622
-0.000618
-0.000614
-0.000609
-0.000605
-0.000601
-0.000596
-0.000592
-0.000587
-0.000583
-0.000578
-0.000574
-0.000569
-0.000565
-0.000560
-0.000555
-0.000551
-0.000546
-0.000541
-0.000536
-0.000532
-0.000527
-0.000522
-0.000517
-0.000512
-0.000507
-0.000502
-0.000498
-0.000493
-0.000488
-0.000483
-0.000478
-0.000473
-0.000468
-0.000463
-0.000458
-0.000453
-0.000447
-0.000442
-0.000437
-0.000432
-0.000427
-0.000422
-0.000416
-0.000411
-0.000406
-0.000400
-0.000395
-0.000389
-0.000384
-0.000379
-0.000373
-0.000367
-0.000362
-0.000356
-0.000351
-0.000345
-0.000339
-0.000333
-0.000328
-0.000322
-0.000316
-0.000310
-0.000304
-0.000298
-0.000292
-0.000287
-0.000281
-0.000275
-0.000269
-0.000263
-0.000257
-0.000250
-0.000244
-0.000238
-0.000232
-0.000226
-0.000220
-0.000214
-0.000208
-0.000202
-0.000195
-0.000189
-0.000183
-0.000177
-0.000171
-0.000164
-0.000158
-0.000152
-0.000145
-0.000139
-0.000133
-0.000126
-0.000120
-0.000113
-0.000107
-0.000100
-0.000094
-0.000087
-0.000081
-0.000074
-0.000068
-0.000061
-0.000054
-0.000048
-0.000041
-0.000034
-0.000027
-0.000021
-0.000014
-0.000007
-0.000000
0.000007
0.000013
0.000020
0.000027
0.000034
0.000041
0.000048
0.000055
0.000061
0.000068
0.000075
0.000082
0.000089
0.000096
0.000103
0.000110
0.000117
0.000124
0.000131
0.000138
0.000145
0.000152
0.000159
0.000166
0.000173
0.000180
0.000187
0.000194
0.000201
0.000208
0.000216
0.000223
0.000230
0.000237
0.000244
0.000251
0.000259
0.000266
0.000273
0.000280
0.000287
0.000295
0.000302
0.000309
0.000316
0.000324
0.000331
0.000338
0.000346
0.000353
0.000360
0.000367
0.000375
0.000382
0.000389
0.000396
0.000404
0.000411
0.000418
0.000425
0.000433
0.000440
0.000447
0.000454
0.000462
0.000469
0.000476
0.000483
0.000491
0.000498
0.000505
0.000512
0.000520
0.000527
0.000534
0.000541
0.000548
0.000556
0.000563
0.000570
0.000577
0.000585
0.000592
0.000599
0.000606
0.000614
0.000621
0.000628
0.000635
0.000642
0.000650
0.000657
0.000664
0.000671
0.000678
0.000685
0.000692
0.000700
0.000707
0.000714
0.000721
0.000728
0.000735
0.000742
0.000749
0.000756
0.000763
0.000770
0.000777
0.000784
0.000791
0.000798
0.000805
0.000812
0.000819
0.000826
0.000832
0.000839
0.000846
0.000853
0.000860
0.000867
0.000873
0.000880
0.000887
0.000894
0.000900
0.000907
0.000914
0.000921
0.000927
0.000934
0.000941
0.000947
0.000954
0.000960
0.000967
0.000974
0.000980
0.000987
0.000993
0.001000
0.001006
0.001013
0.001019
0.001025
0.001032
0.001038
0.001044
0.001051
0.001057
0.001063
0.001070
0.001076
0.001082
0.001088
0.001094
0.001100
0.001107
0.001113
0.001119
0.001125
0.001131
0.001137
0.001143
0.001149
0.001155
0.001160
0.001166
0.001172
0.001178
0.001184
0.001190
0.001195
0.001201
0.001207
0.001213
0.001218
0.001224
0.001229
0.001235
0.001241
0.001246
0.001252
0.001257
0.001263
0.001268
0.001274
0.001279
0.001284
0.001290
0.001295
0.001300
0.001305
0.001311
0.001316
0.001321
0.001326
0.001331
0.001336
0.001341
0.001346
0.001351
0.001356
0.001361
0.001366
0.001371
0.001376
0.001380
0.001385
0.001390
0.001395
0.001399
0.001404
0.001408
0.001413
0.001418
0.001422
0.001427
0.001431
0.001436
0.001440
0.001444
0.001449
0.001453
0.001457
0.001462
0.001466
0.001470
0.001474
0.001479
0.001483
0.001487
0.001491
0.001495
0.001499
0.001503
0.001507
0.001511
0.001514
0.001518
0.001522
0.001526
0.001530
0.001533
0.001537
0.001541
0.001544
0.001548
0.001551
0.001555
0.001558
0.001562
0.001565
0.001569
0.001572
0.001575
0.001579
0.001582
0.001585
0.001588
0.001591
0.001595
0.001598
0.001601
0.001604
0.001607
0.001610
0.001613
0.001616
0.001618
0.001621
0.001624
0.001627
0.001630
0.001632
0.001635
0.001638
0.001640
0.001643
0.001646
0.001648
0.001651
0.001653
0.001656
0.001658
0.001660
0.001663
0.001665
0.001667
0.001669
0.001672
0.001674
0.001676
0.001678
0.001680
0.001508
0.001721
0.001787
0.001636
0.001835
0.001690
0.001797
0.001682
0.001810
0.001702
0.001827
0.001707
0.001817
0.001686
0.001882
0.001710
0.001785
0.001637
0.001837
0.001678
0.001859
0.001682
0.001852
0.001670
0.001842
0.001664
0.001840
0.001665
0.001842
0.001664
0.001838
0.001657
0.001829
0.001646
0.001819
0.001636
0.001810
0.001629
0.001803
0.001622
0.001798
0.001616
0.001793
0.001613
0.001791
0.001704
0.001842
0.001629
0.001791
0.001702
0.001851
0.001650
0.001823
0.001646
0.001835
0.001662
0.001847
0.001665
0.001841
0.001652
0.001828
0.001733
0.001869
0.001649
0.001813
0.001719
0.001867
0.001658
0.001830
0.001738
0.001883
0.001666
0.001832
0.001733
0.001874
0.001748
0.001870
0.001734
0.001857
0.001726
0.001856
0.001730
0.001860
0.001730
0.001855
0.001720
0.001842
0.001705
0.001827
0.001689
0.001811
0.001673
0.001796
0.001658
0.001781
0.001643
0.001767
0.001629
0.001755
0.001619
0.001746
0.001611
0.001741
0.001608
0.001740
0.001607
0.001741
0.001610
0.001746
0.001616
0.001754
0.001624
0.001763
0.001634
0.001773
0.001644
0.001784
0.001654
0.001793
0.001662
0.001801
0.001669
0.001807
0.001673
0.001810
0.001674
0.001810
0.001672
0.001806
0.001666
0.001800
0.001658
0.001790
0.001647
0.001779
0.001634
0.001766
0.001620
0.001751
0.001606
0.001737
0.001591
0.001724
0.001578
0.001712
0.001566
0.001701
0.001557
0.001693
0.001550
0.001688
0.001545
0.001685
0.001543
0.001684
0.001543
0.001686
0.001546
0.001689
0.001549
0.001694
0.001554
0.001699
0.001558
0.001704
0.001562
0.001708
0.001565
0.001710
0.001567
0.001711
0.001566
0.001710
0.001564
0.001706
0.001558
0.001700
0.001551
0.001692
0.001541
0.001682
0.001530
0.001670
0.001518
0.001658
0.001504
0.001645
0.001491
0.001632
0.001478
0.001619
0.001465
0.001608
0.001454
0.001598
0.001445
0.001590
0.001437
0.001584
0.001432
0.001579
0.001428
0.001576
0.001426
0.001575
0.001425
0.001575
0.001425
0.001576
0.001425
0.001577
0.001426
0.001578
0.001426
0.001578
0.001425
0.001577
0.001423
0.001574
0.001420
0.001570
0.001414
0.001565
0.001408
0.001557
0.001399
0.001548
0.001389
0.001538
0.001378
0.001527
0.001366
0.001514
0.001353
0.001502
0.001341
0.001490
0.001328
0.001478
0.001317
0.001467
0.001306
0.001457
0.001297
0.001449
0.001288
0.001442
0.001282
0.001436
0.001276
0.001432
0.001272
0.001428
0.001269
0.001426
0.001267
0.001424
0.001264
0.001422
0.001262
0.001420
0.001260
0.001417
0.001256
0.001414
0.001252
0.001410
0.001247
0.001404
0.001241
0.001397
0.001233
0.001389
0.001224
0.001380
0.001214
0.001370
0.001203
0.001359
0.001192
0.001347
0.001180
0.001336
0.001169
0.001324
0.001157
0.001313
0.001146
0.001303
0.001136
0.001293
0.001127
0.001285
0.001118
0.001277
0.001111
0.001271
0.001105
0.001265
0.001100
0.001260
0.001095
0.001256
0.001091
0.001252
0.001087
0.001248
0.001083
0.001245
0.001079
0.001241
0.001075
0.001236
0.001069
0.001230
0.001063
0.001224
0.001056
0.001217
0.001049
0.001208
0.001040
0.000975
0.001223
0.001096
0.001029
0.001023
0.001281
0.001131
0.001028
0.000995
0.001241
0.001092
0.000998
0.000974
0.001225
0.001076
0.000979
0.000952
0.001200
0.001050
0.000954
0.000927
0.001177
0.001028
0.000932
0.000906
0.001157
0.001008
0.000913
0.000888
0.001140
0.000992
0.000899
0.000875
0.001128
0.000981
0.000888
0.000865
0.000893
0.000940
0.000979
0.000997
0.000995
0.000982
0.000967
0.000957
0.000953
0.000954
0.000955
0.000956
0.000954
0.000950
0.000945
0.000938
0.000932
0.000926
0.000920
0.000914
0.000908
0.000901
0.000894
0.000887
0.000879
0.000872
0.000865
0.000858
0.000852
0.000845
0.000839
0.000833
0.000828
0.000823
0.000818
0.000814
0.000810
0.000807
0.000804
0.000801
0.000799
0.000797
0.000796
0.000795
0.000794
0.000793
0.000792
0.000792
0.000791
0.000790
0.000790
0.000789
0.000788
0.000787
0.000785
0.000784
0.000782
0.000779
0.000777
0.000773
0.000770
0.000766
0.000762
0.000758
0.000753
0.000748
0.000742
0.000737
0.000731
0.000725
0.000719
0.000713
0.000706
0.000700
0.000694
0.000688
0.000683
0.000677
0.000672
0.000667
0.000662
0.000657
0.000653
0.000649
0.000645
0.000642
0.000639
0.000637
0.000634
0.000632
0.000630
0.000629
0.000627
0.000626
0.000625
0.000623
0.000622
0.000621
0.000620
0.000618
0.000617
0.000615
0.000613
0.000611
0.000609
0.000606
0.000603
0.000600
0.000597
0.000593
0.000589
0.000585
0.000581
0.000576
0.000571
0.000566
0.000561
0.000556
0.000551
0.000545
0.000540
0.000534
0.000529
0.000524
0.000519
0.000514
0.000509
0.000505
0.000500
0.000496
0.000492
0.000488
0.000485
0.000482
0.000479
0.000476
0.000474
0.000471
0.000469
0.000467
0.000465
0.000464
0.000462
0.000460
0.000458
0.000457
0.000455
0.000453
0.000451
0.000449
0.000447
0.000444
0.000442
0.000439
0.000436
0.000433
0.000429
0.000426
0.000422
0.000418
0.000414
0.000409
0.000405
0.000400
0.000395
0.000391
0.000386
0.000381
0.000376
0.000371
0.000366
0.000361
0.000357
0.000352
0.000348
0.000344
0.000340
0.000336
0.000332
0.000329
0.000325
0.000322
0.000319
0.000316
0.000314
0.000311
0.000309
0.000306
0.000304
0.000302
0.000300
0.000297
0.000295
0.000293
0.000291
0.000289
0.000286
0.000284
0.000281
0.000278
0.000275
0.000272
0.000269
0.000265
0.000262
0.000258
0.000254
0.000250
0.000246
0.000242
0.000237
0.000233
0.000228
0.000224
0.000219
0.000215
0.000210
0.000205
0.000201
0.000196
0.000192
0.000188
0.000184
0.000180
0.000176
0.000172
0.000168
0.000165
0.000161
0.000158
0.000155
0.000152
0.000149
0.000146
0.000144
0.000141
0.000138
0.000136
0.000133
0.000130
0.000128
0.000125
0.000122
0.000120
0.000117
0.000114
0.000111
0.000107
0.000104
0.000101
0.000097
0.000093
0.000090
0.000086
0.000082
0.000078
0.000073
0.000069
0.000065
0.000060
0.000056
0.000051
0.000047
0.000042
0.000038
0.000033
0.000029
0.000025
0.000021
0.000016
0.000012
0.000008
0.000004
0.000001
-0.000003
-0.000007
-0.000010
-0.000014
-0.000017
-0.000020
-0.000023
-0.000026
-0.000029
-0.000033
-0.000036
-0.000039
-0.000042
-0.000045
-0.000048
-0.000051
-0.000054
-0.000057
-0.000061
-0.000064
-0.000068
-0.000071
-0.000075
-0.000079
-0.000082
-0.000086
-0.000090
-0.000095
-0.000099
-0.000103
-0.000107
-0.000112
-0.000116
-0.000121
-0.000125
-0.000130
-0.000134
-0.000138
-0.000143
-0.000147
-0.000152
-0.000156
-0.000160
-0.000164
-0.000168
-0.000172
-0.000176
-0.000180
-0.000184
-0.000188
-0.000191
-0.000195
-0.000198
-0.000202
-0.000205
-0.000209
-0.000212
-0.000216
-0.000219
-0.000222
-0.000226
-0.000229
-0.000233
-0.000236
-0.000240
-0.000244
-0.000247
-0.000251
-0.000255
-0.000259
-0.000263
-0.000267
-0.000271
-0.000275
-0.000280
-0.000284
-0.000288
-0.000293
-0.000297
-0.000301
-0.000306
-0.000310
-0.000315
-0.000319
-0.000324
-0.000328
-0.000333
-0.000337
-0.000341
-0.000346
-0.000350
-0.000354
-0.000358
-0.000362
-0.000366
-0.000370
-0.000374
-0.000378
-0.000382
-0.000386
-0.000389
-0.000393
-0.000397
-0.000401
-0.000404
-0.000408
-0.000412
-0.000415
-0.000419
-0.000423
-0.000427
-0.000431
-0.000434
-0.000438
-0.000442
-0.000446
-0.000451
-0.000455
-0.000459
-0.000463
-0.000468
-0.000472
-0.000476
-0.000481
-0.000485
-0.000490
-0.000494
-0.000499
-0.000503
-0.000507
-0.000512
-0.000516
-0.000521
-0.000525
-0.000530
-0.000534
-0.000538
-0.000543
-0.000547
-0.000551
-0.000555
-0.000559
-0.000563
-0.000567
-0.000571
-0.000575
-0.000579
-0.000583
-0.000587
-0.000591
-0.000595
-0.000598
-0.000602
-0.000606
-0.000610
-0.000614
-0.000618
-0.000622
-0.000626
-0.000630
-0.000634
-0.000638
-0.000642
-0.000646
-0.000651
-0.000655
-0.000659
-0.000663
-0.000668
-0.000672
-0.000677
-0.000681
-0.000685
-0.000690
-0.000694
-0.000698
-0.000703
-0.000707
-0.000712
-0.000716
-0.000720
-0.000724
-0.000729
-0.000733
-0.000737
-0.000741
-0.000745
-0.000749
-0.000753
-0.000757
-0.000761
-0.000765
-0.000769
-0.000773
-0.000777
-0.000781
-0.000785
-0.000788
-0.000792
-0.000796
-0.000800
-0.000804
-0.000808
-0.000812
-0.000816
-0.000820
-0.000824
-0.000827
-0.000831
-0.000836
-0.000840
-0.000844
-0.000848
-0.000852
-0.000856
-0.000860
-0.000864
-0.000868
-0.000872
-0.000877
-0.000881
-0.000885
-0.000889
-0.000893
-0.000897
-0.000901
-0.000905
-0.000909
-0.000913
-0.000917
-0.000921
-0.000925
-0.000929
-0.000932
-0.000936
-0.000940
-0.000944
-0.000947
-0.000951
-0.000955
-0.000958
-0.000962
-0.000965
-0.000969
-0.000973
-0.000976
-0.000980
-0.000983
-0.000987
-0.000991
-0.000994
-0.000998
-0.001001
-0.001005
-0.001008
-0.001012
-0.001016
-0.001019
-0.001023
-0.001027
-0.001030
-0.001034
-0.001038
-0.001041
-0.001045
-0.001048
-0.001052
-0.001056
-0.001059
-0.001063
-0.001066
-0.001070
-0.001073
-0.001077
-0.001080
-0.001084
-0.001087
-0.001090
-0.001094
-0.001097
-0.001100
-0.001103
-0.001107
-0.000943
-0.001146
-0.001210
-0.001071
-0.001176
-0.001078
-0.001211
-0.001122
-0.001249
-0.001144
-0.001253
-0.001134
-0.001235
-0.001115
-0.001221
-0.001106
-0.001304
-0.001156
-0.001235
-0.001102
-0.001293
-0.001147
-0.001321
-0.001158
-0.001323
-0.001157
-0.001323
-0.001161
-0.001330
-0.001168
-0.001336
-0.001171
-0.001335
-0.001165
-0.001327
-0.001155
-0.001316
-0.001144
-0.001305
-0.001133
-0.001295
-0.001123
-0.001285
-0.001114
-0.001277
-0.001196
-0.001153
-0.001327
-0.001162
-0.001326
-0.001241
-0.001193
-0.001362
-0.001192
-0.001354
-0.001267
-0.001218
-0.001386
-0.001213
-0.001373
-0.001282
-0.001229
-0.001394
-0.001306
-0.001254
-0.001417
-0.001324
-0.001265
-0.001423
-0.001324
-0.001262
-0.001418
-0.001317
-0.001253
-0.001407
-0.001305
-0.001239
-0.001392
-0.001288
-0.001222
-0.001375
-0.001271
-0.001205
-0.001361
-0.001258
-0.001194
-0.001352
-0.001252
-0.001190
-0.001351
-0.001252
-0.001193
-0.001357
-0.001261
-0.001204
-0.001371
-0.001277
-0.001222
-0.001391
-0.001298
-0.001243
-0.001413
-0.001320
-0.001265
-0.001436
-0.001341
-0.001286
-0.001455
-0.001359
-0.001301
-0.001469
-0.001370
-0.001310
-0.001476
-0.001374
-0.001311
-0.001476
-0.001371
-0.001306
-0.001469
-0.001363
-0.001296
-0.001458
-0.001350
-0.001282
-0.001444
-0.001335
-0.001268
-0.001250
-0.001452
-0.001362
-0.001294
-0.001263
-0.001268
-0.001295
-0.001329
-0.001355
-0.001369
-0.001370
-0.001363
-0.001354
-0.001347
-0.001346
-0.001349
-0.001355
-0.001362
-0.001368
-0.001372
-0.001375
-0.001376
-0.001376
-0.001377
-0.001378
-0.001379
-0.001380
-0.001381
-0.001381
-0.001381
-0.001381
-0.001380
-0.001378
-0.001376
-0.001375
-0.001373
-0.001371
-0.001369
-0.001366
-0.001364
-0.001361
-0.001359
-0.001357
-0.001354
-0.001352
-0.001350
-0.001349
-0.001347
-0.001346
-0.001345
-0.001344
-0.001343
-0.001343
-0.001343
-0.001343
-0.001343
-0.001344
-0.001345
-0.001346
-0.001347
-0.001348
-0.001349
-0.001350
-0.001352
-0.001353
-0.001354
-0.001355
-0.001356
-0.001357
-0.001358
-0.001358
-0.001358
-0.001358
-0.001358
-0.001358
-0.001357
-0.001356
-0.001355
-0.001353
-0.001352
-0.001350
-0.001348
-0.001345
-0.001343
-0.001341
-0.001338
-0.001336
-0.001333
-0.001331
-0.001328
-0.001326
-0.001323
-0.001321
-0.001319
-0.001317
-0.001315
-0.001314
-0.001312
-0.001311
-0.001310
-0.001309
-0.001309
-0.001308
-0.001308
-0.001308
-0.001307
-0.001307
-0.001308
-0.001308
-0.001308
-0.001308
-0.001308
-0.001309
-0.001309
-0.001309
-0.001309
-0.001308
-0.001308
-0.001308
-0.001307
-0.001306
-0.001305
-0.001304
-0.001303
-0.001301
-0.001299
-0.001298
-0.001296
-0.001294
-0.001291
-0.001289
-0.001287
-0.001284
-0.001282
-0.001279
-0.001277
-0.001274
-0.001272
-0.001269
-0.001267
-0.001265
-0.001263
-0.001261
-0.001259
-0.001257
-0.001256
-0.001254
-0.001253
-0.001252
-0.001251
-0.001250
-0.001249
-0.001249
-0.001248
-0.001248
-0.001247
-0.001247
-0.001247
-0.001246
-0.001246
-0.001245
-0.001245
-0.001244
-0.001244
-0.001243
-0.001242
-0.001241
-0.001240
-0.001239
-0.001238
-0.001237
-0.001235
-0.001234
-0.001232
-0.001230
-0.001228
-0.001226
-0.001224
-0.001222
-0.001220
-0.001217
-0.001215
-0.001213
-0.001211
-0.001209
-0.001206
-0.001204
-0.001202
-0.001200
-0.001198
-0.001197
-0.001195
-0.001193
-0.001192
-0.001191
-0.001189
-0.001188
-0.001187
-0.001186
-0.001185
-0.001185
-0.001184
-0.001183
-0.001183
-0.001182
-0.001182
-0.001181
-0.001180
-0.001180
-0.001179
-0.001179
-0.001178
-0.001177
-0.001176
-0.001175
-0.001174
-0.001173
-0.001172
-0.001171
-0.001169
-0.001168
-0.001167
-0.001165
-0.001163
-0.001162
-0.001160
-0.001158
-0.001156
-0.001154
-0.001153
-0.001151
-0.001149
-0.001147
-0.001145
-0.001144
-0.001142
-0.001140
-0.001139
-0.001137
-0.001136
-0.001135
-0.001133
-0.001132
-0.001131
-0.001130
-0.001129
-0.001129
-0.001128
-0.001127
-0.001127
-0.001126
-0.001125
-0.001125
-0.001124
-0.001124
-0.001123
-0.001123
-0.001122
-0.001122
-0.001121
-0.001120
-0.001120
-0.001119
-0.001118
-0.001117
-0.001116
-0.001115
-0.001114
-0.001113
-0.001112
-0.001110
-0.001109
-0.001108
-0.001106
-0.001105
-0.001104
-0.001102
-0.001101
-0.001099
-0.001098
-0.001097
-0.001095
-0.001094
-0.001092
-0.001091
-0.001090
-0.001089
-0.001088
-0.001087
-0.001086
-0.001085
-0.001084
-0.001083
-0.001083
-0.001082
-0.001081
-0.001081
-0.001080
-0.001080
-0.001079
-0.001079
-0.001078
-0.001078
-0.001077
-0.001077
-0.001076
-0.001076
-0.001075
-0.001075
-0.001074
-0.001073
-0.001073
-0.001072
-0.001071
-0.001070
-0.001069
-0.001069
-0.001068
-0.001067
-0.001065
-0.001064
-0.001063
-0.001062
-0.001061
-0.001060
-0.001059
-0.001057
-0.001056
-0.001055
-0.001054
-0.001053
-0.001052
-0.001051
-0.001050
-0.001049
-0.001048
-0.001047
-0.001046
-0.001045
-0.001044
-0.001043
-0.001043
-0.001042
-0.001041
-0.001041
-0.001040
-0.001040
-0.001039
-0.001039
-0.001038
-0.001037
-0.001037
-0.001036
-0.001036
-0.001035
-0.001034
-0.001034
-0.001033
-0.001032
-0.001032
-0.001031
-0.001030
-0.001029
-0.001028
-0.001027
-0.001026
-0.001025
-0.001024
-0.001023
-0.001022
-0.001021
-0.001019
-0.001018
-0.001017
-0.001016
-0.001014
-0.001013
-0.001012
-0.001011
-0.001010
-0.001008
-0.001007
-0.001006
-0.001005
-0.001004
-0.001003
-0.001002
-0.001001
-0.001000
-0.000999
-0.000998
-0.000997
-0.000996
-0.000995
-0.000994
-0.000993
-0.000992
-0.000991
-0.000991
-0.000990
-0.000989
-0.000988
-0.000987
-0.000986
-0.000985
-0.000984
-0.000982
-0.000981
-0.000980
-0.000979
-0.000977
-0.000976
-0.000975
-0.000973
-0.000972
-0.000970
-0.000969
-0.000967
-0.000966
-0.000964
-0.000963
-0.000961
-0.000959
-0.000958
-0.000956
-0.000954
-0.000953
-0.000951
-0.000949
-0.000948
-0.000946
-0.000945
-0.000943
-0.000941
-0.000940
-0.000938
-0.000936
-0.000935
-0.000933
-0.000932
-0.000930
-0.000929
-0.000927
-0.000925
-0.000924
-0.000922
-0.000921
-0.000919
-0.000917
-0.000916
-0.000914
-0.000912
-0.000910
-0.000908
-0.000906
-0.000905
-0.000903
-0.000901
-0.000899
-0.000896
-0.000894
-0.000892
-0.000890
-0.000888
-0.000885
-0.000883
-0.000881
-0.000879
-0.000876
-0.000874
-0.000871
-0.000869
-0.000866
-0.000864
-0.000861
-0.000859
-0.000856
-0.000854
-0.000851
-0.000849
-0.000846
-0.000844
-0.000841
-0.000839
-0.000836
-0.000834
-0.000831
-0.000829
-0.000826
-0.000824
-0.000821
-0.000818
-0.000816
-0.000813
-0.000810
-0.000808
-0.000805
-0.000802
-0.000799
-0.000797
-0.000794
-0.000791
-0.000788
-0.000785
-0.000782
-0.000779
-0.000776
-0.000772
-0.000769
-0.000766
-0.000763
-0.000759
-0.000756
-0.000753
-0.000749
-0.000746
-0.000742
-0.000739
-0.000735
-0.000732
-0.000728
-0.000725
-0.000721
-0.000718
-0.000714
-0.000710
-0.000707
-0.000703
-0.000699
-0.000696
-0.000692
-0.000688
-0.000685
-0.000681
-0.000677
-0.000673
-0.000670
-0.000666
-0.000662
-0.000658
-0.000654
-0.000650
-0.000646
-0.000642
-0.000638
-0.000634
-0.000630
-0.000626
-0.000622
-0.000618
-0.000614
-0.000609
-0.000605
-0.000601
-0.000596
-0.000592
-0.000588
-0.000583
-0.000579
-0.000574
-0.000569
-0.000565
-0.000560
-0.000555
-0.000551
-0.000546
-0.000541
-0.000537
-0.000532
-0.000527
-0.000522
-0.000517
-0.000512
-0.000507
-0.000503
-0.000498
-0.000493
-0.000488
-0.000483
-0.000478
-0.000473
-0.000468
-0.000463
-0.000458
-0.000453
-0.000447
-0.000442
-0.000437
-0.000432
-0.000427
-0.000422
-0.000416
-0.000411
-0.000406
-0.000400
-0.000395
-0.000390
-0.000384
-0.000379
-0.000373
-0.000368
-0.000362
-0.000356
-0.000351
-0.000345
-0.000339
-0.000333
-0.000328
-0.000322
-0.000316
-0.000310
-0.000304
-0.000298
-0.000293
-0.000287
-0.000281
-0.000275
-0.000269
-0.000263
-0.000257
-0.000251
-0.000245
-0.000238
-0.000232
-0.000226
-0.000220
-0.000214
-0.000208
-0.000202
-0.000196
-0.000189
-0.000183
-0.000177
-0.000171
-0.000164
-0.000158
-0.000152
-0.000146
-0.000139
-0.000133
-0.000126
-0.000120
-0.000114
-0.000107
-0.000101
-0.000094
-0.000087
-0.000081
-0.000074
-0.000068
-0.000061
-0.000054
-0.000048
-0.000041
-0.000034
-0.000028
-0.000021
-0.000014
-0.000007
-0.000000
0.000006
0.000013
0.000020
0.000027
0.000034
0.000041
0.000048
0.000055
0.000061
0.000068
0.000075
0.000082
0.000089
0.000096
0.000103
0.000110
0.000117
0.000124
0.000131
0.000138
0.000145
0.000152
0.000159
0.000166
0.000173
0.000180
0.000187
0.000194
0.000201
0.000208
0.000215
0.000223
0.000230
0.000237
0.000244
0.000251
0.000258
0.000266
0.000273
0.000280
0.000287
0.000295
0.000302
0.000309
0.000316
0.000324
0.000331
0.000338
0.000345
0.000353
0.000360
0.000367
0.000375
0.000382
0.000389
0.000396
0.000404
0.000411
0.000418
0.000425
0.000433
0.000440
0.000447
0.000454
0.000462
0.000469
0.000476
0.000483
0.000491
0.000498
0.000505
0.000512
0.000519
0.000527
0.000534
0.000541
0.000548
0.000556
0.000563
0.000570
0.000577
0.000585
0.000592
0.000599
0.000606
0.000613
0.000621
0.000628
0.000635
0.000642
0.000649
0.000657
0.000664
0.000671
0.000678
0.000685
0.000692
0.000700
0.000707
0.000714
0.000721
0.000728
0.000735
0.000742
0.000749
0.000756
0.000763
0.000770
0.000777
0.000784
0.000791
0.000798
0.000805
0.000812
0.000819
0.000826
0.000832
0.000839
0.000846
0.000853
0.000860
0.000867
0.000873
0.000880
0.000887
0.000894
0.000900
0.000907
0.000914
0.000921
0.000927
0.000934
0.000941
0.000947
0.000954
0.000960
0.000967
0.000974
0.000980
0.000987
0.000993
0.001000
0.001006
0.001013
0.001019
0.001025
0.001032
0.001038
0.001044
0.001051
0.001057
0.001063
0.001070
0.001076
0.001082
0.001088
0.001094
0.001100
0.001107
0.001113
0.001119
0.001125
0.001131
0.001137
0.001143
0.001149
0.001155
0.001160
0.001166
0.001172
0.001178
0.001184
0.001190
0.001195
0.001201
0.001207
0.001213
0.001218
0.001224
0.001229
0.001235
0.001241
0.001246
0.001252
0.001257
0.001263
0.001268
0.001273
0.001279
0.001284
0.001290
0.001295
0.001300
0.001305
0.001311
0.001316
0.001321
0.001326
0.001331
0.001336
0.001341
0.001346
0.001351
0.001356
0.001361
0.001366
0.001371
0.001376
0.001380
0.001385
0.001390
0.001395
0.001399
0.001404
0.001408
0.001413
0.001418
0.001422
0.001427
0.001431
0.001436
0.001440
0.001444
0.001449
0.001453
0.001457
0.001462
0.001466
0.001470
0.001474
0.001479
0.001483
0.001487
0.001491
0.001495
0.001499
0.001503
0.001507
0.001511
0.001514
0.001518
0.001522
0.001526
0.001530
0.001533
0.001537
0.001541
0.001544
0.001548
0.001551
0.001555
0.001558
0.001562
0.001565
0.001569
0.001572
0.001575
0.001579
0.001582
0.001585
0.001588
0.001591
0.001595
0.001598
0.001601
0.001604
0.001607
0.001610
0.001613
0.001616
0.001618
0.001621
0.001624
0.001627
0.001630
0.001632
0.001635
0.001638
0.001640
0.001643
0.001646
0.001648
0.001651
0.001653
0.001656
0.001658
0.001660
0.001663
0.001665
0.001667
0.001669
0.001672
0.001674
0.001676
0.001678
0.001680
0.001508
0.001721
0.001787
0.001636
0.001835
0.001690
0.001797
0.001682
0.001810
0.001702
0.001827
0.001707
0.001817
0.001686
0.001882
0.001710
0.001785
0.001637
0.001837
0.001678
0.001859
0.001682
0.001852
0.001670
0.001842
0.001664
0.001840
0.001665
0.001842
0.001664
0.001838
0.001657
0.001829
0.001646
0.001819
0.001636
0.001810
0.001629
0.001803
0.001622
0.001798
0.001616
0.001793
0.001613
0.001791
0.001704
0.001842
0.001629
0.001791
0.001702
0.001851
0.001650
0.001823
0.001646
0.001835
0.001662
0.001847
0.001665
0.001841
0.001652
0.001828
0.001733
0.001869
0.001649
0.001813
0.001719
0.001867
0.001658
0.001830
0.001738
0.001883
0.001666
0.001832
0.001733
0.001874
0.001748
0.001870
0.001734
0.001857
0.001726
0.001856
0.001730
0.001860
0.001730
0.001855
0.001720
0.001842
0.001705
0.001827
0.001689
0.001811
0.001673
0.001796
0.001658
0.001781
0.001643
0.001767
0.001629
0.001755
0.001619
0.001746
0.001611
0.001741
0.001608
0.001740
0.001607
0.001741
0.001610
0.001746
0.001616
0.001754
0.001624
0.001763
0.001634
0.001773
0.001644
0.001784
0.001654
0.001793
0.001662
0.001801
0.001669
0.001807
0.001673
0.001810
0.001674
0.001810
0.001672
0.001806
0.001666
0.001800
0.001658
0.001790
0.001647
0.001779
0.001634
0.001765
0.001620
0.001751
0.001606
0.001737
0.001591
0.001724
0.001578
0.001712
0.001566
0.001701
0.001557
0.001693
0.001550
0.001688
0.001545
0.001685
0.001543
0.001684
0.001543
0.001686
0.001546
0.001689
0.001549
0.001694
0.001554
0.001699
0.001558
0.001704
0.001562
0.001708
0.001565
0.001710
0.001567
0.001711
0.001566
0.001710
0.001564
0.001706
0.001558
0.001700
0.001551
0.001692
0.001541
0.001682
0.001530
0.001670
0.001518
0.001658
0.001504
0.001645
0.001491
0.001632
0.001478
0.001619
0.001465
0.001608
0.001454
0.001598
0.001445
0.001590
0.001437
0.001584
0.001432
0.001579
0.001428
0.001576
0.001426
0.001575
0.001425
0.001575
0.001425
0.001576
0.001425
0.001577
0.001426
0.001578
0.001426
0.001578
0.001425
0.001577
0.001423
0.001574
0.001420
0.001570
0.001414
0.001565
0.001408
0.001557
0.001399
0.001548
0.001389
0.001538
0.001378
0.001527
0.001366
0.001514
0.001353
0.001502
0.001341
0.001490
0.001328
0.001478
0.001317
0.001467
0.001306
0.001457
0.001297
0.001449
0.001288
0.001442
0.001282
0.001436
0.001276
0.001432
0.001272
0.001428
0.001269
0.001426
0.001267
0.001424
0.001264
0.001422
0.001262
0.001420
0.001260
0.001417
0.001256
0.001414
0.001252
0.001410
0.001247
0.001404
0.001241
0.001397
0.001233
0.001389
0.001224
0.001380
0.001214
0.001370
0.001204
0.001359
0.001192
0.001347
0.001180
0.001336
0.001169
0.001324
0.001157
0.001313
0.001146
0.001303
0.001136
0.001293
0.001127
0.001285
0.001118
0.001277
0.001111
0.001271
0.001105
0.001265
0.001100
0.001260
0.001095
0.001256
0.001091
0.001252
0.001087
0.001248
0.001083
0.001245
0.001079
0.001241
0.001075
0.001236
0.001069
0.001230
0.001063
0.001224
0.001056
0.001217
0.001049
0.001208
0.001040
0.000975
0.001223
0.001096
0.001029
0.001023
0.001282
0.001131
0.001028
0.000995
0.001241
0.001092
0.000998
0.000974
0.001225
0.001076
0.000979
0.000952
0.001200
0.001050
0.000954
0.000927
0.001177
0.001028
0.000932
0.000906
0.001157
0.001008
0.000913
0.000888
0.001140
0.000992
0.000899
0.000875
0.001128
0.000981
0.000888
0.000865
0.000893
0.000940
0.000979
0.000997
0.000995
0.000982
0.000968
0.000957
0.000953
0.000954
0.000955
0.000956
0.000954
0.000950
0.000945
0.000938
0.000932
0.000926
0.000920
0.000914
0.000908
0.000901
0.000894
0.000887
0.000879
0.000872
0.000865
0.000858
0.000852
0.000845
0.000839
0.000833
0.000828
0.000823
0.000818
0.000814
0.000810
0.000807
0.000804
0.000801
0.000799
0.000797
0.000796
0.000795
0.000794
0.000793
0.000792
0.000792
0.000791
0.000790
0.000790
0.000789
0.000788
0.000787
0.000785
0.000784
0.000782
0.000779
0.000777
0.000773
0.000770
0.000766
0.000762
0.000758
0.000753
0.000748
0.000742
0.000737
0.000731
0.000725
0.000719
0.000713
0.000706
0.000700
0.000694
0.000688
0.000683
0.000677
0.000672
0.000667
0.000662
0.000657
0.000653
0.000649
0.000645
0.000642
0.000639
0.000637
0.000634
0.000632
0.000630
0.000629
0.000627
0.000626
0.000625
0.000623
0.000622
0.000621
0.000620
0.000618
0.000617
0.000615
0.000613
0.000611
0.000609
0.000606
0.000603
0.000600
0.000597
0.000593
0.000589
0.000585
0.000581
0.000576
0.000571
0.000566
0.000561
0.000556
0.000551
0.000545
0.000540
0.000534
0.000529
0.000524
0.000519
0.000514
0.000509
0.000505
0.000500
0.000496
0.000492
0.000488
0.000485
0.000482
0.000479
0.000476
0.000474
0.000471
0.000469
0.000467
0.000465
0.000464
0.000462
0.000460
0.000458
0.000457
0.000455
0.000453
0.000451
0.000449
0.000447
0.000444
0.000442
0.000439
0.000436
0.000433
0.000429
0.000426
0.000422
0.000418
0.000414
0.000409
0.000405
0.000400
0.000395
0.000391
0.000386
0.000381
0.000376
0.000371
0.000366
0.000362
0.000357
0.000352
0.000348
0.000344
0.000340
0.000336
0.000332
0.000329
0.000325
0.000322
0.000319
0.000316
0.000314
0.000311
0.000309
0.000306
0.000304
0.000302
0.000300
0.000297
0.000295
0.000293
0.000291
0.000289
0.000286
0.000284
0.000281
0.000278
0.000275
0.000272
0.000269
0.000265
0.000262
0.000258
0.000254
0.000250
0.000246
0.000242
0.000237
0.000233
0.000228
0.000224
0.000219
0.000215
0.000210
0.000205
0.000201
0.000196
0.000192
0.000188
0.000184
0.000180
0.000176
0.000172
0.000168
0.000165
0.000161
0.000158
0.000155
0.000152
0.000149
0.000146
0.000144
0.000141
0.000138
0.000136
0.000133
0.000130
0.000128
0.000125
0.000122
0.000120
0.000117
0.000114
0.000111
0.000107
0.000104
0.000101
0.000097
0.000093
0.000090
0.000086
0.000082
0.000078
0.000073
0.000069
0.000065
0.000060
0.000056
0.000051
0.000047
0.000042
0.000038
0.000033
0.000029
0.000025
0.000021
0.000016
0.000012
0.000008
0.000004
0.000001
-0.000003
-0.000007
-0.000010
-0.000014
-0.000017
-0.000020
-0.000023
-0.000026
-0.000029
-0.000033
-0.000036
-0.000039
-0.000042
-0.000045
-0.000048
-0.000051
-0.000054
-0.000057
-0.000061
-0.000064
-0.000068
-0.000071
-0.000075
-0.000079
-0.000082
-0.000086
-0.000090
-0.000095
-0.000099
-0.000103
-0.000107
-0.000112
-0.000116
-0.000121
-0.000125
-0.000130
-0.000134
-0.000138
-0.000143
-0.000147
-0.000152
-0.000156
-0.000160
-0.000164
-0.000168
-0.000172
-0.000176
-0.000180
-0.000184
-0.000188
-0.000191
-0.000195
-0.000198
-0.000202
-0.000205
-0.000209
-0.000212
-0.000216
-0.000219
-0.000222
-0.000226
-0.000229
-0.000233
-0.000236
-0.000240
-0.000244
-0.000247
-0.000251
-0.000255
-0.000259
-0.000263
-0.000267
-0.000271
-0.000275
-0.000280
-0.000284
-0.000288
-0.000293
-0.000297
-0.000301
-0.000306
-0.000310
-0.000315
-0.000319
-0.000324
-0.000328
-0.000333
-0.000337
-0.000341
-0.000346
-0.000350
-0.000354
-0.000358
-0.000362
-0.000366
-0.000370
-0.000374
-0.000378
-0.000382
-0.000386
-0.000389
-0.000393
-0.000397
-0.000400
-0.000404
-0.000408
-0.000412
-0.000415
-0.000419
-0.000423
-0.000427
-0.000431
-0.000434
-0.000438
-0.000442
-0.000446
-0.000451
-0.000455
-0.000459
-0.000463
-0.000468
-0.000472
-0.000476
-0.000481
-0.000485
-0.000490
-0.000494
-0.000499
-0.000503
-0.000507
-0.000512
-0.000516
-0.000521
-0.000525
-0.000530
-0.000534
-0.000538
-0.000542
-0.000547
-0.000551
-0.000555
-0.000559
-0.000563
-0.000567
-0.000571
-0.000575
-0.000579
-0.000583
-0.000587
-0.000591
-0.000595
-0.000598
-0.000602
-0.000606
-0.000610
-0.000614
-0.000618
-0.000622
-0.000626
-0.000630
-0.000634
-0.000638
-0.000642
-0.000646
-0.000651
-0.000655
-0.000659
-0.000663
-0.000668
-0.000672
-0.000677
-0.000681
-0.000685
-0.000690
-0.000694
-0.000698
-0.000703
-0.000707
-0.000712
-0.000716
-0.000720
-0.000724
-0.000729
-0.000733
-0.000737
-0.000741
-0.000745
-0.000749
-0.000753
-0.000757
-0.000761
-0.000765
-0.000769
-0.000773
-0.000777
-0.000781
-0.000785
-0.000788
-0.000792
-0.000796
-0.000800
-0.000804
-0.000808
-0.000812
-0.000816
-0.000820
-0.000824
-0.000827
-0.000831
-0.000836
-0.000840
-0.000844
-0.000848
-0.000852
-0.000856
-0.000860
-0.000864
-0.000868
-0.000872
-0.000877
-0.000881
-0.000885
-0.000889
-0.000893
-0.000897
-0.000901
-0.000905
-0.000909
-0.000913
-0.000917
-0.000921
-0.000925
-0.000929
-0.000932
-0.000936
-0.000940
-0.000944
-0.000947
-0.000951
-0.000955
-0.000958
-0.000962
-0.000965
-0.000969
-0.000973
-0.000976
-0.000980
-0.000983
-0.000987
-0.000990
-0.000994
-0.000998
-0.001001
-0.001005
-0.001008
-0.001012
-0.001016
-0.001019
-0.001023
-0.001027
-0.001030
-0.001034
-0.001038
-0.001041
-0.001045
-0.001048
-0.001052
-0.001056
-0.001059
-0.001063
-0.001066
-0.001070
-0.001073
-0.001077
-0.001080
-0.001084
-0.001087
-0.001090
-0.001094
-0.001097
-0.001100
-0.001103
-0.001107
-0.000943
-0.001146
-0.001210
-0.001071
-0.001176
-0.001078
-0.001211
-0.001122
-0.001249
-0.001144
-0.001253
-0.001134
-0.001235
-0.001115
-0.001221
-0.001106
-0.001304
-0.001156
-0.001235
-0.001102
-0.001293
-0.001147
-0.001321
-0.001158
-0.001323
-0.001157
-0.001323
-0.001161
-0.001330
-0.001168
-0.001336
-0.001171
-0.001335
-0.001165
-0.001327
-0.001155
-0.001316
-0.001144
-0.001305
-0.001133
-0.001295
-0.001123
-0.001285
-0.001114
-0.001277
-0.001196
-0.001153
-0.001327
-0.001162
-0.001326
-0.001241
-0.001193
-0.001362
-0.001192
-0.001354
-0.001267
-0.001218
-0.001386
-0.001213
-0.001373
-0.001282
-0.001229
-0.001394
-0.001306
-0.001254
-0.001417
-0.001324
-0.001265
-0.001423
-0.001324
-0.001262
-0.001418
-0.001317
-0.001253
-0.001407
-0.001305
-0.001239
-0.001392
-0.001288
-0.001222
-0.001375
-0.001271
-0.001205
-0.001361
-0.001258
-0.001194
-0.001352
-0.001252
-0.001190
-0.001351
-0.001252
-0.001193
-0.001357
-0.001261
-0.001204
-0.001371
-0.001277
-0.001222
-0.001391
-0.001298
-0.001243
-0.001413
-0.001320
-0.001265
-0.001436
-0.001341
-0.001286
-0.001455
-0.001359
-0.001301
-0.001469
-0.001370
-0.001310
-0.001476
-0.001374
-0.001311
-0.001476
-0.001371
-0.001306
-0.001469
-0.001363
-0.001296
-0.001458
-0.001350
-0.001282
-0.001444
-0.001335
-0.001268
-0.001250
-0.001452
-0.001362
-0.001294
-0.001263
-0.001268
-0.001295
-0.001329
-0.001355
-0.001369
-0.001370
-0.001363
-0.001354
-0.001347
-0.001346
-0.001349
-0.001355
-0.001362
-0.001368
-0.001372
-0.001375
-0.001376
-0.001376
-0.001377
-0.001378
-0.001379
-0.001380
-0.001381
-0.001381
-0.001381
-0.001381
-0.001380
-0.001378
-0.001376
-0.001375
-0.001373
-0.001371
-0.001369
-0.001366
-0.001364
-0.001361
-0.001359
-0.001357
-0.001354
-0.001352
-0.001350
-0.001349
-0.001347
-0.001346
-0.001345
-0.001344
-0.001343
-0.001343
-0.001343
-0.001343
-0.001343
-0.001344
-0.001345
-0.001346
-0.001347
-0.001348
-0.001349
-0.001350
-0.001352
-0.001353
-0.001354
-0.001355
-0.001356
-0.001357
-0.001358
-0.001358
-0.001358
-0.001358
-0.001358
-0.001358
-0.001357
-0.001356
-0.001355
-0.001353
-0.001352
-0.001350
-0.001348
-0.001345
-0.001343
-0.001341
-0.001338
-0.001336
-0.001333
-0.001331
-0.001328
-0.001326
-0.001323
-0.001321
-0.001319
-0.001317
-0.001315
-0.001314
-0.001312
-0.001311
-0.001310
-0.001309
-0.001309
-0.001308
-0.001308
-0.001308
-0.001307
-0.001307
-0.001308
-0.001308
-0.001308
-0.001308
-0.001308
-0.001309
-0.001309
-0.001309
-0.001309
-0.001308
-0.001308
-0.001308
-0.001307
-0.001306
-0.001305
-0.001304
-0.001303
-0.001301
-0.001299
-0.001298
-0.001296
-0.001294
-0.001291
-0.001289
-0.001287
-0.001284
-0.001282
-0.001279
-0.001277
-0.001274
-0.001272
-0.001269
-0.001267
-0.001265
-0.001263
-0.001261
-0.001259
-0.001257
-0.001256
-0.001254
-0.001253
-0.001252
-0.001251
-0.001250
-0.001249
-0.001249
-0.001248
-0.001248
-0.001247
-0.001247
-0.001247
-0.001246
-0.001246
-0.001245
-0.001245
-0.001244
-0.001244
-0.001243
-0.001242
-0.001241
-0.001240
-0.001239
-0.001238
-0.001237
-0.001235
-0.001234
-0.001232
-0.001230
-0.001228
-0.001226
-0.001224
-0.001222
-0.001220
-0.001217
-0.001215
-0.001213
-0.001211
-0.001209
-0.001206
-0.001204
-0.001202
-0.001200
-0.001198
-0.001197
-0.001195
-0.001193
-0.001192
-0.001191
-0.001189
-0.001188
-0.001187
-0.001186
-0.001185
-0.001185
-0.001184
-0.001183
-0.001183
-0.001182
-0.001182
-0.001181
-0.001180
-0.001180
-0.001179
-0.001179
-0.001178
-0.001177
-0.001176
-0.001175
-0.001174
-0.001173
-0.001172
-0.001171
-0.001169
-0.001168
-0.001167
-0.001165
-0.001163
-0.001162
-0.001160
-0.001158
-0.001156
-0.001154
-0.001153
-0.001151
-0.001149
-0.001147
-0.001145
-0.001144
-0.001142
-0.001140
-0.001139
-0.001137
-0.001136
-0.001135
-0.001133
-0.001132
-0.001131
-0.001130
-0.001129
-0.001129
-0.001128
-0.001127
-0.001127
-0.001126
-0.001125
-0.001125
-0.001124
-0.001124
-0.001123
-0.001123
-0.001122
-0.001122
-0.001121
-0.001120
-0.001120
-0.001119
-0.001118
-0.001117
-0.001116
-0.001115
-0.001114
-0.001113
-0.001112
-0.001110
-0.001109
-0.001108
-0.001106
-0.001105
-0.001104
-0.001102
-0.001101
-0.001099
-0.001098
-0.001097
-0.001095
-0.001094
-0.001092
-0.001091
-0.001090
-0.001089
-0.001088
-0.001087
-0.001086
-0.001085
-0.001084
-0.001083
-0.001083
-0.001082
-0.001081
-0.001081
-0.001080
-0.001080
-0.001079
-0.001079
-0.001078
-0.001078
-0.001077
-0.001077
-0.001076
-0.001076
-0.001075
-0.001075
-0.001074
-0.001073
-0.001073
-0.001072
-0.001071
-0.001070
-0.001069
-0.001069
-0.001068
-0.001067
-0.001065
-0.001064
-0.001063
-0.001062
-0.001061
-0.001060
-0.001059
-0.001057
-0.001056
-0.001055
-0.001054
-0.001053
-0.001052
-0.001051
-0.001050
-0.001049
-0.001048
-0.001047
-0.001046
-0.001045
-0.001044
-0.001043
-0.001043
-0.001042
-0.001041
-0.001041
-0.001040
-0.001040
-0.001039
-0.001039
-0.001038
-0.001037
-0.001037
-0.001036
-0.001036
-0.001035
-0.001034
-0.001034
-0.001033
-0.001032
-0.001032
-0.001031
-0.001030
-0.001029
-0.001028
-0.001027
-0.001026
-0.001025
-0.001024
-0.001023
-0.001022
-0.001021
-0.001019
-0.001018
-0.001017
-0.001016
-0.001014
-0.001013
-0.001012
-0.001011
-0.001010
-0.001008
-0.001007
-0.001006
-0.001005
-0.001004
-0.001003
-0.001002
-0.001001
-0.001000
-0.000999
-0.000998
-0.000997
-0.000996
-0.000995
-0.000994
-0.000993
-0.000992
-0.000991
-0.000991
-0.000990
-0.000989
-0.000988
-0.000987
-0.000986
-0.000985
-0.000984
-0.000982
-0.000981
-0.000980
-0.000979
-0.000977
-0.000976
-0.000975
-0.000973
-0.000972
-0.000970
-0.000969
-0.000967
-0.000966
-0.000964
-0.000963
-0.000961
-0.000959
-0.000958
-0.000956
-0.000954
-0.000953
-0.000951
-0.000949
-0.000948
-0.000946
-0.000945
-0.000943
-0.000941
-0.000940
-0.000938
-0.000937
-0.000935
-0.000933
-0.000932
-0.000930
-0.000929
-0.000927
-0.000925
-0.000924
-0.000922
-0.000921
-0.000919
-0.000917
-0.000916
-0.000914
-0.000912
-0.000910
-0.000908
-0.000906
-0.000905
-0.000903
-0.000901
-0.000899
-0.000896
-0.000894
-0.000892
-0.000890
-0.000888
-0.000885
-0.000883
-0.000881
-0.000879
-0.000876
-0.000874
-0.000871
-0.000869
-0.000866
-0.000864
-0.000861
-0.000859
-0.000856
-0.000854
-0.000851
-0.000849
-0.000846
-0.000844
-0.000841
-0.000839
-0.000836
-0.000834
-0.000831
-0.000829
-0.000826
-0.000824
-0.000821
-0.000818
-0.000816
-0.000813
-0.000810
-0.000808
-0.000805
-0.000802
-0.000799
-0.000797
-0.000794
-0.000791
-0.000788
-0.000785
-0.000782
-0.000779
-0.000776
-0.000772
-0.000769
-0.000766
-0.000763
-0.000759
-0.000756
-0.000753
-0.000749
-0.000746
-0.000742
-0.000739
-0.000735
-0.000732
-0.000728
-0.000725
-0.000721
-0.000718
-0.000714
-0.000710
-0.000707
-0.000703
-0.000699
-0.000696
-0.000692
-0.000688
-0.000685
-0.000681
-0.000677
-0.000673
-0.000670
-0.000666
-0.000662
-0.000658
-0.000654
-0.000650
-0.000646
-0.000642
-0.000638
-0.000634
-0.000630
-0.000626
-0.000622
-0.000618
-0.000614
-0.000609
-0.000605
-0.000601
-0.000596
-0.000592
-0.000588
-0.000583
-0.000579
-0.000574
-0.000569
-0.000565
-0.000560
-0.000555
-0.000551
-0.000546
-0.000541
-0.000537
-0.000532
-0.000527
-0.000522
-0.000517
-0.000512
-0.000507
-0.000503
-0.000498
-0.000493
-0.000488
-0.000483
-0.000478
-0.000473
-0.000468
-0.000463
-0.000458
-0.000453
-0.000447
-0.000442
-0.000437
-0.000432
-0.000427
-0.000422
-0.000416
-0.000411
-0.000406
-0.000400
-0.000395
-0.000390
-0.000384
-0.000379
-0.000373
-0.000368
-0.000362
-0.000356
-0.000351
-0.000345
-0.000339
-0.000334
-0.000328
-0.000322
-0.000316
-0.000310
-0.000304
-0.000298
-0.000293
-0.000287
-0.000281
-0.000275
-0.000269
-0.000263
-0.000257
-0.000251
-0.000245
-0.000238
-0.000232
-0.000226
-0.000220
-0.000214
-0.000208
-0.000202
-0.000196
-0.000189
-0.000183
-0.000177
-0.000171
-0.000164
-0.000158
-0.000152
-0.000146
-0.000139
-0.000133
-0.000126
-0.000120
-0.000114
-0.000107
-0.000101
-0.000094
-0.000087
-0.000081
-0.000074
-0.000068
-0.000061
-0.000054
-0.000048
-0.000041
-0.000034
-0.000028
-0.000021
-0.000014
-0.000007
-0.000000
0.000006
0.000013
0.000020
0.000027
0.000034
0.000041
0.000048
0.000055
0.000061
0.000068
0.000075
0.000082
0.000089
0.000096
0.000103
0.000110
0.000117
0.000124
0.000131
0.000138
0.000145
0.000152
0.000159
0.000166
0.000173
0.000180
0.000187
0.000194
0.000201
0.000208
0.000215
0.000223
0.000230
0.000237
0.000244
0.000251
0.000258
0.000266
0.000273
0.000280
0.000287
0.000295
0.000302
0.000309
0.000316
0.000324
0.000331
0.000338
0.000345
0.000353
0.000360
0.000367
0.000375
0.000382
0.000389
0.000396
0.000404
0.000411
0.000418
0.000425
0.000433
0.000440
0.000447
0.000454
0.000462
0.000469
0.000476
0.000483
0.000491
0.000498
0.000505
0.000512
0.000519
0.000527
0.000534
0.000541
0.000548
0.000556
0.000563
0.000570
0.000577
0.000585
0.000592
0.000599
0.000606
0.000613
0.000621
0.000628
0.000635
0.000642
0.000649
0.000657
0.000664
0.000671
0.000678
0.000685
0.000692
0.000700
0.000707
0.000714
0.000721
0.000728
0.000735
0.000742
0.000749
0.000756
0.000763
0.000770
0.000777
0.000784
0.000791
0.000798
0.000805
0.000812
0.000819
0.000825
0.000832
0.000839
0.000846
0.000853
0.000860
0.000867
0.000873
0.000880
0.000887
0.000894
0.000900
0.000907
0.000914
0.000921
0.000927
0.000934
0.000941
0.000947
0.000954
0.000960
0.000967
0.000974
0.000980
0.000987
0.000993
0.001000
0.001006
0.001013
0.001019
0.001025
0.001032
0.001038
0.001044
0.001051
0.001057
0.001063
0.001070
0.001076
0.001082
0.001088
0.001094
0.001100
0.001107
0.001113
0.001119
0.001125
0.001131
0.001137
0.001143
0.001149
0.001155
0.001160
0.001166
0.001172
0.001178
0.001184
0.001190
0.001195
0.001201
0.001207
0.001213
0.001218
0.001224
0.001229
0.001235
0.001241
0.001246
0.001252
0.001257
0.001263
0.001268
0.001273
0.001279
0.001284
0.001290
0.001295
0.001300
0.001305
0.001311
0.001316
0.001321
0.001326
0.001331
0.001336
0.001341
0.001346
0.001351
0.001356
0.001361
0.001366
0.001371
0.001376
0.001380
0.001385
0.001390
0.001395
0.001399
0.001404
0.001408
0.001413
0.001418
0.001422
0.001427
0.001431
0.001436
0.001440
0.001444
0.001449
0.001453
0.001457
0.001462
0.001466
0.001470
0.001474
0.001479
0.001483
0.001487
0.001491
0.001495
0.001499
0.001503
0.001507
0.001511
0.001514
0.001518
0.001522
0.001526
0.001530
0.001533
0.001537
0.001541
0.001544
0.001548
0.001551
0.001555
0.001558
0.001562
0.001565
0.001569
0.001572
0.001575
0.001579
0.001582
0.001585
0.001588
0.001591
0.001595
0.001598
0.001601
0.001604
0.001607
0.001610
0.001613
0.001616
0.001618
0.001621
0.001624
0.001627
0.001630
0.001632
0.001635
0.001638
0.001640
0.001643
0.001646
0.001648
0.001651
0.001653
0.001656
0.001658
0.001660
0.001663
0.001665
0.001667
0.001669
0.001672
0.001674
0.001676
0.001678
0.001680
0.001508
0.001721
0.001787
0.001636
0.001835
0.001690
0.001797
0.001682
0.001810
0.001702
0.001827
0.001707
0.001817
0.001686
0.001882
0.001710
0.001785
0.001637
0.001837
0.001678
0.001859
0.001682
0.001852
0.001670
0.001842
0.001664
0.001840
0.001665
0.001842
0.001664
0.001838
0.001657
0.001829
0.001646
0.001819
0.001636
0.001810
0.001629
0.001803
0.001622
0.001798
0.001616
0.001793
0.001613
0.001791
0.001704
0.001842
0.001629
0.001791
0.001702
0.001851
0.001650
0.001823
0.001646
0.001835
0.001662
0.001847
0.001665
0.001841
0.001652
0.001828
0.001733
0.001869
0.001649
0.001813
0.001719
0.001867
0.001658
0.001830
0.001738
0.001883
0.001666
0.001832
0.001733
0.001874
0.001748
0.001870
0.001734
0.001857
0.001726
0.001856
0.001730
0.001860
0.001730
0.001855
0.001720
0.001842
0.001705
0.001827
0.001689
0.001811
0.001673
0.001796
0.001658
0.001781
0.001643
0.001767
0.001629
0.001755
0.001619
0.001746
0.001611
0.001741
0.001608
0.001740
0.001607
0.001741
0.001610
0.001746
0.001616
0.001754
0.001624
0.001763
0.001634
0.001773
0.001644
0.001784
0.001654
0.001793
0.001662
0.001801
0.001669
0.001807
0.001673
0.001810
0.001674
0.001810
0.001672
0.001806
0.001666
0.001800
0.001658
0.001790
0.001647
0.001779
0.001634
0.001766
0.001620
0.001751
0.001606
0.001737
0.001591
0.001724
0.001578
0.001712
0.001566
0.001701
0.001557
0.001693
0.001550
0.001688
0.001545
0.001685
0.001543
0.001684
0.001543
0.001686
0.001546
0.001689
0.001549
0.001694
0.001554
0.001699
0.001558
0.001704
0.001562
0.001708
0.001566
0.001710
0.001567
0.001711
0.001566
0.001710
0.001564
0.001706
0.001558
0.001700
0.001551
0.001692
0.001541
0.001682
0.001530
0.001670
0.001518
0.001658
0.001504
0.001645
0.001491
0.001632
0.001478
0.001619
0.001465
0.001608
0.001454
0.001598
0.001445
0.001590
0.001437
0.001584
0.001432
0.001579
0.001428
0.001576
0.001426
0.001575
0.001425
0.001575
0.001425
0.001576
0.001425
0.001577
0.001426
0.001578
0.001426
0.001578
0.001425
0.001577
0.001423
0.001574
0.001420
0.001570
0.001414
0.001565
0.001408
0.001557
0.001399
0.001548
0.001389
0.001538
0.001378
0.001527
0.001366
0.001514
0.001353
0.001502
0.001341
0.001490
0.001328
0.001478
0.001317
0.001467
0.001306
0.001457
0.001297
0.001449
0.001288
0.001442
0.001282
0.001436
0.001276
0.001432
0.001272
0.001428
0.001269
0.001426
0.001267
0.001424
0.001264
0.001422
0.001262
0.001420
0.001260
0.001417
0.001256
0.001414
0.001252
0.001410
0.001247
0.001404
0.001241
0.001397
0.001233
0.001389
0.001224
0.001380
0.001214
0.001370
0.001204
0.001359
0.001192
0.001347
0.001180
0.001336
0.001169
0.001324
0.001157
0.001313
0.001146
0.001303
0.001136
0.001293
0.001127
0.001285
0.001118
0.001277
0.001111
0.001271
0.001105
0.001265
0.001100
0.001260
0.001095
0.001256
0.001091
0.001252
0.001087
0.001248
0.001083
0.001245
0.001079
0.001241
0.001075
0.001236
0.001069
0.001230
0.001063
0.001224
0.001056
0.001217
0.001049
0.001209
0.001040
0.000975
0.001223
0.001096
0.001029
0.001023
0.001282
0.001131
0.001028
0.000995
0.001241
0.001092
0.000998
0.000974
0.001225
0.001076
0.000979
0.000952
0.001200
0.001050
0.000954
0.000927
0.001177
0.001028
0.000932
0.000906
0.001157
0.001008
0.000913
0.000888
0.001140
0.000992
0.000899
0.000875
0.001128
0.000981
0.000888
0.000865
0.000893
0.000940
0.000979
0.000997
0.000995
0.000982
0.000968
0.000957
0.000953
0.000954
0.000955
0.000956
0.000954
0.000950
0.000945
0.000938
0.000932
0.000926
0.000920
0.000914
0.000908
0.000901
0.000894
0.000887
0.000879
0.000872
0.000865
0.000858
0.000852
0.000845
0.000839
0.000833
0.000828
0.000823
0.000818
0.000814
0.000810
0.000807
0.000804
0.000801
0.000799
0.000797
0.000796
0.000795
0.000794
0.000793
0.000792
0.000792
0.000791
0.000790
0.000790
0.000789
0.000788
0.000787
0.000785
0.000784
0.000782
0.000779
0.000777
0.000773
0.000770
0.000766
0.000762
0.000758
0.000753
0.000748
0.000742
0.000737
0.000731
0.000725
0.000719
0.000713
0.000706
0.000700
0.000694
0.000688
0.000683
0.000677
0.000672
0.000667
0.000662
0.000657
0.000653
0.000649
0.000645
0.000642
0.000639
0.000637
0.000634
0.000632
0.000630
0.000629
0.000627
0.000626
0.000625
0.000623
0.000622
0.000621
0.000620
0.000618
0.000617
0.000615
0.000613
0.000611
0.000609
0.000606
0.000603
0.000600
0.000597
0.000593
0.000589
0.000585
0.000581
0.000576
0.000571
0.000566
0.000561
0.000556
0.000551
0.000545
0.000540
0.000534
0.000529
0.000524
0.000519
0.000514
0.000509
0.000505
0.000500
0.000496
0.000492
0.000488
0.000485
0.000482
0.000479
0.000476
0.000474
0.000471
0.000469
0.000467
0.000465
0.000464
0.000462
0.000460
0.000458
0.000457
0.000455
0.000453
0.000451
0.000449
0.000447
0.000444
0.000442
0.000439
0.000436
0.000433
0.000429
0.000426
0.000422
0.000418
0.000414
0.000409
0.000405
0.000400
0.000395
0.000391
0.000386
0.000381
0.000376
0.000371
0.000366
0.000362
0.000357
0.000352
0.000348
0.000344
0.000340
0.000336
0.000332
0.000329
0.000325
0.000322
0.000319
0.000316
0.000314
0.000311
0.000309
0.000306
0.000304
0.000302
0.000300
0.000297
0.000295
0.000293
0.000291
0.000289
0.000286
0.000284
0.000281
0.000278
0.000275
0.000272
0.000269
0.000265
0.000262
0.000258
0.000254
0.000250
0.000246
0.000242
0.000237
0.000233
0.000228
0.000224
0.000219
0.000215
0.000210
0.000205
0.000201
0.000196
0.000192
0.000188
0.000184
0.000180
0.000176
0.000172
0.000168
0.000165
0.000161
0.000158
0.000155
0.000152
0.000149
0.000146
0.000144
0.000141
0.000138
0.000136
0.000133
0.000130
0.000128
0.000125
0.000122
0.000120
0.000117
0.000114
0.000111
0.000107
0.000104
0.000101
0.000097
0.000093
0.000090
0.000086
0.000082
0.000078
0.000073
0.000069
0.000065
0.000060
0.000056
0.000051
0.000047
0.000042
0.000038
0.000033
0.000029
0.000025
0.000021
0.000016
0.000012
0.000008
0.000004
0.000001
-0.000003
-0.000007
-0.000010
-0.000014
-0.000017
-0.000020
-0.000023
-0.000026
-0.000029
-0.000033
-0.000036
-0.000039
-0.000042
-0.000045
-0.000048
-0.000051
-0.000054
-0.000057
-0.000061
-0.000064
-0.000068
-0.000071
-0.000075
-0.000079
-0.000082
-0.000086
-0.000090
-0.000095
-0.000099
-0.000103
-0.000107
-0.000112
-0.000116
-0.000121
-0.000125
-0.000130
-0.000134
-0.000138
-0.000143
-0.000147
-0.000152
-0.000156
-0.000160
-0.000164
-0.000168
-0.000172
-0.000176
-0.000180
-0.000184
-0.000188
-0.000191
-0.000195
-0.000198
-0.000202
-0.000205
-0.000209
-0.000212
-0.000216
-0.000219
-0.000222
-0.000226
-0.000229
-0.000233
-0.000236
-0.000240
-0.000244
-0.000247
-0.000251
-0.000255
-0.000259
-0.000263
-0.000267
-0.000271
-0.000275
-0.000280
-0.000284
-0.000288
-0.000293
-0.000297
-0.000301
-0.000306
-0.000310
-0.000315
-0.000319
-0.000324
-0.000328
-0.000333
-0.000337
-0.000341
-0.000346
-0.000350
-0.000354
-0.000358
-0.000362
-0.000366
-0.000370
-0.000374
-0.000378
-0.000382
-0.000386
-0.000389
-0.000393
-0.000397
-0.000400
-0.000404
-0.000408
-0.000412
-0.000415
-0.000419
-0.000423
-0.000427
-0.000431
-0.000434
-0.000438
-0.000442
-0.000446
-0.000451
-0.000455
-0.000459
-0.000463
-0.000468
-0.000472
-0.000476
-0.000481
-0.000485
-0.000490
-0.000494
-0.000499
-0.000503
-0.000507
-0.000512
-0.000516
-0.000521
-0.000525
-0.000530
-0.000534
-0.000538
-0.000542
-0.000547
-0.000551
-0.000555
-0.000559
-0.000563
-0.000567
-0.000571
-0.000575
-0.000579
-0.000583
-0.000587
-0.000591
-0.000595
-0.000598
-0.000602
-0.000606
-0.000610
-0.000614
-0.000618
-0.000622
-0.000626
-0.000630
-0.000634
-0.000638
-0.000642
-0.000646
-0.000651
-0.000655
-0.000659
-0.000663
-0.000668
-0.000672
-0.000676
-0.000681
-0.000685
-0.000690
-0.000694
-0.000698
-0.000703
-0.000707
-0.000712
-0.000716
-0.000720
-0.000724
-0.000729
-0.000733
-0.000737
-0.000741
-0.000745
-0.000749
-0.000753
-0.000757
-0.000761
-0.000765
-0.000769
-0.000773
-0.000777
-0.000781
-0.000785
-0.000788
-0.000792
-0.000796
-0.000800
-0.000804
-0.000808
-0.000812
-0.000816
-0.000820
-0.000824
-0.000827
-0.000831
-0.000836
-0.000840
-0.000844
-0.000848
-0.000852
-0.000856
-0.000860
-0.000864
-0.000868
-0.000872
-0.000877
-0.000881
-0.000885
-0.000889
-0.000893
-0.000897
-0.000901
-0.000905
-0.000909
-0.000913
-0.000917
-0.000921
-0.000925
-0.000929
-0.000932
-0.000936
-0.000940
-0.000944
-0.000947
-0.000951
-0.000955
-0.000958
-0.000962
-0.000965
-0.000969
-0.000973
-0.000976
-0.000980
-0.000983
-0.000987
-0.000990
-0.000994
-0.000998
-0.001001
-0.001005
-0.001008
-0.001012
-0.001016
-0.001019
-0.001023
-0.001027
-0.001030
-0.001034
-0.001038
-0.001041
-0.001045
-0.001048
-0.001052
-0.001056
-0.001059
-0.001063
-0.001066
-0.001070
-0.001073
-0.001077
-0.001080
-0.001084
-0.001087
-0.001090
-0.001094
-0.001097
-0.001100
-0.001103
-0.001107
-0.000943
-0.001146
-0.001210
-0.001071
-0.001176
-0.001078
-0.001211
-0.001122
-0.001249
-0.001144
-0.001253
-0.001134
-0.001235
-0.001115
-0.001221
-0.001106
-0.001304
-0.001156
-0.001235
-0.001102
-0.001293
-0.001147
-0.001321
-0.001158
-0.001323
-0.001157
-0.001323
-0.001161
-0.001330
-0.001168
-0.001336
-0.001171
-0.001335
-0.001165
-0.001327
-0.001155
-0.001316
-0.001144
-0.001305
-0.001133
-0.001295
-0.001123
-0.001285
-0.001114
-0.001277
-0.001196
-0.001153
-0.001327
-0.001162
-0.001326
-0.001241
-0.001193
-0.001362
-0.001192
-0.001354
-0.001267
-0.001218
-0.001386
-0.001213
-0.001373
-0.001282
-0.001229
-0.001394
-0.001306
-0.001254
-0.001417
-0.001324
-0.001265
-0.001423
-0.001324
-0.001262
-0.001418
-0.001317
-0.001253
-0.001407
-0.001305
-0.001239
-0.001392
-0.001288
-0.001222
-0.001375
-0.001271
-0.001205
-0.001361
-0.001258
-0.001194
-0.001352
-0.001252
-0.001190
-0.001351
-0.001252
-0.001193
-0.001357
-0.001261
-0.001204
-0.001371
-0.001277
-0.001222
-0.001391
-0.001298
-0.001243
-0.001413
-0.001320
-0.001265
-0.001436
-0.001341
-0.001286
-0.001455
-0.001359
-0.001301
-0.001469
-0.001370
-0.001310
-0.001476
-0.001374
-0.001311
-0.001476
-0.001371
-0.001306
-0.001469
-0.001363
-0.001296
-0.001458
-0.001350
-0.001282
-0.001444
-0.001335
-0.001268
-0.001250
-0.001452
-0.001362
-0.001294
-0.001263
-0.001268
-0.001295
-0.001329
-0.001355
-0.001369
-0.001370
-0.001363
-0.001354
-0.001347
-0.001346
-0.001349
-0.001355
-0.001362
-0.001368
-0.001372
-0.001375
-0.001376
-0.001376
-0.001377
-0.001378
-0.001379
-0.001380
-0.001381
-0.001381
-0.001381
-0.001381
-0.001380
-0.001378
-0.001376
-0.001375
-0.001373
-0.001371
-0.001369
-0.001366
-0.001364
-0.001361
-0.001359
-0.001357
-0.001354
-0.001352
-0.001350
-0.001349
-0.001347
-0.001346
-0.001345
-0.001344
-0.001343
-0.001343
-0.001343
-0.001343
-0.001343
-0.001344
-0.001345
-0.001346
-0.001347
-0.001348
-0.001349
-0.001350
-0.001352
-0.001353
-0.001354
-0.001355
-0.001356
-0.001357
-0.001358
-0.001358
-0.001358
-0.001358
-0.001358
-0.001358
-0.001357
-0.001356
-0.001355
-0.001353
-0.001352
-0.001350
-0.001348
-0.001345
-0.001343
-0.001341
-0.001338
-0.001336
-0.001333
-0.001331
-0.001328
-0.001326
-0.001323
-0.001321
-0.001319
-0.001317
-0.001315
-0.001314
-0.001312
-0.001311
-0.001310
-0.001309
-0.001309
-0.001308
-0.001308
-0.001308
-0.001307
-0.001307
-0.001308
-0.001308
-0.001308
-0.001308
-0.001308
-0.001309
-0.001309
-0.001309
-0.001309
-0.001308
-0.001308
-0.001308
-0.001307
-0.001306
-0.001305
-0.001304
-0.001303
-0.001301
-0.001299
-0.001298
-0.001296
-0.001294
-0.001291
-0.001289
-0.001287
-0.001284
-0.001282
-0.001279
-0.001277
-0.001274
-0.001272
-0.001269
-0.001267
-0.001265
-0.001263
-0.001261
-0.001259
-0.001257
-0.001256
-0.001254
-0.001253
-0.001252
-0.001251
-0.001250
-0.001249
-0.001249
-0.001248
-0.001248
-0.001247
-0.001247
-0.001247
-0.001246
-0.001246
-0.001245
-0.001245
-0.001244
-0.001244
-0.001243
-0.001242
-0.001241
-0.001240
-0.001239
-0.001238
-0.001237
-0.001235
-0.001234
-0.001232
-0.001230
-0.001228
-0.001226
-0.001224
-0.001222
-0.001220
-0.001217
-0.001215
-0.001213
-0.001211
-0.001209
-0.001206
-0.001204
-0.001202
-0.001200
-0.001198
-0.001197
-0.001195
-0.001193
-0.001192
-0.001191
-0.001189
-0.001188
-0.001187
-0.001186
-0.001185
-0.001185
-0.001184
-0.001183
-0.001183
-0.001182
-0.001182
-0.001181
-0.001180
-0.001180
-0.001179
-0.001179
-0.001178
-0.001177
-0.001176
-0.001175
-0.001174
-0.001173
-0.001172
-0.001171
-0.001169
-0.001168
-0.001167
-0.001165
-0.001163
-0.001162
-0.001160
-0.001158
-0.001156
-0.001154
-0.001153
-0.001151
-0.001149
-0.001147
-0.001145
-0.001144
-0.001142
-0.001140
-0.001139
-0.001137
-0.001136
-0.001135
-0.001133
-0.001132
-0.001131
-0.001130
-0.001129
-0.001129
-0.001128
-0.001127
-0.001127
-0.001126
-0.001125
-0.001125
-0.001124
-0.001124
-0.001123
-0.001123
-0.001122
-0.001122
-0.001121
-0.001120
-0.001120
-0.001119
-0.001118
-0.001117
-0.001116
-0.001115
-0.001114
-0.001113
-0.001112
-0.001110
-0.001109
-0.001108
-0.001106
-0.001105
-0.001104
-0.001102
-0.001101
-0.001099
-0.001098
-0.001097
-0.001095
-0.001094
-0.001092
-0.001091
-0.001090
-0.001089
-0.001088
-0.001087
-0.001086
-0.001085
-0.001084
-0.001083
-0.001083
-0.001082
-0.001081
-0.001081
-0.001080
-0.001080
-0.001079
-0.001079
-0.001078
-0.001078
-0.001077
-0.001077
-0.001076
-0.001076
-0.001075
-0.001075
-0.001074
-0.001073
-0.001073
-0.001072
-0.001071
-0.001070
-0.001069
-0.001069
-0.001068
-0.001067
-0.001065
-0.001064
-0.001063
-0.001062
-0.001061
-0.001060
-0.001059
-0.001057
-0.001056
-0.001055
-0.001054
-0.001053
-0.001052
-0.001051
-0.001050
-0.001049
-0.001048
-0.001047
-0.001046
-0.001045
-0.001044
-0.001043
-0.001043
-0.001042
-0.001041
-0.001041
-0.001040
-0.001040
-0.001039
-0.001039
-0.001038
-0.001037
-0.001037
-0.001036
-0.001036
-0.001035
-0.001034
-0.001034
-0.001033
-0.001032
-0.001032
-0.001031
-0.001030
-0.001029
-0.001028
-0.001027
-0.001026
-0.001025
-0.001024
-0.001023
-0.001022
-0.001021
-0.001019
-0.001018
-0.001017
-0.001016
-0.001014
-0.001013
-0.001012
-0.001011
-0.001010
-0.001008
-0.001007
-0.001006
-0.001005
-0.001004
-0.001003
-0.001002
-0.001001
-0.001000
-0.000999
-0.000998
-0.000997
-0.000996
-0.000995
-0.000994
-0.000993
-0.000992
-0.000991
-0.000991
-0.000990
-0.000989
-0.000988
-0.000987
-0.000986
-0.000985
-0.000984
-0.000982
-0.000981
-0.000980
-0.000979
-0.000977
-0.000976
-0.000975
-0.000973
-0.000972
-0.000970
-0.000969
-0.000967
-0.000966
-0.000964
-0.000963
-0.000961
-0.000959
-0.000958
-0.000956
-0.000954
-0.000953
-0.000951
-0.000949
-0.000948
-0.000946
-0.000945
-0.000943
-0.000941
-0.000940
-0.000938
-0.000937
-0.000935
-0.000933
-0.000932
-0.000930
-0.000929
-0.000927
-0.000925
-0.000924
-0.000922
-0.000921
-0.000919
-0.000917
-0.000916
-0.000914
-0.000912
-0.000910
-0.000908
-0.000906
-0.000905
-0.000903
-0.000901
-0.000899
-0.000896
-0.000894
-0.000892
-0.000890
-0.000888
-0.000885
-0.000883
-0.000881
-0.000879
-0.000876
-0.000874
-0.000871
-0.000869
-0.000866
-0.000864
-0.000861
-0.000859
-0.000856
-0.000854
-0.000851
-0.000849
-0.000846
-0.000844
-0.000841
-0.000839
-0.000836
-0.000834
-0.000831
-0.000829
-0.000826
-0.000824
-0.000821
-0.000818
-0.000816
-0.000813
-0.000810
-0.000808
-0.000805
-0.000802
-0.000799
-0.000797
-0.000794
-0.000791
-0.000788
-0.000785
-0.000782
-0.000779
-0.000776
-0.000773
-0.000769
-0.000766
-0.000763
-0.000760
-0.000756
-0.000753
-0.000749
-0.000746
-0.000742
-0.000739
-0.000735
-0.000732
-0.000728
-0.000725
-0.000721
-0.000718
-0.000714
-0.000710
-0.000707
-0.000703
-0.000699
-0.000696
-0.000692
-0.000688
-0.000685
-0.000681
-0.000677
-0.000673
-0.000670
-0.000666
-0.000662
-0.000658
-0.000654
-0.000650
-0.000646
-0.000642
-0.000638
-0.000634
-0.000630
-0.000626
-0.000622
-0.000618
-0.000614
-0.000609
-0.000605
-0.000601
-0.000596
-0.000592
-0.000588
-0.000583
-0.000579
-0.000574
-0.000569
-0.000565
-0.000560
-0.000555
-0.000551
-0.000546
-0.000541
-0.000537
-0.000532
-0.000527
-0.000522
-0.000517
-0.000512
-0.000507
-0.000503
-0.000498
-0.000493
-0.000488
-0.000483
-0.000478
-0.000473
-0.000468
-0.000463
-0.000458
-0.000453
-0.000447
-0.000442
-0.000437
-0.000432
-0.000427
-0.000422
-0.000416
-0.000411
-0.000406
-0.000400
-0.000395
-0.000390
-0.000384
-0.000379
-0.000373
-0.000368
-0.000362
-0.000356
-0.000351
-0.000345
-0.000339
-0.000334
-0.000328
-0.000322
-0.000316
-0.000310
-0.000304
-0.000298
-0.000293
-0.000287
-0.000281
-0.000275
-0.000269
-0.000263
-0.000257
-0.000251
-0.000245
-0.000238
-0.000232
-0.000226
-0.000220
-0.000214
-0.000208
-0.000202
-0.000196
-0.000189
-0.000183
-0.000177
-0.000171
-0.000164
-0.000158
-0.000152
-0.000146
-0.000139
-0.000133
-0.000126
-0.000120
-0.000114
-0.000107
-0.000101
-0.000094
-0.000087
-0.000081
-0.000074
-0.000068
-0.000061
-0.000054
-0.000048
-0.000041
-0.000034
-0.000028
-0.000021
-0.000014
-0.000007
-0.000000
0.000006
0.000013
0.000020
0.000027
0.000034
0.000041
0.000048
0.000055
0.000061
0.000068
0.000075
0.000082
0.000089
0.000096
0.000103
0.000110
0.000117
0.000124
0.000131
0.000138
0.000145
0.000152
0.000159
0.000166
0.000173
0.000180
0.000187
0.000194
0.000201
0.000208
0.000215
0.000223
0.000230
0.000237
0.000244
0.000251
0.000258
0.000266
0.000273
0.000280
0.000287
0.000295
0.000302
0.000309
0.000316
0.000324
0.000331
0.000338
0.000345
0.000353
0.000360
0.000367
0.000375
0.000382
0.000389
0.000396
0.000404
0.000411
0.000418
0.000425
0.000433
0.000440
0.000447
0.000454
0.000462
0.000469
0.000476
0.000483
0.000491
0.000498
0.000505
0.000512
0.000519
0.000527
0.000534
0.000541
0.000548
0.000556
0.000563
0.000570
0.000577
0.000585
0.000592
0.000599
0.000606
0.000613
0.000621
0.000628
0.000635
0.000642
0.000649
0.000657
0.000664
0.000671
0.000678
0.000685
0.000692
0.000700
0.000707
0.000714
0.000721
0.000728
0.000735
0.000742
0.000749
0.000756
0.000763
0.000770
0.000777
0.000784
0.000791
0.000798
0.000805
0.000812
0.000819
0.000825
0.000832
0.000839
0.000846
0.000853
0.000860
0.000867
0.000873
0.000880
0.000887
0.000894
0.000900
0.000907
0.000914
0.000921
0.000927
0.000934
0.000941
0.000947
0.000954
0.000960
0.000967
0.000974
0.000980
0.000987
0.000993
0.001000
0.001006
0.001013
0.001019
0.001025
0.001032
0.001038
0.001044
0.001051
0.001057
0.001063
0.001070
0.001076
0.001082
0.001088
0.001094
0.001100
0.001107
0.001113
0.001119
0.001125
0.001131
0.001137
0.001143
0.001149
0.001155
0.001160
0.001166
0.001172
0.001178
0.001184
0.001190
0.001195
0.001201
0.001207
0.001212
0.001218
0.001224
0.001229
0.001235
0.001241
0.001246
0.001252
0.001257
0.001263
0.001268
0.001273
0.001279
0.001284
0.001290
0.001295
0.001300
0.001305
0.001311
0.001316
0.001321
0.001326
0.001331
0.001336
0.001341
0.001346
0.001351
0.001356
0.001361
0.001366
0.001371
0.001375
0.001380
0.001385
0.001390
0.001395
0.001399
0.001404
0.001408
0.001413
0.001418
0.001422
0.001427
0.001431
0.001436
0.001440
0.001444
0.001449
0.001453
0.001457
0.001462
0.001466
0.001470
0.001474
0.001479
0.001483
0.001487
0.001491
0.001495
0.001499
0.001503
0.001507
0.001511
0.001514
0.001518
0.001522
0.001526
0.001530
0.001533
0.001537
0.001541
0.001544
0.001548
0.001551
0.001555
0.001558
0.001562
0.001565
0.001569
0.001572
0.001575
0.001579
0.001582
0.001585
0.001588
0.001591
0.001595
0.001598
0.001601
0.001604
0.001607
0.001610
0.001613
0.001616
0.001618
0.001621
0.001624
0.001627
0.001630
0.001632
0.001635
0.001638
0.001640
0.001643
0.001646
0.001648
0.001651
0.001653
0.001656
0.001658
0.001660
0.001663
0.001665
0.001667
0.001669
0.001672
0.001674
0.001676
0.001678
0.001680
0.001508
0.001721
0.001787
0.001636
0.001835
0.001690
0.001797
0.001681
0.001810
0.001702
0.001827
0.001707
0.001817
0.001686
0.001882
0.001710
0.001785
0.001637
0.001837
0.001678
0.001859
0.001682
0.001852
0.001670
0.001842
0.001664
0.001840
0.001665
0.001842
0.001664
0.001838
0.001657
0.001829
0.001646
0.001819
0.001636
0.001810
0.001629
0.001803
0.001622
0.001798
0.001616
0.001793
0.001613
0.001791
0.001704
0.001842
0.001629
0.001791
0.001702
0.001851
0.001650
0.001823
0.001646
0.001835
0.001662
0.001847
0.001665
0.001841
0.001652
0.001828
0.001733
0.001869
0.001649
0.001813
0.001719
0.001867
0.001658
0.001830
0.001738
0.001883
0.001666
0.001832
0.001733
0.001874
0.001748
0.001870
0.001734
0.001857
0.001726
0.001856
0.001730
0.001860
0.001730
0.001855
0.001720
0.001842
0.001705
0.001827
0.001689
0.001811
0.001673
0.001796
0.001658
0.001781
0.001643
0.001767
0.001629
0.001755
0.001619
0.001746
0.001611
0.001741
0.001608
0.001740
0.001607
0.001741
0.001610
0.001746
0.001616
0.001754
0.001624
0.001763
0.001634
0.001773
0.001644
0.001784
0.001654
0.001793
0.001662
0.001801
0.001669
0.001807
0.001673
0.001810
0.001674
0.001810
0.001672
0.001806
0.001666
0.001800
0.001658
0.001790
0.001647
0.001779
0.001634
0.001766
0.001620
0.001751
0.001606
0.001737
0.001591
0.001724
0.001578
0.001712
0.001566
0.001701
0.001557
0.001693
0.001550
0.001688
0.001545
0.001685
0.001543
0.001684
0.001543
0.001686
0.001546
0.001689
0.001549
0.001694
0.001554
0.001699
0.001558
0.001704
0.001562
0.001708
0.001566
0.001710
0.001567
0.001711
0.001566
0.001710
0.001564
0.001706
0.001558
0.001700
0.001551
0.001692
0.001541
0.001682
0.001530
0.001670
0.001518
0.001658
0.001504
0.001645
0.001491
0.001632
0.001478
0.001619
0.001465
0.001608
0.001454
0.001598
0.001445
0.001590
0.001437
0.001584
0.001432
0.001579
0.001428
0.001576
0.001426
0.001575
0.001425
0.001575
0.001425
0.001576
0.001425
0.001577
0.001426
0.001578
0.001426
0.001578
0.001425
0.001577
0.001423
0.001574
0.001420
0.001570
0.001414
0.001565
0.001408
0.001557
0.001399
0.001548
0.001389
0.001538
0.001378
0.001527
0.001366
0.001514
0.001353
0.001502
0.001341
0.001490
0.001328
0.001478
0.001317
0.001467
0.001306
0.001457
0.001297
0.001449
0.001288
0.001442
0.001282
0.001436
0.001276
0.001432
0.001272
0.001428
0.001269
0.001426
0.001267
0.001424
0.001264
0.001422
0.001262
0.001420
0.001260
0.001417
0.001256
0.001414
0.001252
0.001410
0.001247
0.001404
0.001241
0.001397
0.001233
0.001389
0.001224
0.001380
0.001214
0.001370
0.001204
0.001359
0.001192
0.001347
0.001180
0.001336
0.001169
0.001324
0.001157
0.001313
0.001146
0.001303
0.001136
0.001293
0.001127
0.001285
0.001118
0.001277
0.001111
0.001271
0.001105
0.001265
0.001100
0.001260
0.001095
0.001256
0.001091
0.001252
0.001087
0.001248
0.001083
0.001245
0.001079
0.001241
0.001075
0.001236
0.001069
0.001230
0.001063
0.001224
0.001056
0.001217
0.001049
0.001209
0.001040
0.000975
0.001223
0.001096
0.001029
0.001023
0.001282
0.001131
0.001028
0.000995
0.001241
0.001092
0.000998
0.000974
0.001225
0.001076
0.000979
0.000952
0.001200
0.001050
0.000954
0.000927
0.001177
0.001028
0.000932
0.000906
0.001157
0.001008
0.000913
0.000888
0.001140
0.000992
0.000899
0.000875
0.001128
0.000981
0.000888
0.000865
0.000893
0.000940
0.000979
0.000997
0.000995
0.000982
0.000968
0.000957
0.000953
0.000954
0.000955
0.000956
0.000954
0.000950
0.000945
0.000938
0.000932
0.000926
0.000920
0.000914
0.000908
0.000901
0.000894
0.000887
0.000879
0.000872
0.000865
0.000858
0.000852
0.000845
0.000839
0.000833
0.000828
0.000823
0.000818
0.000814
0.000810
0.000807
0.000804
0.000801
0.000799
0.000797
0.000796
0.000795
0.000794
0.000793
0.000792
0.000792
0.000791
0.000790
0.000790
0.000789
0.000788
0.000787
0.000785
0.000784
0.000782
0.000779
0.000777
0.000773
0.000770
0.000766
0.000762
0.000758
0.000753
0.000748
0.000742
0.000737
0.000731
0.000725
0.000719
0.000713
0.000706
0.000700
0.000694
0.000688
0.000683
0.000677
0.000672
0.000667
0.000662
0.000657
0.000653
0.000649
0.000646
0.000642
0.000639
0.000637
0.000634
0.000632
0.000630
0.000629
0.000627
0.000626
0.000625
