3.141590
0.712143
-0.957738
-1.499135
-1.165721
-0.471124
0.132256
0.411252
0.358902
0.104022
-0.194713
-0.425116
-0.547317
-0.582759
-0.577169
-0.572959
-0.592497
-0.636620
-0.692649
-0.744783
-0.781637
-0.798973
-0.798448
-0.784512
-0.761481
-0.731920
-0.696475
-0.654609
-0.605589
-0.549189
-0.485943
-0.417017
-0.343900
-0.268111
-0.191028
-0.113845
-0.037630
0.036086
0.107233
0.174670
0.237215
0.293801
0.343560
0.385844
0.420201
0.446337
0.464089
0.473410
0.474379
0.467208
0.452242
0.429966
0.400984
0.366010
0.325848
0.281373
0.233517
0.183252
0.131578
0.079504
0.028038
-0.021315
-0.068534
-0.112591
-0.152464
-0.187251
-0.216232
-0.238870
-0.254784
-0.263716
-0.265512
-0.260119
-0.247587
-0.228086
-0.201902
-0.169443
-0.131221
-0.087849
-0.040016
0.011521
0.065954
0.122434
0.180089
0.238031
0.295375
0.350743
0.404209
0.454862
0.501789
0.544184
0.581408
0.612991
0.638610
0.658052
0.671199
0.678017
0.678563
0.672996
0.661577
0.644671
0.622737
0.596319
0.566027
0.532528
0.496529
0.458769
0.420005
0.381000
0.342517
0.305799
0.270673
0.237921
0.208340
0.182634
0.161358
0.144913
0.133571
0.127505
0.126809
0.131509
0.141555
0.156815
0.177067
0.201999
0.231214
0.264239
0.300542
0.339537
0.380602
0.423088
0.466326
0.509643
0.552369
0.593356
0.632842
0.670136
0.704533
0.735407
0.762271
0.784778
0.802708
0.815933
0.824395
0.828098
0.827110
0.821566
0.811680
0.797741
0.780113
0.759221
0.735545
0.709602
0.681942
0.653131
0.623748
0.594374
0.566064
0.538535
0.512409
0.488340
0.466920
0.448627
0.433814
0.422725
0.415524
0.412314
0.413150
0.418033
0.426908
0.439649
0.456063
0.475884
0.498785
0.524385
0.552257
0.581944
0.612960
0.644805
0.676970
0.708943
0.739749
0.769713
0.798294
0.824917
0.849061
0.870310
0.888365
0.903031
0.914191
0.921784
0.925795
0.926250
0.923225
0.916851
0.907320
0.894883
0.879844
0.862551
0.843389
0.822766
0.801111
0.778859
0.756450
0.734323
0.713366
0.693201
0.674285
0.657111
0.642126
0.629685
0.620035
0.613326
0.609636
0.608993
0.611389
0.616781
0.625087
0.636180
0.649882
0.665964
0.684150
0.704126
0.725548
0.748048
0.771247
0.794759
0.818197
0.840726
0.862744
0.883835
0.903543
0.921445
0.937198
0.950559
0.961372
0.969550
0.975051
0.977867
0.978016
0.975552
0.970564
0.963189
0.953606
0.942040
0.928751
0.914028
0.898181
0.881533
0.864417
0.847163
0.830102
0.814004
0.798428
0.783725
0.770283
0.758465
0.748560
0.740765
0.735195
0.731901
0.730892
0.732152
0.735640
0.741293
0.749014
0.758672
0.770097
0.783084
0.797393
0.812763
0.828914
0.845560
0.862407
0.879164
0.895108
0.910692
0.925605
0.939488
0.952003
0.962876
0.971917
0.979013
0.984110
0.987192
0.988268
0.987364
0.984528
0.979831
0.973375
0.965298
0.955769
0.944988
0.933175
0.920567
0.907412
0.893960
0.880462
0.867163
0.854737
0.842696
0.831299
0.820854
0.811649
0.803914
0.797801
0.793389
0.790701
0.789724
0.790428
0.792766
0.796680
0.802091
0.808897
0.816966
0.826141
0.836239
0.847059
0.858388
0.870005
0.881692
0.893232
0.903985
0.914453
0.924405
0.933561
0.941652
0.948462
0.953847
0.957731
0.960092
0.960937
0.960295
0.958201
0.954704
0.949864
0.943764
0.936510
0.928235
0.919091
0.909249
0.898892
0.888208
0.877385
0.866611
0.856492
0.846506
0.836858
0.827803
0.819590
0.812419
0.806425
0.801679
0.798202
0.795990
0.795019
0.795261
0.796683
0.799239
0.802863
0.807473
0.812960
0.819196
0.826036
0.833324
0.840898
0.848594
0.856251
0.863287
0.870241
0.876928
0.883116
0.888574
0.893115
0.896613
0.899003
0.900267
0.900413
0.899461
0.897434
0.894361
0.890278
0.885234
0.879299
0.872561
0.865129
0.857126
0.848684
0.839943
0.831044
0.822124
0.813320
0.805181
0.797149
0.789375
0.782065
0.775420
0.769602
0.764709
0.760785
0.757827
0.755809
0.754695
0.754449
0.755032
0.756404
0.758513
0.761292
0.764657
0.768508
0.772734
0.777214
0.781826
0.786448
0.790961
0.794833
0.798637
0.802237
0.805445
0.808069
0.809959
0.811022
0.811221
0.810560
0.809063
0.806766
0.803700
0.799895
0.795385
0.790210
0.784425
0.778098
0.771314
0.764169
0.756764
0.749205
0.741596
0.734038
0.727050
0.720039
0.713129
0.706498
0.700324
0.694749
0.689861
0.685692
0.682236
0.679469
0.677358
0.675878
0.675003
0.674710
0.674970
0.675738
0.676958
0.678561
0.680465
0.682582
0.684822
0.687096
0.689316
0.690978
0.692687
0.694333
0.695747
0.696759
0.697235
0.697092
0.696304
0.694879
0.692843
0.690225
0.687050
0.683337
0.679102
0.674367
0.669167
0.663547
0.657567
0.651296
0.644808
0.638180
0.631490
0.624811
0.618638
0.612349
0.606045
0.599886
0.594037
0.588626
0.583727
0.579365
0.575528
0.572190
0.569322
0.566905
0.564926
0.563373
0.562233
0.561479
0.561076
0.560973
0.561112
0.561429
0.561859
0.562336
0.562796
0.562753
0.562847
0.562981
0.563002
0.562751
0.562105
0.560995
0.559401
0.557338
0.554833
0.551914
0.548597
0.544891
0.540801
0.536336
0.531515
0.526367
0.520934
0.515265
0.509415
0.503440
0.497396
0.491336
0.485312
0.479802
0.474148
0.468437
0.462817
0.457438
0.452415
0.447804
0.443616
0.439824
0.436395
0.433296
0.430506
0.428017
0.425822
0.423911
0.422269
0.420866
0.419664
0.418619
0.417681
0.416802
0.415934
0.415031
0.413619
0.412372
0.411208
0.409981
0.408542
0.406782
0.404645
0.402129
0.399258
0.396067
0.392587
0.388834
0.384812
0.380523
0.375971
0.371168
0.366136
0.360907
0.355521
0.350019
0.344442
0.338830
0.333222
0.328093
0.322747
0.317267
0.311799
0.306491
0.301450
0.296726
0.292320
0.288204
0.284342
0.280708
0.277290
0.274086
0.271102
0.268338
0.265786
0.263429
0.261238
0.259182
0.257225
0.255332
0.253471
0.251608
0.249714
0.247314
0.245125
0.243065
0.240987
0.238746
0.236240
0.233428
0.230318
0.226944
0.223346
0.219552
0.215575
0.211415
0.207067
0.202529
0.197811
0.192928
0.187907
0.182777
0.177569
0.172314
0.167040
0.161772
0.156990
0.151953
0.146747
0.141520
0.136419
0.131543
0.126930
0.122568
0.118422
0.114453
0.110636
0.106962
0.103437
0.100068
0.096860
0.093809
0.090901
0.088114
0.085423
0.082801
0.080225
0.077669
0.075113
0.071884
0.069271
0.066818
0.064343
0.061699
0.058812
0.055676
0.052328
0.048815
0.045173
0.041417
0.037540
0.033529
0.029368
0.025051
0.020585
0.015983
0.011266
0.006457
0.001577
-0.003355
-0.008320
-0.013301
-0.018282
-0.023244
-0.027701
-0.032435
-0.037357
-0.042308
-0.047141
-0.051767
-0.056162
-0.060351
-0.064379
-0.068288
-0.072102
-0.075825
-0.079449
-0.082964
-0.086366
-0.089659
-0.092855
-0.095975
-0.099037
-0.102062
-0.105068
-0.108070
-0.111082
-0.114596
-0.117803
-0.120800
-0.123748
-0.126799
-0.130040
-0.133492
-0.137127
-0.140896
-0.144760
-0.148700
-0.152714
-0.156814
-0.161012
-0.165314
-0.169718
-0.174213
-0.178781
-0.183406
-0.188072
-0.192763
-0.197468
-0.202174
-0.206869
-0.211057
-0.215567
-0.220297
-0.225078
-0.229760
-0.234256
-0.238554
-0.242687
-0.246707
-0.250651
-0.254539
-0.258368
-0.262126
-0.265800
-0.269383
-0.272879
-0.276299
-0.279658
-0.282970
-0.286251
-0.289511
-0.292760
-0.296009
-0.299759
-0.303158
-0.306315
-0.309405
-0.312582
-0.315928
-0.319452
-0.323118
-0.326874
-0.330682
-0.334527
-0.338416
-0.342362
-0.346382
-0.350480
-0.354655
-0.358898
-0.363195
-0.367534
-0.371903
-0.376293
-0.380696
-0.385105
-0.389511
-0.393904
-0.397776
-0.402001
-0.406461
-0.410978
-0.415396
-0.419638
-0.423703
-0.427633
-0.431482
-0.435288
-0.439065
-0.442806
-0.446496
-0.450123
-0.453680
-0.457171
-0.460607
-0.464000
-0.467362
-0.470702
-0.474028
-0.477346
-0.481169
-0.484604
-0.487773
-0.490862
-0.494028
-0.497347
-0.500821
-0.504403
-0.508040
-0.511698
-0.515366
-0.519054
-0.522779
-0.526558
-0.530396
-0.534292
-0.538236
-0.542219
-0.546232
-0.550267
-0.554319
-0.558383
-0.562454
-0.566526
-0.570594
-0.574649
-0.578172
-0.582806
-0.586368
-0.590167
-0.594143
-0.598171
-0.602137
-0.605977
-0.609685
-0.613289
-0.616829
-0.620334
-0.623818
-0.627278
-0.630706
-0.634094
-0.637439
-0.640745
-0.644020
-0.647274
-0.650513
-0.653746
-0.657494
-0.660835
-0.663898
-0.666880
-0.669936
-0.673138
-0.676477
-0.679903
-0.683362
-0.686820
-0.690269
-0.693722
-0.697197
-0.700707
-0.704260
-0.707851
-0.711474
-0.715119
-0.718780
-0.722452
-0.726132
-0.729817
-0.733503
-0.737187
-0.740865
-0.744531
-0.748180
-0.751287
-0.755530
-0.758677
-0.762075
-0.765661
-0.769307
-0.772898
-0.776372
-0.779724
-0.782988
-0.786202
-0.789398
-0.792586
-0.795763
-0.798919
-0.802046
-0.805141
-0.808208
-0.811252
-0.814282
-0.817825
-0.820200
-0.823646
-0.826811
-0.829757
-0.832613
-0.835498
-0.838473
-0.841545
-0.844683
-0.847848
-0.851014
-0.854171
-0.857324
-0.860484
-0.863662
-0.866863
-0.870085
-0.873322
-0.876569
-0.879821
-0.883074
-0.886325
-0.889572
-0.892813
-0.896046
-0.899267
-0.902474
-0.904917
-0.908920
-0.911768
-0.914784
-0.917926
-0.921105
-0.924244
-0.927299
-0.930269
-0.933176
-0.936046
-0.938899
-0.941744
-0.944578
-0.947395
-0.950189
-0.952959
-0.955705
-0.958433
-0.961666
-0.963733
-0.966856
-0.969695
-0.972310
-0.974827
-0.977362
-0.979977
-0.982678
-0.985433
-0.988206
-0.990969
-0.993712
-0.996441
-0.999166
-1.001900
-1.004646
-1.007406
-1.010175
-1.012948
-1.015721
-1.018491
-1.021256
-1.024016
-1.026770
-1.029516
-1.032253
-1.034978
-1.037689
-1.040383
-1.042324
-1.045797
-1.048145
-1.050659
-1.053299
-1.055982
-1.058631
-1.061204
-1.063698
-1.066135
-1.068541
-1.070936
-1.073329
-1.075718
-1.078097
-1.080459
-1.082581
-1.085598
-1.087413
-1.090164
-1.091838
-1.094571
-1.097031
-1.099255
-1.101357
-1.103453
-1.105614
-1.107856
-1.110156
-1.112475
-1.114782
-1.117064
-1.119321
-1.121563
-1.123801
-1.126043
-1.128291
-1.130542
-1.132791
-1.135034
-1.137268
-1.139492
-1.141706
-1.143909
-1.146101
-1.148281
-1.150448
-1.152600
-1.154737
-1.156856
-1.158241
-1.161103
-1.162892
-1.165557
-1.167069
-1.168785
-1.171442
-1.172971
-1.174689
-1.177316
-1.178578
-1.181112
-1.182313
-1.184601
-1.185965
-1.188371
-1.189772
-1.192140
-1.193464
-1.195751
-1.197726
-1.198727
-1.200844
-1.202803
-1.204587
-1.206250
-1.207872
-1.209513
-1.211202
-1.212935
-1.214690
-1.216444
-1.218178
-1.219888
-1.221577
-1.223251
-1.224917
-1.226580
-1.228238
-1.229890
-1.231533
-1.233163
-1.234779
-1.236380
-1.237966
-1.239538
-1.241095
-1.242637
-1.244164
-1.245674
-1.246477
-1.248684
-1.249679
-1.251886
-1.252753
-1.254579
-1.255461
-1.257319
-1.258223
-1.260073
-1.260946
-1.262748
-1.263572
-1.265331
-1.266125
-1.267860
-1.268638
-1.270356
-1.271799
-1.272306
-1.273852
-1.275241
-1.276459
-1.277558
-1.278611
-1.279678
-1.280788
-1.281941
-1.283117
-1.284291
-1.285446
-1.286573
-1.287675
-1.288757
-1.289828
-1.290892
-1.291951
-1.293003
-1.294045
-1.295074
-1.296088
-1.297087
-1.298070
-1.299038
-1.299991
-1.300929
-1.301853
-1.302761
-1.303654
-1.304531
-1.305391
-1.305572
-1.307079
-1.307453
-1.308784
-1.309201
-1.310486
-1.310811
-1.311992
-1.312237
-1.313371
-1.313599
-1.314730
-1.314958
-1.316080
-1.316948
-1.316916
-1.317855
-1.318647
-1.319279
-1.319795
-1.320264
-1.320740
-1.321254
-1.321807
-1.322383
-1.322960
-1.323518
-1.324048
-1.324551
-1.325031
-1.325496
-1.325952
-1.326402
-1.326845
-1.327278
-1.327699
-1.328105
-1.328495
-1.328869
-1.329227
-1.329571
-1.329900
-1.330215
-1.330516
-1.330801
-1.331072
-1.331328
-1.331568
-1.331793
-1.332003
-1.332199
-1.332380
-1.332546
-1.332699
-1.332838
-1.332963
-1.333075
-1.333174
-1.333260
-1.333333
-1.333394
-1.333444
-1.333481
-1.333507
-1.333521
-1.333523
-1.333515
-1.333495
-1.333465
-1.333423
-1.333369
-1.333305
-1.333229
-1.333142
-1.333043
-1.332933
-1.332810
-1.332676
-1.332529
-1.332369
-1.332196
-1.332011
-1.331812
-1.331599
-1.331373
-1.331133
-1.330878
-1.330610
-1.330327
-1.330029
-1.329717
-1.329391
-1.329050
-1.328694
-1.328324
-1.327939
-1.327540
-1.327126
-1.326699
-1.326258
-1.325802
-1.325334
-1.324852
-1.324357
-1.323848
-1.323328
-1.322794
-1.322248
-1.321691
-1.321121
-1.320539
-1.319945
-1.319340
-1.318723
-1.318095
-1.317455
-1.316804
-1.316141
-1.315467
-1.314781
-1.314083
-1.313373
-1.312652
-1.311918
-1.311172
-1.310414
-1.309643
-1.308859
-1.308062
-1.307252
-1.306429
-1.305593
-1.304743
-1.303879
-1.303002
-1.302111
-1.301206
-1.300287
-1.299354
-1.298407
-1.297447
-1.296472
-1.295484
-1.294482
-1.293467
-1.292438
-1.291396
-1.290340
-1.289272
-1.288190
-1.287097
-1.285990
-1.284871
-1.283740
-1.282597
-1.281442
-1.280275
-1.279096
-1.277906
-1.276704
-1.275491
-1.274266
-1.273030
-1.271782
-1.270523
-1.269253
-1.267970
-1.266677
-1.265371
-1.264054
-1.262725
-1.261383
-1.260030
-1.258664
-1.257286
-1.255896
-1.254492
-1.253077
-1.251648
-1.250206
-1.248752
-1.247285
-1.245804
-1.244310
-1.242804
-1.241284
-1.239751
-1.238206
-1.236647
-1.235075
-1.233491
-1.231894
-1.230284
-1.228662
-1.227027
-1.225381
-1.223722
-1.222051
-1.220368
-1.218674
-1.216968
-1.215250
-1.213522
-1.211781
-1.210030
-1.208267
-1.206494
-1.204709
-1.202913
-1.201106
-1.199288
-1.197459
-1.195619
-1.193768
-1.191905
-1.190032
-1.188147
-1.186251
-1.184343
-1.182424
-1.180493
-1.178550
-1.176596
-1.174630
-1.172652
-1.170662
-1.168660
-1.166646
-1.164620
-1.162582
-1.160532
-1.158470
-1.156395
-1.154309
-1.152211
-1.150101
-1.147980
-1.145846
-1.143701
-1.141544
-1.139376
-1.137197
-1.135006
-1.132805
-1.130592
-1.128368
-1.126133
-1.123888
-1.121632
-1.119365
-1.117088
-1.114801
-1.112503
-1.110195
-1.107876
-1.105547
-1.103208
-1.100858
-1.098498
-1.096128
-1.093747
-1.091356
-1.088955
-1.086543
-1.084121
-1.081688
-1.079244
-1.076790
-1.074325
-1.071849
-1.069363
-1.066865
-1.064357
-1.061838
-1.059309
-1.056768
-1.054216
-1.051654
-1.049081
-1.046497
-1.043902
-1.041297
-1.038681
-1.036055
-1.033418
-1.030770
-1.028113
-1.025445
-1.022767
-1.020079
-1.017381
-1.014673
-1.011955
-1.009228
-1.006491
-1.003745
-1.000988
-0.998223
-0.995448
-0.992664
-0.989870
-0.987067
-0.984255
-0.981433
-0.978602
-0.975762
-0.972913
-0.970054
-0.967186
-0.964309
-0.961422
-0.958526
-0.955620
-0.952705
-0.949781
-0.946847
-0.943904
-0.940951
-0.937989
-0.935017
-0.932035
-0.929044
-0.926044
-0.923034
-0.920015
-0.916987
-0.913949
-0.910902
-0.907845
-0.904780
-0.901705
-0.898622
-0.895529
-0.892427
-0.889317
-0.886198
-0.883070
-0.879934
-0.876789
-0.873636
-0.870474
-0.867304
-0.864125
-0.860939
-0.857744
-0.854541
-0.851330
-0.848111
-0.844884
-0.841649
-0.838406
-0.835155
-0.831896
-0.828629
-0.825354
-0.822071
-0.818780
-0.815481
-0.812173
-0.808858
-0.805535
-0.802204
-0.798865
-0.795518
-0.792163
-0.788800
-0.785429
-0.782050
-0.778663
-0.775268
-0.771866
-0.768455
-0.765037
-0.761611
-0.758177
-0.754736
-0.751287
-0.747830
-0.744367
-0.740895
-0.737417
-0.733931
-0.730438
-0.726938
-0.723430
-0.719916
-0.716395
-0.712867
-0.709332
-0.705790
-0.702242
-0.698687
-0.695125
-0.691556
-0.687982
-0.684400
-0.680812
-0.677217
-0.673616
-0.670009
-0.666395
-0.662775
-0.659148
-0.655514
-0.651875
-0.648229
-0.644576
-0.640917
-0.637252
-0.633580
-0.629902
-0.626218
-0.622527
-0.618830
-0.615127
-0.611417
-0.607106
-0.603943
-0.600427
-0.596178
-0.592968
-0.588738
-0.585346
-0.581206
-0.577881
-0.573765
-0.570424
-0.566266
-0.562877
-0.558677
-0.555263
-0.551052
-0.547639
-0.543430
-0.540193
-0.535858
-0.532335
-0.528051
-0.524785
-0.520450
-0.517119
-0.512726
-0.509360
-0.504953
-0.501593
-0.497196
-0.493846
-0.489450
-0.486093
-0.481682
-0.478311
-0.473883
-0.470499
-0.466061
-0.462671
-0.458225
-0.454829
-0.450376
-0.446973
-0.442509
-0.439097
-0.434622
-0.431201
-0.426716
-0.423288
-0.418794
-0.415358
-0.410855
-0.407412
-0.402898
-0.399447
-0.394924
-0.391466
-0.386934
-0.383469
-0.378928
-0.375456
-0.370906
-0.367428
-0.362869
-0.359385
-0.354818
-0.351328
-0.346753
-0.343257
-0.338675
-0.335174
-0.330584
-0.327078
-0.322481
-0.318970
-0.314366
-0.310851
-0.306240
-0.302720
-0.298102
-0.294578
-0.289954
-0.286426
-0.281795
-0.278263
-0.273626
-0.270089
-0.265631
-0.261955
-0.257196
-0.253597
-0.249128
-0.245481
-0.240944
-0.237241
-0.232670
-0.228962
-0.224403
-0.220714
-0.216169
-0.212488
-0.207939
-0.204249
-0.199688
-0.195990
-0.191421
-0.187720
-0.183149
-0.179449
-0.174876
-0.171174
-0.166597
-0.162892
-0.158309
-0.154601
-0.150014
-0.146303
-0.141712
-0.137999
-0.133403
-0.129689
-0.125089
-0.121372
-0.116768
-0.113049
-0.108441
-0.104720
-0.100108
-0.096386
-0.091771
-0.088048
-0.083430
-0.079706
-0.075085
-0.071360
-0.066737
-0.063012
-0.058387
-0.054662
-0.050035
-0.046311
-0.041682
-0.037959
-0.033329
-0.029606
-0.024975
-0.021254
-0.016622
-0.012902
-0.008269
-0.004550
0.000083
0.003801
0.008434
0.012151
0.016785
0.020500
0.025134
0.028848
0.033483
0.037195
0.041830
0.045540
0.050177
0.053885
0.058522
0.062228
0.066865
0.070570
0.075207
0.078910
0.083547
0.087247
0.091885
0.095582
0.100219
0.103914
0.108550
0.112242
0.116877
0.120566
0.125200
0.128886
0.133518
0.137199
0.141830
0.145507
0.150136
0.153809
0.158435
0.162104
0.166727
0.170391
0.175012
0.178671
0.183289
0.186943
0.191558
0.195207
0.199819
0.203462
0.208071
0.211709
0.216315
0.219947
0.224550
0.228177
0.232776
0.236397
0.240993
0.244609
0.249201
0.252811
0.257400
0.261004
0.265589
0.269188
0.273768
0.277361
0.281938
0.285524
0.290096
0.293676
0.298244
0.301818
0.306381
0.309947
0.314505
0.318065
0.322617
0.326170
0.330717
0.334261
0.338803
0.342339
0.346875
0.350404
0.354933
0.358453
0.362976
0.366488
0.371005
0.374508
0.379018
0.382512
0.387015
0.390501
0.394997
0.398474
0.402963
0.406431
0.410912
0.414371
0.418846
0.422295
0.426762
0.430203
0.434662
0.438094
0.442546
0.445968
0.450412
0.453825
0.458261
0.461664
0.466092
0.469485
0.473905
0.477289
0.481701
0.485074
0.489477
0.492840
0.497234
0.500587
0.504972
0.508314
0.512690
0.516021
0.520388
0.523708
0.528065
0.531374
0.535721
0.539018
0.543355
0.546640
0.550967
0.554241
0.558557
0.561819
0.566125
0.569374
0.573669
0.576907
0.581191
0.584416
0.588689
0.591903
0.596164
0.599365
0.603616
0.606804
0.611044
0.614219
0.618447
0.621610
0.625827
0.628977
0.633182
0.636319
0.640512
0.643637
0.647818
0.650929
0.655098
0.658196
0.662353
0.665438
0.669582
0.672653
0.676784
0.679842
0.683960
0.687004
0.691109
0.694139
0.698231
0.701247
0.705325
0.708326
0.712391
0.715378
0.719428
0.722400
0.726437
0.729394
0.733416
0.736359
0.740367
0.743294
0.747287
0.750945
0.753569
0.757404
0.761044
0.764478
0.767035
0.770912
0.774628
0.778115
0.780676
0.784515
0.788170
0.791594
0.794105
0.797908
0.801539
0.804942
0.807429
0.811204
0.814802
0.818170
0.820623
0.824364
0.827930
0.831266
0.833687
0.837397
0.840930
0.844234
0.846622
0.850298
0.853798
0.857069
0.859423
0.863067
0.866533
0.869769
0.872836
0.875835
0.878849
0.881921
0.885045
0.888196
0.891342
0.894464
0.897556
0.900623
0.903675
0.906720
0.909763
0.912802
0.915835
0.918860
0.921874
0.924876
0.927868
0.930851
0.933824
0.936788
0.939744
0.942691
0.945628
0.948556
0.951475
0.954384
0.957283
0.960174
0.963055
0.965926
0.968789
0.971641
0.974485
0.977319
0.980143
0.982958
0.985763
0.988558
0.991344
0.994121
0.996887
0.999644
1.002391
1.005128
1.007855
1.010573
1.013280
1.015977
1.018665
1.021342
1.024009
1.026666
1.029312
1.031948
1.034574
1.037190
1.039796
1.042391
1.044975
1.047549
1.050113
1.052666
1.055209
1.057741
1.060263
1.062774
1.065275
1.067765
1.070244
1.072713
1.075172
1.077620
1.080057
1.082483
1.084899
1.087305
1.089699
1.092083
1.094456
1.096819
1.099171
1.101512
1.103842
1.106162
1.108471
1.110768
1.113055
1.115331
1.117597
1.119851
1.122094
1.124326
1.126547
1.128757
1.130956
1.133143
1.135320
1.137485
1.139639
1.141782
1.143913
1.146033
1.148141
1.150238
1.152324
1.154398
1.156461
1.158512
1.160552
1.162580
1.164597
1.166602
1.168595
1.170577
1.172547
1.174506
1.176453
1.178389
1.180313
1.182225
1.184125
1.186014
1.187892
1.189757
1.191611
1.193453
1.195284
1.197103
1.198910
1.200705
1.202489
1.204261
1.206020
1.207769
1.209505
1.211229
1.212942
1.214642
1.216331
1.218007
1.219672
1.221325
1.222965
1.224594
1.226210
1.227814
1.229406
1.230986
1.232554
1.234109
1.235652
1.237183
1.238702
1.240208
1.241702
1.243184
1.244654
1.246111
1.247556
1.248988
1.250408
1.251816
1.253211
1.254594
1.255964
1.257322
1.258668
1.260001
1.261322
1.262631
1.263927
1.265211
1.266482
1.267740
1.268987
1.270221
1.271442
1.272651
1.273847
1.275031
1.276202
1.277361
1.278507
1.279641
1.280762
1.281870
1.282966
1.284049
1.285120
1.286178
1.287223
1.288255
1.289275
1.290282
1.291276
1.292257
1.293226
1.294181
1.295124
1.296055
1.296972
1.297876
1.298768
1.299647
1.300512
1.301365
1.302206
1.303033
1.303847
1.304649
1.305437
1.306213
1.306976
1.307725
1.308462
1.309186
1.309898
1.310596
1.311281
1.311954
1.312613
1.313260
1.313894
1.314515
1.315123
1.315717
1.316299
1.316869
1.317425
1.317968
1.318498
1.319015
1.319519
1.320011
1.320489
1.320954
1.321406
1.321845
1.322271
1.322684
1.323084
1.323471
1.323844
1.324205
1.324553
1.324887
1.325208
1.325517
1.325812
1.326094
1.326362
1.326618
1.326861
1.327090
1.327307
1.327510
1.327700
1.327877
1.328041
1.328192
1.328329
1.328454
1.328565
1.328664
1.328749
1.328821
1.328881
1.328927
1.328959
1.328979
1.328986
1.328980
1.328960
1.328928
1.328882
1.328824
1.328752
1.328667
1.328569
1.328458
1.328334
1.328197
1.328047
1.327883
1.327707
1.327517
1.327315
1.327099
1.326870
1.326628
1.326373
1.326104
1.325823
1.325528
1.325221
1.324900
1.324566
1.324219
1.323859
1.323486
1.323100
1.322701
1.322288
1.321863
1.321424
1.320973
1.320508
1.320031
1.319540
1.319037
1.318520
1.317990
1.317448
1.316892
1.316324
1.315742
1.315148
1.314540
1.313920
1.313287
1.312640
1.311981
1.311309
1.310624
1.309926
1.309215
1.308491
1.307755
1.307005
1.306243
1.305467
1.304679
1.303878
1.303064
1.302237
1.301397
1.300545
1.299679
1.298801
1.297910
1.297006
1.296089
1.295159
1.294217
1.293262
1.292294
1.291313
1.290319
1.289313
1.288294
1.287262
1.286218
1.285161
1.284091
1.283008
1.281913
1.280805
1.279685
1.278552
1.277406
1.276248
1.275077
1.273894
1.272698
1.271490
1.270269
1.269035
1.267789
1.266530
1.265259
1.263976
1.262680
1.261372
1.260051
1.258717
1.257372
1.256014
1.254643
1.253260
1.251865
1.250457
1.249037
1.247605
1.246160
1.244703
1.243234
1.241753
1.240259
1.238753
1.237234
1.235704
1.234161
1.232606
1.231039
1.229460
1.227868
1.226265
1.224649
1.223021
1.221382
1.219730
1.218066
1.216390
1.214702
1.213002
1.211290
1.209566
1.207831
1.206083
1.204323
1.202552
1.200769
1.198974
1.197167
1.195348
1.193517
1.191675
1.189821
1.187955
1.186078
1.184189
1.182288
1.180375
1.178451
1.176515
1.174568
1.172609
1.170638
1.168656
1.166662
1.164657
1.162640
1.160612
1.158572
1.156521
1.154458
1.152384
1.150299
1.148202
1.146094
1.143974
1.141844
1.139702
1.137549
1.135384
1.133208
1.131021
1.128823
1.126614
1.124394
1.122163
1.119920
1.117667
1.115402
1.113127
1.110840
1.108543
1.106234
1.103915
1.101585
1.099244
1.096892
1.094529
1.092156
1.089771
1.087376
1.084971
1.082554
1.080127
1.077689
1.075241
1.072782
1.070312
1.067832
1.065341
1.062840
1.060328
1.057806
1.055273
1.052730
1.050176
1.047612
1.045038
1.042453
1.039858
1.037253
1.034638
1.032012
1.029376
1.026730
1.024074
1.021408
1.018732
1.016045
1.013349
1.010643
1.007926
1.005200
1.002464
0.999718
0.996962
0.994196
0.991420
0.988635
0.985840
0.983035
0.980220
0.977396
0.974562
0.971719
0.968866
0.966003
0.963131
0.960249
0.957358
0.954457
0.951547
0.948628
0.945699
0.942761
0.939813
0.936857
0.933891
0.930916
0.927931
0.924938
0.921935
0.918923
0.915902
0.912872
0.909833
0.906785
0.903728
0.900663
0.897588
0.894504
0.891412
0.888311
0.885201
0.882082
0.878955
0.875818
0.872674
0.869520
0.866358
0.863188
0.860009
0.856822
0.853626
0.850421
0.847208
0.843987
0.840758
0.837520
0.833694
0.830973
0.827917
0.824154
0.821221
0.817583
0.814733
0.811117
0.808236
0.804556
0.801606
0.797869
0.794883
0.791132
0.788148
0.784401
0.781587
0.777721
0.774627
0.770798
0.767938
0.764054
0.761129
0.757187
0.754222
0.750262
0.747296
0.743340
0.740379
0.736419
0.733447
0.729470
0.726478
0.722479
0.719469
0.715454
0.712432
0.708405
0.705372
0.701333
0.698287
0.694233
0.691174
0.687104
0.684030
0.680116
0.676322
0.673264
0.669177
0.666073
0.662113
0.658272
0.655169
0.651040
0.647904
0.643915
0.640047
0.636921
0.632762
0.629598
0.625576
0.621676
0.618519
0.614500
0.610593
0.607422
0.603379
0.599446
0.596251
0.592186
0.588235
0.585026
0.580946
0.576981
0.573760
0.569663
0.565681
0.562443
0.558327
0.554327
0.551074
0.546941
0.542924
0.539656
0.535506
0.531473
0.528189
0.524021
0.519971
0.516672
0.512487
0.508421
0.505107
0.500905
0.496823
0.493495
0.489277
0.485178
0.481837
0.477603
0.473490
0.470135
0.465886
0.461759
0.458392
0.454128
0.449987
0.446609
0.442331
0.438177
0.434788
0.430497
0.426329
0.422930
0.418626
0.414446
0.411037
0.406720
0.402529
0.399109
0.394780
0.390577
0.387147
0.382805
0.378591
0.375152
0.370797
0.366571
0.362502
0.359177
0.354865
0.350618
0.346489
0.342471
0.338520
0.334585
0.330622
0.326613
0.322558
0.318475
0.314382
0.310293
0.306217
0.302153
0.298095
0.294036
0.289972
0.285900
0.281819
0.277733
0.273643
0.269551
0.265459
0.261366
0.257271
0.253175
0.249076
0.244973
0.240868
0.236760
0.232650
0.228537
0.224423
0.220307
0.216188
0.212068
0.207946
0.203821
0.199694
0.195566
0.191435
0.187302
0.183168
0.179031
0.174893
0.170753
0.166612
0.162468
0.158323
0.154176
0.150028
0.145878
0.141726
0.137573
0.133419
0.129263
0.125106
0.120948
0.116788
0.112627
0.108465
0.104302
0.100138
0.095973
0.091807
0.087640
0.083472
0.079304
0.075135
0.070965
0.066794
0.062623
0.058452
0.054280
0.050107
0.045934
0.041760
0.037587
0.033413
0.029238
0.025064
0.020889
0.016714
0.012538
0.008363
0.004188
0.000012
-0.004163
-0.008339
-0.012514
-0.016689
-0.020865
-0.025040
-0.029215
-0.033389
-0.037564
-0.041738
-0.045912
-0.050085
-0.054258
-0.058430
-0.062602
-0.066774
-0.070944
-0.075114
-0.079284
-0.083452
-0.087620
-0.091787
-0.095953
-0.100118
-0.104282
-0.108445
-0.112607
-0.116768
-0.120928
-0.125086
-0.129243
-0.133399
-0.137554
-0.141707
-0.145858
-0.150008
-0.154157
-0.158304
-0.162449
-0.166593
-0.170735
-0.174876
-0.179014
-0.183151
-0.187286
-0.191419
-0.195551
-0.199680
-0.203807
-0.207933
-0.212056
-0.216178
-0.220297
-0.224414
-0.228529
-0.232642
-0.236752
-0.240861
-0.244967
-0.249070
-0.253171
-0.257270
-0.261366
-0.265460
-0.269551
-0.273639
-0.277725
-0.281808
-0.285888
-0.289966
-0.294040
-0.298112
-0.302180
-0.306246
-0.310309
-0.314368
-0.318425
-0.322478
-0.326528
-0.330575
-0.334618
-0.338659
-0.342695
-0.346729
-0.350759
-0.354785
-0.358808
-0.362827
-0.366843
-0.370855
-0.374864
-0.378868
-0.382869
-0.386866
-0.390860
-0.394849
-0.398835
-0.402817
-0.406794
-0.410768
-0.414738
-0.418704
-0.422665
-0.426623
-0.430576
-0.434525
-0.438470
-0.442411
-0.446347
-0.450279
-0.454206
-0.458129
-0.462047
-0.465961
-0.469871
-0.473775
-0.477675
-0.481571
-0.485461
-0.489347
-0.493228
-0.497104
-0.500975
-0.504841
-0.508703
-0.512559
-0.516410
-0.520256
-0.524096
-0.527932
-0.531762
-0.535587
-0.539407
-0.543222
-0.547031
-0.550834
-0.554632
-0.558425
-0.562212
-0.565994
-0.569770
-0.573540
-0.577305
-0.581064
-0.584817
-0.588565
-0.592306
-0.596042
-0.599772
-0.603496
-0.607215
-0.610927
-0.614633
-0.618333
-0.622028
-0.625716
-0.629397
-0.633073
-0.636743
-0.640406
-0.644063
-0.647713
-0.651357
-0.654995
-0.658626
-0.662251
-0.665869
-0.669481
-0.673086
-0.676684
-0.680276
-0.683861
-0.687439
-0.691011
-0.694575
-0.698133
-0.701684
-0.705228
-0.708764
-0.712294
-0.715817
-0.719333
-0.722841
-0.726343
-0.729837
-0.733324
-0.736804
-0.740276
-0.743741
-0.747199
-0.750650
-0.754093
-0.757528
-0.760957
-0.764377
-0.767790
-0.771196
-0.774594
-0.777984
-0.781367
-0.784742
-0.788109
-0.791469
-0.794821
-0.798164
-0.801500
-0.804829
-0.808149
-0.811461
-0.814765
-0.818061
-0.821349
-0.824629
-0.827901
-0.831165
-0.834421
-0.837668
-0.840907
-0.844137
-0.847360
-0.850574
-0.853779
-0.856976
-0.860165
-0.863345
-0.866516
-0.869679
-0.872834
-0.875979
-0.879117
-0.882245
-0.885365
-0.888476
-0.891578
-0.894671
-0.897756
-0.900831
-0.903898
-0.906956
-0.910005
-0.913044
-0.916075
-0.919097
-0.922110
-0.925114
-0.928108
-0.931094
-0.934070
-0.937037
-0.939995
-0.942943
-0.945882
-0.948812
-0.951733
-0.954644
-0.957546
-0.960438
-0.963321
-0.966194
-0.969058
-0.971912
-0.974757
-0.977592
-0.980417
-0.983233
-0.986038
-0.988835
-0.991621
-0.994398
-0.997164
-0.999921
-1.002668
-1.005406
-1.008133
-1.010850
-1.013557
-1.016254
-1.018942
-1.021619
-1.024286
-1.026943
-1.029589
-1.032226
-1.034852
-1.037468
-1.040074
-1.042670
-1.045255
-1.047830
-1.050395
-1.052949
-1.055493
-1.058027
-1.060550
-1.063062
-1.065565
-1.068056
-1.070537
-1.073008
-1.075468
-1.077917
-1.080356
-1.082784
-1.085201
-1.087608
-1.090004
-1.092389
-1.094763
-1.097127
-1.099479
-1.101821
-1.104152
-1.106472
-1.108781
-1.111080
-1.113367
-1.115643
-1.117908
-1.120162
-1.122405
-1.124637
-1.126858
-1.129068
-1.131266
-1.133454
-1.135630
-1.137795
-1.139949
-1.142091
-1.144222
-1.146342
-1.148451
-1.150548
-1.152634
-1.154708
-1.156771
-1.158823
-1.160863
-1.162892
-1.164909
-1.166915
-1.168909
-1.170892
-1.172863
-1.174823
-1.176771
-1.178707
-1.180632
-1.182545
-1.184447
-1.186336
-1.188214
-1.190081
-1.191935
-1.193778
-1.195609
-1.197428
-1.199236
-1.201031
-1.202815
-1.204587
-1.206347
-1.208095
-1.209831
-1.211555
-1.213267
-1.214967
-1.216655
-1.218331
-1.219996
-1.221648
-1.223288
-1.224915
-1.226531
-1.228135
-1.229726
-1.231306
-1.232873
-1.234428
-1.235971
-1.237502
-1.239020
-1.240526
-1.242020
-1.243502
-1.244971
-1.246428
-1.247873
-1.249306
-1.250726
-1.252134
-1.253529
-1.254912
-1.256283
-1.257641
-1.258987
-1.260321
-1.261642
-1.262950
-1.264247
-1.265530
-1.266801
-1.268060
-1.269306
-1.270540
-1.271761
-1.272969
-1.274165
-1.275349
-1.276519
-1.277677
-1.278823
-1.279956
-1.281076
-1.282184
-1.283279
-1.284361
-1.285430
-1.286487
-1.287532
-1.288563
-1.289582
-1.290588
-1.291581
-1.292561
-1.293529
-1.294484
-1.295426
-1.296356
-1.297272
-1.298176
-1.299067
-1.299945
-1.300810
-1.301663
-1.302502
-1.303329
-1.304143
-1.304944
-1.305732
-1.306508
-1.307270
-1.308019
-1.308756
-1.309480
-1.310190
-1.310888
-1.311573
-1.312245
-1.312904
-1.313550
-1.314183
-1.314803
-1.315410
-1.316004
-1.316585
-1.317153
-1.317708
-1.318250
-1.318779
-1.319295
-1.319798
-1.320288
-1.320765
-1.321229
-1.321680
-1.322117
-1.322542
-1.322954
-1.323352
-1.323738
-1.324110
-1.324470
-1.324816
-1.325149
-1.325470
-1.325777
-1.326071
-1.326351
-1.326619
-1.326874
-1.327116
-1.327344
-1.327559
-1.327762
-1.327951
-1.328127
-1.328290
-1.328440
-1.328577
-1.328700
-1.328811
-1.328908
-1.328993
-1.329064
-1.329122
-1.329167
-1.329199
-1.329217
-1.329223
-1.329215
-1.329195
-1.329161
-1.329114
-1.329054
-1.328981
-1.328895
-1.328795
-1.328683
-1.328557
-1.328419
-1.328267
-1.328102
-1.327924
-1.327732
-1.327528
-1.327311
-1.327080
-1.326837
-1.326580
-1.326310
-1.326027
-1.325731
-1.325422
-1.325100
-1.324765
-1.324417
-1.324055
-1.323681
-1.323293
-1.322893
-1.322479
-1.322052
-1.321613
-1.321160
-1.320694
-1.320215
-1.319724
-1.319219
-1.318701
-1.318170
-1.317626
-1.317069
-1.316499
-1.315916
-1.315320
-1.314711
-1.314090
-1.313455
-1.312807
-1.312146
-1.311472
-1.310786
-1.310086
-1.309374
-1.308648
-1.307910
-1.307159
-1.306394
-1.305617
-1.304827
-1.304024
-1.303209
-1.302380
-1.301539
-1.300684
-1.299817
-1.298937
-1.298045
-1.297139
-1.296221
-1.295289
-1.294345
-1.293389
-1.292419
-1.291437
-1.290442
-1.289434
-1.288414
-1.287381
-1.286335
-1.285276
-1.284205
-1.283121
-1.282024
-1.280915
-1.279793
-1.278659
-1.277512
-1.276352
-1.275180
-1.273995
-1.272797
-1.271587
-1.270365
-1.269129
-1.267882
-1.266622
-1.265349
-1.264064
-1.262766
-1.261456
-1.260133
-1.258799
-1.257451
-1.256091
-1.254719
-1.253334
-1.251937
-1.250528
-1.249106
-1.247672
-1.246226
-1.244767
-1.243297
-1.241813
-1.240318
-1.238810
-1.237290
-1.235758
-1.234214
-1.232658
-1.231089
-1.229508
-1.227915
-1.226310
-1.224693
-1.223064
-1.221423
-1.219769
-1.218104
-1.216426
-1.214737
-1.213036
-1.211322
-1.209597
-1.207860
-1.206111
-1.204350
-1.202577
-1.200792
-1.198995
-1.197187
-1.195366
-1.193534
-1.191690
-1.189835
-1.187967
-1.186088
-1.184197
-1.182295
-1.180381
-1.178455
-1.176517
-1.174568
-1.172608
-1.170635
-1.168652
-1.166656
-1.164649
-1.162631
-1.160601
-1.158560
-1.156507
-1.154443
-1.152368
-1.150281
-1.148183
-1.146073
-1.143952
-1.141820
-1.139677
-1.137522
-1.135356
-1.133179
-1.130991
-1.128792
-1.126581
-1.124359
-1.122127
-1.119883
-1.117628
-1.115362
-1.113085
-1.110797
-1.108498
-1.106189
-1.103868
-1.101536
-1.099194
-1.096840
-1.094476
-1.092101
-1.089716
-1.087319
-1.084912
-1.082494
-1.080065
-1.077626
-1.075176
-1.072716
-1.070245
-1.067763
-1.065271
-1.062768
-1.060255
-1.057731
-1.055197
-1.052653
-1.050098
-1.047533
-1.044957
-1.042371
-1.039775
-1.037168
-1.034552
-1.031925
-1.029288
-1.026641
-1.023983
-1.021316
-1.018638
-1.015951
-1.013253
-1.010546
-1.007828
-1.005100
-1.002363
-0.999616
-0.996859
-0.994092
-0.991315
-0.988528
-0.985732
-0.982926
-0.980110
-0.977284
-0.974449
-0.971605
-0.968750
-0.965886
-0.963013
-0.960130
-0.957238
-0.954336
-0.951425
-0.948504
-0.945574
-0.942635
-0.939686
-0.936728
-0.933761
-0.930785
-0.927799
-0.924804
-0.921801
-0.918788
-0.915766
-0.912735
-0.909695
-0.906646
-0.903588
-0.900521
-0.897445
-0.894361
-0.891267
-0.888165
-0.885054
-0.881934
-0.878806
-0.875669
-0.872523
-0.869369
-0.866206
-0.863034
-0.859854
-0.856666
-0.853469
-0.850264
-0.847050
-0.843828
-0.840597
-0.837359
-0.834112
-0.830857
-0.827593
-0.824322
-0.821042
-0.817754
-0.814458
-0.811154
-0.807842
-0.804523
-0.801195
-0.797859
-0.794515
-0.791164
-0.787805
-0.784438
-0.781063
-0.777681
-0.774290
-0.770893
-0.767487
-0.764074
-0.760654
-0.757226
-0.753790
-0.750347
-0.746897
-0.743440
-0.739974
-0.736502
-0.733023
-0.729536
-0.726042
-0.722541
-0.719032
-0.715517
-0.711994
-0.708465
-0.704929
-0.701385
-0.697835
-0.694278
-0.690713
-0.687143
-0.683565
-0.679980
-0.676389
-0.672792
-0.669187
-0.665576
-0.661958
-0.658334
-0.654704
-0.651067
-0.647423
-0.643773
-0.640117
-0.636454
-0.632785
-0.629110
-0.625429
-0.621741
-0.618048
-0.614348
-0.610642
-0.606931
-0.603213
-0.599489
-0.595759
-0.592024
-0.588282
-0.584535
-0.580782
-0.577024
-0.573259
-0.569489
-0.565714
-0.561932
-0.558146
-0.554353
-0.550556
-0.546752
-0.542944
-0.539130
-0.534708
-0.531454
-0.527837
-0.523479
-0.520175
-0.515837
-0.512352
-0.508110
-0.504695
-0.500477
-0.497048
-0.492787
-0.489310
-0.485010
-0.481686
-0.477252
-0.473651
-0.469290
-0.465968
-0.461566
-0.458182
-0.453718
-0.450293
-0.445811
-0.442390
-0.437918
-0.434508
-0.430040
-0.426627
-0.422146
-0.418720
-0.414223
-0.410784
-0.406276
-0.402832
-0.398318
-0.394869
-0.390348
-0.386892
-0.382362
-0.378899
-0.374359
-0.370889
-0.366339
-0.362862
-0.358486
-0.354873
-0.350200
-0.346656
-0.342262
-0.338672
-0.334029
-0.330514
-0.325944
-0.322475
-0.317914
-0.314427
-0.309830
-0.306309
-0.301685
-0.298154
-0.293712
-0.290052
-0.285321
-0.281742
-0.277299
-0.273672
-0.268973
-0.265420
-0.260979
-0.257339
-0.252614
-0.249038
-0.244575
-0.240922
-0.236373
-0.232659
-0.228081
-0.224372
-0.219815
-0.216132
-0.211591
-0.207913
-0.203365
-0.199675
-0.195112
-0.191413
-0.186843
-0.183143
-0.178572
-0.174872
-0.170300
-0.166599
-0.162021
-0.158317
-0.153733
-0.150026
-0.145438
-0.141728
-0.137136
-0.133425
-0.128829
-0.125116
-0.120516
-0.116800
-0.112196
-0.108479
-0.103871
-0.100152
-0.095541
-0.091820
-0.087206
-0.083485
-0.078868
-0.075146
-0.070526
-0.066803
-0.062182
-0.058459
-0.053835
-0.050112
-0.045487
-0.041765
-0.037138
-0.033416
-0.028788
-0.025067
-0.020438
-0.016718
-0.012088
-0.008370
-0.003739
-0.000022
0.004610
0.008325
0.012958
0.016672
0.021305
0.025018
0.029651
0.033362
0.037996
0.041706
0.046340
0.050048
0.054683
0.058389
0.063024
0.066728
0.071364
0.075065
0.079701
0.083401
0.088036
0.091733
0.096369
0.100063
0.104698
0.108390
0.113023
0.116712
0.121345
0.125030
0.129662
0.133343
0.137973
0.141651
0.146279
0.149952
0.154578
0.158247
0.162871
0.166535
0.171156
0.174816
0.179434
0.183090
0.187705
0.191355
0.195967
0.199612
0.204221
0.207861
0.212467
0.216101
0.220704
0.224333
0.228932
0.232555
0.237151
0.240769
0.245361
0.248974
0.253562
0.257169
0.261754
0.265354
0.269936
0.273530
0.278107
0.281696
0.286269
0.289851
0.294419
0.297995
0.302559
0.306127
0.310686
0.314248
0.318802
0.322356
0.326905
0.330452
0.334995
0.338534
0.343071
0.346603
0.351134
0.354657
0.359182
0.362697
0.367216
0.370723
0.375235
0.378733
0.383238
0.386727
0.391225
0.394706
0.399197
0.402669
0.407153
0.410616
0.415093
0.418546
0.423016
0.426460
0.430923
0.434358
0.438812
0.442238
0.446685
0.450102
0.454541
0.457948
0.462379
0.465776
0.470199
0.473586
0.478001
0.481378
0.485785
0.489152
0.493550
0.496906
0.501295
0.504641
0.509021
0.512356
0.516727
0.520051
0.524412
0.527725
0.532076
0.535378
0.539719
0.543010
0.547341
0.550619
0.554940
0.558207
0.562517
0.565772
0.570071
0.573314
0.577603
0.580834
0.585112
0.588330
0.592597
0.595803
0.600059
0.603253
0.607497
0.610678
0.614911
0.618080
0.622301
0.625457
0.629667
0.632810
0.637008
0.640138
0.644325
0.647442
0.651616
0.654720
0.658882
0.661973
0.666122
0.669199
0.673336
0.676400
0.680524
0.683574
0.687684
0.690720
0.694818
0.697840
0.701924
0.704932
0.709003
0.711996
0.716053
0.719032
0.723074
0.726038
0.730067
0.733016
0.737031
0.739965
0.743965
0.747629
0.750261
0.754102
0.757749
0.761190
0.763754
0.767638
0.771361
0.774855
0.777424
0.781269
0.784931
0.788363
0.790881
0.794692
0.798329
0.801739
0.804234
0.808016
0.811622
0.814997
0.817457
0.821206
0.824779
0.828123
0.830551
0.834268
0.837809
0.841120
0.843516
0.847200
0.850708
0.853986
0.856348
0.860000
0.863474
0.866718
0.869793
0.872800
0.875822
0.878902
0.882035
0.885194
0.888348
0.891479
0.894579
0.897654
0.900715
0.903769
0.906819
0.909867
0.912909
0.915942
0.918965
0.921976
0.924977
0.927968
0.930949
0.933923
0.936887
0.939843
0.942789
0.945726
0.948653
0.951571
0.954480
0.957379
0.960269
0.963149
0.966021
0.968882
0.971735
0.974578
0.977411
0.980235
0.983049
0.985854
0.988649
0.991435
0.994211
0.996977
0.999733
1.002480
1.005216
1.007943
1.010660
1.013367
1.016064
1.018751
1.021427
1.024094
1.026750
1.029396
1.032032
1.034658
1.037273
1.039878
1.042473
1.045057
1.047630
1.050194
1.052746
1.055289
1.057821
1.060342
1.062853
1.065353
1.067843
1.070322
1.072790
1.075248
1.077696
1.080133
1.082559
1.084974
1.087379
1.089774
1.092157
1.094530
1.096892
1.099244
1.101585
1.103915
1.106234
1.108542
1.110840
1.113126
1.115402
1.117667
1.119921
1.122164
1.124395
1.126616
1.128826
1.131024
1.133211
1.135388
1.137552
1.139706
1.141848
1.143979
1.146099
1.148207
1.150303
1.152389
1.154463
1.156525
1.158576
1.160615
1.162643
1.164659
1.166664
1.168657
1.170639
1.172609
1.174567
1.176514
1.178449
1.180373
1.182285
1.184185
1.186074
1.187951
1.189816
1.191670
1.193512
1.195342
1.197161
1.198967
1.200763
1.202546
1.204317
1.206077
1.207825
1.209561
1.211285
1.212997
1.214697
1.216386
1.218062
1.219727
1.221379
1.223019
1.224647
1.226263
1.227867
1.229459
1.231039
1.232606
1.234161
1.235704
1.237235
1.238753
1.240259
1.241753
1.243235
1.244704
1.246161
1.247605
1.249037
1.250457
1.251865
1.253260
1.254642
1.256013
1.257370
1.258716
1.260049
1.261370
1.262678
1.263974
1.265257
1.266528
1.267787
1.269033
1.270266
1.271488
1.272696
1.273892
1.275076
1.276247
1.277406
1.278552
1.279685
1.280806
1.281914
1.283010
1.284093
1.285163
1.286221
1.287265
1.288298
1.289317
1.290324
1.291318
1.292299
1.293267
1.294223
1.295166
1.296096
1.297013
1.297917
1.298808
1.299687
1.300552
1.301405
1.302245
1.303072
1.303886
1.304688
1.305476
1.306251
1.307014
1.307764
1.308501
1.309224
1.309935
1.310634
1.311319
1.311991
1.312651
1.313297
1.313931
1.314551
1.315159
1.315754
1.316336
1.316905
1.317461
1.318004
1.318534
1.319051
1.319555
1.320046
1.320524
1.320989
1.321441
1.321880
1.322306
1.322718
1.323118
1.323505
1.323878
1.324239
1.324586
1.324920
1.325242
1.325550
1.325844
1.326126
1.326395
1.326651
1.326893
1.327122
1.327339
1.327542
1.327732
1.327909
1.328072
1.328223
1.328360
1.328485
1.328596
1.328695
1.328780
1.328852
1.328911
1.328957
1.328990
1.329009
1.329016
1.329010
1.328990
1.328958
1.328912
1.328853
1.328781
1.328696
1.328598
1.328487
1.328363
1.328226
1.328075
1.327912
1.327735
1.327545
1.327343
1.327127
1.326898
1.326655
1.326400
1.326132
1.325850
1.325555
1.325248
1.324927
1.324593
1.324246
1.323886
1.323513
1.323126
1.322727
1.322314
1.321889
1.321450
1.320999
1.320534
1.320056
1.319566
1.319062
1.318545
1.318016
1.317473
1.316917
1.316349
1.315767
1.315172
1.314565
1.313945
1.313311
1.312665
1.312005
1.311333
1.310648
1.309950
1.309239
1.308515
1.307778
1.307029
1.306266
1.305491
1.304702
1.303901
1.303087
1.302260
1.301420
1.300568
1.299702
1.298824
1.297932
1.297028
1.296111
1.295182
1.294239
1.293284
1.292316
1.291335
1.290341
1.289335
1.288316
1.287284
1.286240
1.285182
1.284112
1.283030
1.281935
1.280827
1.279706
1.278573
1.277427
1.276269
1.275098
1.273915
1.272719
1.271510
1.270289
1.269056
1.267810
1.266551
1.265280
1.263996
1.262700
1.261392
1.260071
1.258738
1.257392
1.256034
1.254663
1.253280
1.251885
1.250477
1.249057
1.247625
1.246180
1.244723
1.243253
1.241772
1.240278
1.238772
1.237253
1.235723
1.234180
1.232625
1.231058
1.229478
1.227887
1.226283
1.224668
1.223040
1.221400
1.219748
1.218084
1.216408
1.214720
1.213020
1.211308
1.209584
1.207849
1.206101
1.204341
1.202570
1.200787
1.198991
1.197184
1.195366
1.193535
1.191693
1.189839
1.187973
1.186095
1.184206
1.182305
1.180392
1.178468
1.176532
1.174585
1.172626
1.170655
1.168673
1.166679
1.164674
1.162657
1.160628
1.158589
1.156537
1.154475
1.152401
1.150315
1.148218
1.146110
1.143991
1.141860
1.139718
1.137565
1.135400
1.133224
1.131038
1.128839
1.126630
1.124410
1.122179
1.119936
1.117683
1.115418
1.113142
1.110856
1.108558
1.106250
1.103931
1.101600
1.099259
1.096907
1.094545
1.092171
1.089787
1.087392
1.084986
1.082569
1.080142
1.077704
1.075256
1.072797
1.070327
1.067847
1.065356
1.062855
1.060343
1.057821
1.055288
1.052745
1.050191
1.047627
1.045053
1.042468
1.039873
1.037268
1.034652
1.032027
1.029391
1.026745
1.024089
1.021423
1.018746
1.016060
1.013363
1.010657
1.007941
1.005214
1.002478
0.999732
0.996976
0.994210
0.991434
0.988649
0.985854
0.983049
0.980234
0.977410
0.974576
0.971733
0.968879
0.966017
0.963145
0.960263
0.957372
0.954471
0.951561
0.948642
0.945713
0.942775
0.939827
0.936870
0.933904
0.930929
0.927945
0.924951
0.921948
0.918936
0.915916
0.912886
0.909847
0.906799
0.903742
0.900676
0.897601
0.894517
0.891425
0.888324
0.885214
0.882095
0.878968
0.875832
0.872687
0.869533
0.866371
0.863201
0.860022
0.856834
0.853638
0.850434
0.847221
0.844000
0.840771
0.837533
0.833707
0.830986
0.827930
0.824167
0.821233
0.817595
0.814745
0.811129
0.808248
0.804569
0.801618
0.797881
0.794896
0.791145
0.788160
0.784414
0.781599
0.777733
0.774639
0.770810
0.767950
0.764067
0.761141
0.757199
0.754235
0.750274
0.747309
0.743352
0.740391
0.736431
0.733459
0.729482
0.726490
0.722491
0.719481
0.715466
0.712444
0.708417
0.705384
0.701345
0.698299
0.694245
0.691186
0.687116
0.684042
0.680128
0.676334
0.673276
0.669189
0.666085
0.662125
0.658283
0.655181
0.651052
0.647916
0.643927
0.640059
0.636932
0.632774
0.629610
0.625588
0.621687
0.618531
0.614511
0.610604
0.607434
0.603391
0.599458
0.596263
0.592197
0.588246
0.585038
0.580958
0.576993
0.573771
0.569674
0.565692
0.562454
0.558339
0.554339
0.551085
0.546952
0.542936
0.539667
0.535517
0.531484
0.528200
0.524033
0.519982
0.516683
0.512499
0.508432
0.505118
0.500917
0.496834
0.493506
0.489288
0.485189
0.481848
0.477614
0.473501
0.470146
0.465897
0.461769
0.458403
0.454139
0.449998
0.446620
0.442342
0.438188
0.434799
0.430507
0.426340
0.422941
0.418637
0.414457
0.411048
0.406731
0.402539
0.399120
0.394790
0.390587
0.387158
0.382816
0.378601
0.375162
0.370808
0.366582
0.362513
0.359187
0.354876
0.350629
0.346500
0.342481
0.338531
0.334595
0.330632
0.326623
0.322569
0.318486
0.314392
0.310304
0.306227
0.302163
0.298105
0.294047
0.289983
0.285910
0.281830
0.277743
0.273653
0.269561
0.265469
0.261376
0.257282
0.253185
0.249086
0.244984
0.240878
0.236770
0.232660
0.228547
0.224433
0.220317
0.216199
0.212078
0.207956
0.203831
0.199704
0.195576
0.191445
0.187312
0.183178
0.179041
0.174903
0.170763
0.166622
0.162478
0.158333
0.154186
0.150038
0.145888
0.141736
0.137583
0.133429
0.129273
0.125116
0.120957
0.116798
0.112637
0.108475
0.104312
0.100148
0.095983
0.091817
0.087650
0.083482
0.079314
0.075145
0.070975
0.066804
0.062633
0.058461
0.054289
0.050117
0.045944
0.041770
0.037596
0.033422
0.029248
0.025073
0.020898
0.016723
0.012548
0.008373
0.004197
0.000022
-0.004154
-0.008329
-0.012505
-0.016680
-0.020855
-0.025030
-0.029205
-0.033380
-0.037554
-0.041728
-0.045902
-0.050076
-0.054248
-0.058421
-0.062593
-0.066764
-0.070935
-0.075105
-0.079274
-0.083443
-0.087611
-0.091778
-0.095944
-0.100109
-0.104273
-0.108436
-0.112598
-0.116759
-0.120919
-0.125077
-0.129234
-0.133390
-0.137545
-0.141698
-0.145849
-0.149999
-0.154148
-0.158295
-0.162440
-0.166584
-0.170726
-0.174867
-0.179005
-0.183142
-0.187277
-0.191410
-0.195542
-0.199671
-0.203799
-0.207924
-0.212047
-0.216169
-0.220288
-0.224405
-0.228520
-0.232633
-0.236744
-0.240852
-0.244958
-0.249061
-0.253162
-0.257261
-0.261357
-0.265451
-0.269542
-0.273630
-0.277716
-0.281799
-0.285879
-0.289957
-0.294031
-0.298103
-0.302172
-0.306238
-0.310300
-0.314360
-0.318416
-0.322470
-0.326520
-0.330566
-0.334610
-0.338650
-0.342687
-0.346720
-0.350750
-0.354777
-0.358800
-0.362819
-0.366835
-0.370847
-0.374855
-0.378860
-0.382861
-0.386858
-0.390852
-0.394841
-0.398827
-0.402808
-0.406786
-0.410760
-0.414730
-0.418696
-0.422657
-0.426615
-0.430568
-0.434517
-0.438462
-0.442403
-0.446339
-0.450271
-0.454198
-0.458121
-0.462039
-0.465953
-0.469863
-0.473767
-0.477668
-0.481563
-0.485453
-0.489339
-0.493220
-0.497096
-0.500967
-0.504834
-0.508695
-0.512551
-0.516402
-0.520248
-0.524089
-0.527924
-0.531755
-0.535580
-0.539399
-0.543214
-0.547023
-0.550826
-0.554625
-0.558417
-0.562204
-0.565986
-0.569762
-0.573532
-0.577297
-0.581056
-0.584810
-0.588557
-0.592299
-0.596035
-0.599765
-0.603489
-0.607207
-0.610920
-0.614626
-0.618326
-0.622020
-0.625708
-0.629390
-0.633066
-0.636735
-0.640399
-0.644055
-0.647706
-0.651350
-0.654988
-0.658619
-0.662244
-0.665862
-0.669474
-0.673079
-0.676677
-0.680269
-0.683854
-0.687432
-0.691004
-0.694568
-0.698126
-0.701677
-0.705221
-0.708757
-0.712287
-0.715810
-0.719326
-0.722834
-0.726336
-0.729830
-0.733317
-0.736797
-0.740269
-0.743735
-0.747193
-0.750643
-0.754086
-0.757522
-0.760950
-0.764371
-0.767784
-0.771189
-0.774587
-0.777978
-0.781360
-0.784735
-0.788103
-0.791462
-0.794814
-0.798158
-0.801494
-0.804822
-0.808142
-0.811454
-0.814759
-0.818055
-0.821343
-0.824623
-0.827895
-0.831159
-0.834414
-0.837661
-0.840900
-0.844131
-0.847353
-0.850567
-0.853773
-0.856970
-0.860159
-0.863339
-0.866510
-0.869673
-0.872828
-0.875973
-0.879110
-0.882239
-0.885359
-0.888470
-0.891572
-0.894665
-0.897750
-0.900825
-0.903892
-0.906950
-0.909999
-0.913039
-0.916069
-0.919091
-0.922104
-0.925108
-0.928102
-0.931088
-0.934064
-0.937031
-0.939989
-0.942937
-0.945877
-0.948807
-0.951727
-0.954638
-0.957540
-0.960432
-0.963315
-0.966189
-0.969052
-0.971907
-0.974751
-0.977586
-0.980411
-0.983227
-0.986033
-0.988829
-0.991616
-0.994392
-0.997159
-0.999916
-1.002663
-1.005400
-1.008128
-1.010845
-1.013552
-1.016249
-1.018936
-1.021614
-1.024281
-1.026937
-1.029584
-1.032221
-1.034847
-1.037463
-1.040069
-1.042665
-1.045250
-1.047825
-1.050390
-1.052944
-1.055488
-1.058022
-1.060545
-1.063058
-1.065560
-1.068051
-1.070532
-1.073003
-1.075463
-1.077912
-1.080351
-1.082779
-1.085196
-1.087603
-1.089999
-1.092384
-1.094759
-1.097122
-1.099475
-1.101817
-1.104148
-1.106468
-1.108777
-1.111075
-1.113362
-1.115639
-1.117904
-1.120158
-1.122401
-1.124633
-1.126854
-1.129064
-1.131262
-1.133450
-1.135626
-1.137791
-1.139945
-1.142087
-1.144218
-1.146338
-1.148447
-1.150544
-1.152630
-1.154704
-1.156767
-1.158819
-1.160859
-1.162888
-1.164905
-1.166911
-1.168906
-1.170888
-1.172860
-1.174819
-1.176767
-1.178704
-1.180628
-1.182542
-1.184443
-1.186333
-1.188211
-1.190077
-1.191932
-1.193775
-1.195606
-1.197425
-1.199232
-1.201028
-1.202812
-1.204583
-1.206343
-1.208091
-1.209827
-1.211552
-1.213264
-1.214964
-1.216652
-1.218328
-1.219992
-1.221644
-1.223284
-1.224912
-1.226528
-1.228132
-1.229723
-1.231303
-1.232870
-1.234425
-1.235968
-1.237499
-1.239017
-1.240523
-1.242017
-1.243499
-1.244968
-1.246426
-1.247870
-1.249303
-1.250723
-1.252131
-1.253527
-1.254910
-1.256280
-1.257639
-1.258985
-1.260318
-1.261639
-1.262948
-1.264244
-1.265528
-1.266799
-1.268058
-1.269304
-1.270537
-1.271758
-1.272967
-1.274163
-1.275346
-1.276517
-1.277675
-1.278821
-1.279954
-1.281074
-1.282182
-1.283277
-1.284359
-1.285428
-1.286485
-1.287529
-1.288561
-1.289580
-1.290586
-1.291579
-1.292559
-1.293527
-1.294482
-1.295424
-1.296354
-1.297270
-1.298174
-1.299065
-1.299943
-1.300809
-1.301661
-1.302501
-1.303328
-1.304141
-1.304943
-1.305731
-1.306506
-1.307268
-1.308018
-1.308754
-1.309478
-1.310189
-1.310887
-1.311571
-1.312243
-1.312902
-1.313548
-1.314181
-1.314801
-1.315409
-1.316003
-1.316584
-1.317152
-1.317707
-1.318249
-1.318778
-1.319294
-1.319797
-1.320287
-1.320764
-1.321228
-1.321679
-1.322117
-1.322541
-1.322953
-1.323352
-1.323737
-1.324110
-1.324469
-1.324815
-1.325149
-1.325469
-1.325776
-1.326070
-1.326351
-1.326619
-1.326873
-1.327115
-1.327343
-1.327559
-1.327761
-1.327950
-1.328127
-1.328290
-1.328439
-1.328576
-1.328700
-1.328811
-1.328908
-1.328992
-1.329064
-1.329122
-1.329167
-1.329198
-1.329217
-1.329223
-1.329215
-1.329195
-1.329161
-1.329114
-1.329054
-1.328981
-1.328895
-1.328795
-1.328683
-1.328557
-1.328419
-1.328267
-1.328102
-1.327924
-1.327733
-1.327528
-1.327311
-1.327081
-1.326837
-1.326580
-1.326310
-1.326028
-1.325732
-1.325423
-1.325101
-1.324765
-1.324417
-1.324056
-1.323681
-1.323294
-1.322893
-1.322480
-1.322053
-1.321613
-1.321161
-1.320695
-1.320216
-1.319724
-1.319219
-1.318702
-1.318171
-1.317627
-1.317070
-1.316500
-1.315917
-1.315321
-1.314712
-1.314090
-1.313456
-1.312808
-1.312147
-1.311473
-1.310787
-1.310087
-1.309375
-1.308649
-1.307911
-1.307160
-1.306396
-1.305618
-1.304829
-1.304026
-1.303210
-1.302381
-1.301540
-1.300686
-1.299819
-1.298939
-1.298046
-1.297140
-1.296222
-1.295291
-1.294347
-1.293390
-1.292421
-1.291439
-1.290444
-1.289436
-1.288415
-1.287382
-1.286336
-1.285278
-1.284207
-1.283123
-1.282026
-1.280917
-1.279795
-1.278661
-1.277514
-1.276354
-1.275181
-1.273997
-1.272799
-1.271589
-1.270367
-1.269131
-1.267884
-1.266624
-1.265351
-1.264066
-1.262768
-1.261458
-1.260136
-1.258801
-1.257453
-1.256093
-1.254721
-1.253337
-1.251940
-1.250530
-1.249109
-1.247675
-1.246228
-1.244770
-1.243299
-1.241816
-1.240320
-1.238813
-1.237293
-1.235761
-1.234217
-1.232660
-1.231091
-1.229511
-1.227918
-1.226313
-1.224696
-1.223067
-1.221425
-1.219772
-1.218107
-1.216429
-1.214740
-1.213038
-1.211325
-1.209600
-1.207863
-1.206113
-1.204352
-1.202579
-1.200795
-1.198998
-1.197190
-1.195369
-1.193537
-1.191693
-1.189838
-1.187970
-1.186091
-1.184200
-1.182298
-1.180384
-1.178458
-1.176521
-1.174571
-1.172611
-1.170639
-1.168655
-1.166660
-1.164653
-1.162634
-1.160605
-1.158563
-1.156511
-1.154447
-1.152371
-1.150284
-1.148186
-1.146077
-1.143956
-1.141824
-1.139680
-1.137526
-1.135360
-1.133183
-1.130995
-1.128795
-1.126585
-1.124363
-1.122130
-1.119887
-1.117632
-1.115366
-1.113089
-1.110801
-1.108502
-1.106192
-1.103872
-1.101540
-1.099198
-1.096844
-1.094480
-1.092105
-1.089720
-1.087323
-1.084916
-1.082498
-1.080069
-1.077630
-1.075180
-1.072720
-1.070249
-1.067767
-1.065275
-1.062772
-1.060259
-1.057735
-1.055201
-1.052657
-1.050102
-1.047537
-1.044961
-1.042375
-1.039779
-1.037173
-1.034556
-1.031929
-1.029292
-1.026645
-1.023988
-1.021320
-1.018643
-1.015955
-1.013258
-1.010550
-1.007833
-1.005105
-1.002368
-0.999620
-0.996863
-0.994096
-0.991319
-0.988533
-0.985736
-0.982930
-0.980115
-0.977289
-0.974454
-0.971609
-0.968755
-0.965891
-0.963018
-0.960135
-0.957242
-0.954341
-0.951429
-0.948509
-0.945579
-0.942640
-0.939691
-0.936733
-0.933766
-0.930790
-0.927804
-0.924809
-0.921806
-0.918793
-0.915771
-0.912740
-0.909700
-0.906651
-0.903593
-0.900526
-0.897450
-0.894366
-0.891272
-0.888170
-0.885059
-0.881939
-0.878811
-0.875674
-0.872528
-0.869374
-0.866211
-0.863040
-0.859860
-0.856671
-0.853474
-0.850269
-0.847055
-0.843833
-0.840603
-0.837364
-0.834117
-0.830862
-0.827599
-0.824327
-0.821047
-0.817760
-0.814464
-0.811160
-0.807848
-0.804528
-0.801200
-0.797865
-0.794521
-0.791170
-0.787810
-0.784443
-0.781069
-0.777686
-0.774296
-0.770898
-0.767493
-0.764080
-0.760660
-0.757232
-0.753796
-0.750353
-0.746903
-0.743445
-0.739980
-0.736508
-0.733028
-0.729542
-0.726048
-0.722546
-0.719038
-0.715523
-0.712000
-0.708471
-0.704934
-0.701391
-0.697841
-0.694283
-0.690719
-0.687149
-0.683571
-0.679986
-0.676395
-0.672798
-0.669193
-0.665582
-0.661964
-0.658340
-0.654710
-0.651073
-0.647429
-0.643779
-0.640123
-0.636460
-0.632792
-0.629116
-0.625435
-0.621748
-0.618054
-0.614354
-0.610649
-0.606937
-0.603219
-0.599495
-0.595766
-0.592030
-0.588289
-0.584542
-0.580789
-0.577030
-0.573266
-0.569496
-0.565720
-0.561939
-0.558152
-0.554360
-0.550562
-0.546759
-0.542950
-0.539136
-0.534715
-0.531461
-0.527844
-0.523485
-0.520182
-0.515843
-0.512359
-0.508116
-0.504702
-0.500484
-0.497054
-0.492794
-0.489317
-0.485016
-0.481693
-0.477259
-0.473657
-0.469296
-0.465975
-0.461572
-0.458188
-0.453724
-0.450300
-0.445818
-0.442396
-0.437925
-0.434515
-0.430047
-0.426634
-0.422153
-0.418726
-0.414229
-0.410791
-0.406283
-0.402839
-0.398324
-0.394876
-0.390354
-0.386899
-0.382369
-0.378906
-0.374365
-0.370895
-0.366346
-0.362869
-0.358493
-0.354880
-0.350207
-0.346663
-0.342269
-0.338679
-0.334036
-0.330520
-0.325950
-0.322482
-0.317921
-0.314434
-0.309836
-0.306316
-0.301692
-0.298161
-0.293718
-0.290059
-0.285327
-0.281749
-0.277306
-0.273678
-0.268980
-0.265427
-0.260986
-0.257346
-0.252621
-0.249045
-0.244581
-0.240929
-0.236380
-0.232666
-0.228088
-0.224379
-0.219822
-0.216139
-0.211598
-0.207920
-0.203372
-0.199682
-0.195119
-0.191420
-0.186850
-0.183149
-0.178579
-0.174879
-0.170307
-0.166606
-0.162028
-0.158324
-0.153740
-0.150033
-0.145445
-0.141735
-0.137143
-0.133432
-0.128836
-0.125123
-0.120523
-0.116807
-0.112203
-0.108486
-0.103878
-0.100159
-0.095548
-0.091827
-0.087213
-0.083492
-0.078875
-0.075153
-0.070533
-0.066810
-0.062189
-0.058466
-0.053842
-0.050119
-0.045494
-0.041772
-0.037145
-0.033423
-0.028795
-0.025074
-0.020445
-0.016725
-0.012095
-0.008377
-0.003746
-0.000029
0.004603
0.008318
0.012951
0.016665
0.021298
0.025010
0.029644
0.033355
0.037989
0.041699
0.046333
0.050041
0.054676
0.058382
0.063017
0.066721
0.071357
0.075058
0.079694
0.083394
0.088029
0.091726
0.096362
0.100056
0.104691
0.108383
0.113016
0.116705
0.121338
0.125023
0.129655
0.133336
0.137966
0.141644
0.146272
0.149945
0.154571
0.158240
0.162864
0.166529
0.171149
0.174809
0.179427
0.183083
0.187698
0.191348
0.195960
0.199605
0.204214
0.207854
0.212460
0.216094
0.220697
0.224326
0.228925
0.232548
0.237144
0.240762
0.245355
0.248967
0.253556
0.257162
0.261747
0.265348
0.269929
0.273523
0.278100
0.281689
0.286262
0.289844
0.294412
0.297988
0.302552
0.306120
0.310679
0.314241
0.318795
0.322350
0.326898
0.330445
0.334988
0.338527
0.343065
0.346596
0.351127
0.354651
0.359176
0.362691
0.367209
0.370716
0.375228
0.378726
0.383231
0.386720
0.391219
0.394699
0.399191
0.402662
0.407146
0.410609
0.415086
0.418540
0.423009
0.426454
0.430916
0.434351
0.438806
0.442232
0.446679
0.450095
0.454534
0.457941
0.462372
0.465769
0.470192
0.473580
0.477995
0.481372
0.485778
0.489145
0.493543
0.496900
0.501289
0.504635
0.509014
0.512350
0.516720
0.520044
0.524405
0.527719
0.532070
0.535372
0.539713
0.543003
0.547334
0.550613
0.554934
0.558200
0.562511
0.565766
0.570065
0.573308
0.577597
0.580828
0.585105
0.588324
0.592591
0.595797
0.600053
0.603246
0.607491
0.610672
0.614905
0.618074
0.622295
0.625451
0.629661
0.632804
0.637002
0.640132
0.644318
0.647436
0.651610
0.654714
0.658876
0.661966
0.666116
0.669193
0.673330
0.676394
0.680517
0.683568
0.687678
0.690714
0.694812
0.697834
0.701918
0.704926
0.708997
0.711990
0.716047
0.719026
0.723068
0.726033
0.730061
0.733011
0.737025
0.739959
0.743959
0.747623
0.750255
0.754097
0.757743
0.761184
0.763749
0.767632
0.771355
0.774849
0.777418
0.781263
0.784926
0.788357
0.790875
0.794686
0.798323
0.801733
0.804228
0.808011
0.811616
0.814992
0.817451
0.821200
0.824773
0.828117
0.830545
0.834263
0.837804
0.841115
0.843510
0.847195
0.850703
0.853981
0.856343
0.859994
0.863468
0.866713
0.869788
0.872794
0.875817
0.878897
0.882030
0.885189
0.888343
0.891473
0.894574
0.897649
0.900710
0.903763
0.906814
0.909862
0.912904
0.915937
0.918960
0.921971
0.924972
0.927963
0.930944
0.933918
0.936882
0.939838
0.942784
0.945721
0.948648
0.951566
0.954475
0.957374
0.960264
0.963144
0.966016
0.968878
0.971730
0.974573
0.977406
0.980230
0.983045
0.985849
0.988645
0.991430
0.994206
0.996972
0.999729
1.002475
1.005212
1.007939
1.010656
1.013362
1.016059
1.018746
1.021423
1.024089
1.026746
1.029392
1.032028
1.034653
1.037269
1.039874
1.042468
1.045052
1.047626
1.050189
1.052742
1.055284
1.057816
1.060338
1.062848
1.065349
1.067838
1.070318
1.072786
1.075244
1.077692
1.080128
1.082555
1.084970
1.087375
1.089769
1.092153
1.094526
1.096888
1.099240
1.101581
1.103911
1.106230
1.108538
1.110836
1.113123
1.115398
1.117663
1.119917
1.122160
1.124392
1.126612
1.128822
1.131021
1.133208
1.135384
1.137549
1.139702
1.141845
1.143975
1.146095
1.148203
1.150300
1.152385
1.154459
1.156521
1.158572
1.160612
1.162640
1.164656
1.166661
1.168654
1.170635
1.172605
1.174564
1.176511
1.178446
1.180370
1.182282
1.184182
1.186071
1.187948
1.189813
1.191667
1.193509
1.195339
1.197158
1.198964
1.200759
1.202543
1.204314
1.206074
1.207822
1.209558
1.211282
1.212994
1.214695
1.216383
1.218059
1.219724
1.221376
1.223016
1.224645
1.226261
1.227865
1.229456
1.231036
1.232603
1.234159
1.235702
1.237232
1.238751
1.240257
1.241751
1.243232
1.244701
1.246158
1.247603
1.249035
1.250455
1.251862
1.253257
1.254640
1.256010
1.257368
1.258714
1.260047
1.261367
1.262676
1.263972
1.265255
1.266526
1.267785
1.269031
1.270264
1.271485
1.272694
1.273890
1.275074
1.276245
1.277404
1.278550
1.279683
1.280804
1.281912
1.283008
1.284091
1.285161
1.286219
1.287264
1.288296
1.289315
1.290322
1.291316
1.292297
1.293266
1.294221
1.295164
1.296094
1.297011
1.297915
1.298807
1.299685
1.300551
1.301404
1.302244
1.303071
1.303885
1.304686
1.305475
1.306250
1.307013
1.307762
1.308499
1.309223
1.309934
1.310632
1.311318
1.311990
1.312649
1.313296
1.313930
1.314550
1.315158
1.315753
1.316335
1.316904
1.317460
1.318003
1.318533
1.319050
1.319554
1.320045
1.320523
1.320988
1.321440
1.321879
1.322305
1.322718
1.323117
1.323504
1.323878
1.324238
1.324586
1.324920
1.325241
1.325549
1.325844
1.326126
1.326395
1.326650
1.326893
1.327122
1.327338
1.327541
1.327731
1.327908
1.328072
1.328223
1.328360
1.328485
1.328596
1.328694
1.328780
1.328852
1.328911
1.328957
1.328990
1.329009
1.329016
1.329010
1.328990
1.328958
1.328912
1.328853
1.328781
1.328697
1.328599
1.328487
1.328363
1.328226
1.328076
1.327912
1.327735
1.327546
1.327343
1.327127
1.326898
1.326656
1.326401
1.326132
1.325851
1.325556
1.325248
1.324927
1.324593
1.324246
1.323886
1.323513
1.323127
1.322728
1.322315
1.321890
1.321451
1.320999
1.320535
1.320057
1.319567
1.319063
1.318546
1.318017
1.317474
1.316918
1.316350
1.315768
1.315174
1.314566
1.313946
1.313312
1.312666
1.312007
1.311334
1.310649
1.309951
1.309240
1.308516
1.307780
1.307030
1.306268
1.305492
1.304704
1.303903
1.303088
1.302261
1.301422
1.300569
1.299703
1.298825
1.297934
1.297030
1.296113
1.295183
1.294241
1.293285
1.292317
1.291337
1.290343
1.289337
1.288318
1.287286
1.286241
1.285184
1.284114
1.283032
1.281936
1.280829
1.279708
1.278575
1.277429
1.276271
1.275100
1.273917
1.272721
1.271512
1.270291
1.269058
1.267812
1.266553
1.265282
1.263998
1.262702
1.261394
1.260073
1.258740
1.257394
1.256036
1.254665
1.253282
1.251887
1.250479
1.249059
1.247627
1.246182
1.244725
1.243256
1.241774
1.240281
1.238774
1.237256
1.235725
1.234183
1.232628
1.231060
1.229481
1.227890
1.226286
1.224670
1.223043
1.221403
1.219751
1.218087
1.216411
1.214723
1.213023
1.211311
1.209587
1.207852
1.206104
1.204344
1.202573
1.200790
1.198994
1.197187
1.195369
1.193538
1.191696
1.189842
1.187976
1.186098
1.184209
1.182308
1.180396
1.178471
1.176536
1.174588
1.172629
1.170658
1.168676
1.166682
1.164677
1.162660
1.160632
1.158592
1.156541
1.154478
1.152404
1.150319
1.148222
1.146114
1.143994
1.141864
1.139722
1.137568
1.135404
1.133228
1.131041
1.128843
1.126634
1.124414
1.122182
1.119940
1.117686
1.115422
1.113146
1.110860
1.108562
1.106254
1.103935
1.101604
1.099263
1.096911
1.094549
1.092175
1.089791
1.087396
1.084990
1.082574
1.080146
1.077709
1.075260
1.072801
1.070331
1.067851
1.065360
1.062859
1.060347
1.057825
1.055292
1.052749
1.050195
1.047631
1.045057
1.042472
1.039878
1.037272
1.034657
1.032031
1.029395
1.026749
1.024093
1.021427
1.018751
1.016064
1.013368
1.010662
1.007945
1.005219
1.002483
0.999737
0.996981
0.994215
0.991439
0.988654
0.985859
0.983054
0.980239
0.977415
0.974581
0.971737
0.968884
0.966022
0.963149
0.960268
0.957377
0.954476
0.951566
0.948646
0.945718
0.942780
0.939832
0.936875
0.933909
0.930934
0.927950
0.924956
0.921953
0.918942
0.915921
0.912891
0.909852
0.906804
0.903747
0.900681
0.897606
0.894523
0.891430
0.888329
0.885219
0.882100
0.878973
0.875837
0.872692
0.869539
0.866377
0.863206
0.860027
0.856840
0.853644
0.850439
0.847227
0.844006
0.840776
0.837538
0.833712
0.830991
0.827936
0.824172
0.821239
0.817601
0.814751
0.811135
0.808254
0.804574
0.801624
0.797887
0.794902
0.791150
0.788166
0.784420
0.781605
0.777739
0.774645
0.770816
0.767956
0.764072
0.761147
0.757205
0.754241
0.750280
0.747314
0.743358
0.740397
0.736437
0.733465
0.729488
0.726496
0.722497
0.719487
0.715472
0.712450
0.708423
0.705390
0.701351
0.698305
0.694251
0.691192
0.687122
0.684048
0.680134
0.676340
0.673282
0.669195
0.666091
0.662131
0.658289
0.655187
0.651058
0.647922
0.643933
0.640065
0.636938
0.632780
0.629616
0.625594
0.621693
0.618537
0.614518
0.610611
0.607440
0.603397
0.599464
0.596269
0.592204
0.588252
0.585044
0.580964
0.576999
0.573777
0.569681
0.565698
0.562460
0.558345
0.554345
0.551091
0.546959
0.542942
0.539674
0.535524
0.531490
0.528207
0.524039
0.519989
0.516690
0.512505
0.508438
0.505125
0.500923
0.496840
0.493513
0.489294
0.485196
0.481855
0.477621
0.473507
0.470153
0.465904
0.461776
0.458410
0.454146
0.450004
0.446626
0.442349
0.438194
0.434805
0.430514
0.426347
0.422947
0.418643
0.414464
0.411054
0.406737
0.402546
0.399127
0.394797
0.390594
0.387165
0.382823
0.378608
0.375169
0.370815
0.366589
0.362520
0.359194
0.354882
0.350636
0.346506
0.342488
0.338538
0.334602
0.330639
0.326630
0.322576
0.318492
0.314399
0.310310
0.306234
0.302170
0.298112
0.294054
0.289990
0.285917
0.281837
0.277750
0.273660
0.269568
0.265476
0.261383
0.257288
0.253192
0.249093
0.244990
0.240885
0.236777
0.232667
0.228554
0.224440
0.220324
0.216205
0.212085
0.207963
0.203838
0.199711
0.195583
0.191452
0.187319
0.183185
0.179048
0.174910
0.170770
0.166629
0.162485
0.158340
0.154193
0.150045
0.145895
0.141743
0.137590
0.133436
0.129280
0.125123
0.120964
0.116805
0.112644
0.108482
0.104319
0.100155
0.095990
0.091824
0.087657
0.083489
0.079321
0.075152
0.070982
0.066811
0.062640
0.058468
0.054296
0.050124
0.045951
0.041777
0.037603
0.033429
0.029255
0.025080
0.020905
0.016730
0.012555
0.008380
0.004204
0.000029
-0.004147
-0.008322
-0.012498
-0.016673
-0.020848
-0.025023
-0.029198
-0.033373
-0.037547
-0.041721
-0.045895
-0.050068
-0.054241
-0.058414
-0.062586
-0.066757
-0.070928
-0.075098
-0.079267
-0.083436
-0.087604
-0.091771
-0.095937
-0.100102
-0.104266
-0.108429
-0.112591
-0.116752
-0.120912
-0.125070
-0.129227
-0.133383
-0.137538
-0.141691
-0.145842
-0.149992
-0.154141
-0.158288
-0.162433
-0.166577
-0.170719
-0.174860
-0.178998
-0.183135
-0.187270
-0.191403
-0.195535
-0.199664
-0.203792
-0.207917
-0.212040
-0.216162
-0.220281
-0.224398
-0.228513
-0.232626
-0.236737
-0.240845
-0.244951
-0.249054
-0.253156
-0.257254
-0.261350
-0.265444
-0.269535
-0.273624
-0.277709
-0.281792
-0.285873
-0.289950
-0.294025
-0.298096
-0.302165
-0.306231
-0.310293
-0.314353
-0.318409
-0.322463
-0.326513
-0.330560
-0.334603
-0.338643
-0.342680
-0.346714
-0.350743
-0.354770
-0.358793
-0.362812
-0.366828
-0.370840
-0.374848
-0.378853
-0.382854
-0.386851
-0.390845
-0.394834
-0.398820
-0.402802
-0.406780
-0.410753
-0.414723
-0.418689
-0.422651
-0.426608
-0.430561
-0.434510
-0.438455
-0.442396
-0.446332
-0.450264
-0.454191
-0.458114
-0.462033
-0.465947
-0.469856
-0.473761
-0.477661
-0.481556
-0.485447
-0.489333
-0.493214
-0.497090
-0.500961
-0.504827
-0.508688
-0.512544
-0.516395
-0.520241
-0.524082
-0.527918
-0.531748
-0.535573
-0.539393
-0.543207
-0.547016
-0.550820
-0.554618
-0.558411
-0.562198
-0.565980
-0.569756
-0.573526
-0.577291
-0.581050
-0.584803
-0.588551
-0.592293
-0.596028
-0.599759
-0.603483
-0.607201
-0.610913
-0.614620
-0.618320
-0.622014
-0.625702
-0.629384
-0.633060
-0.636729
-0.640392
-0.644049
-0.647700
-0.651344
-0.654982
-0.658613
-0.662238
-0.665856
-0.669468
-0.673073
-0.676671
-0.680263
-0.683848
-0.687426
-0.690998
-0.694562
-0.698120
-0.701671
-0.705215
-0.708751
-0.712281
-0.715804
-0.719320
-0.722828
-0.726330
-0.729824
-0.733311
-0.736791
-0.740264
-0.743729
-0.747187
-0.750637
-0.754080
-0.757516
-0.760944
-0.764365
-0.767778
-0.771184
-0.774582
-0.777972
-0.781355
-0.784730
-0.788097
-0.791457
-0.794808
-0.798152
-0.801488
-0.804816
-0.808137
-0.811449
-0.814753
-0.818049
-0.821338
-0.824618
-0.827889
-0.831153
-0.834409
-0.837656
-0.840895
-0.844126
-0.847348
-0.850562
-0.853767
-0.856965
-0.860153
-0.863333
-0.866505
-0.869668
-0.872822
-0.875968
-0.879105
-0.882234
-0.885353
-0.888464
-0.891566
-0.894660
-0.897744
-0.900820
-0.903887
-0.906945
-0.909994
-0.913033
-0.916064
-0.919086
-0.922099
-0.925103
-0.928097
-0.931083
-0.934059
-0.937026
-0.939984
-0.942932
-0.945872
-0.948802
-0.951722
-0.954633
-0.957535
-0.960427
-0.963310
-0.966184
-0.969047
-0.971902
-0.974746
-0.977581
-0.980407
-0.983222
-0.986028
-0.988825
-0.991611
-0.994388
-0.997155
-0.999911
-1.002659
-1.005396
-1.008123
-1.010840
-1.013547
-1.016245
-1.018932
-1.021609
-1.024276
-1.026933
-1.029580
-1.032216
-1.034843
-1.037459
-1.040065
-1.042661
-1.045246
-1.047821
-1.050386
-1.052940
-1.055484
-1.058018
-1.060541
-1.063053
-1.065556
-1.068047
-1.070528
-1.072999
-1.075459
-1.077908
-1.080347
-1.082775
-1.085192
-1.087599
-1.089995
-1.092380
-1.094755
-1.097118
-1.099471
-1.101813
-1.104144
-1.106464
-1.108773
-1.111071
-1.113359
-1.115635
-1.117900
-1.120154
-1.122397
-1.124629
-1.126850
-1.129060
-1.131259
-1.133446
-1.135622
-1.137787
-1.139941
-1.142084
-1.144215
-1.146335
-1.148443
-1.150541
-1.152626
-1.154701
-1.156764
-1.158816
-1.160856
-1.162885
-1.164902
-1.166908
-1.168902
-1.170885
-1.172856
-1.174816
-1.176764
-1.178700
-1.180625
-1.182538
-1.184440
-1.186330
-1.188208
-1.190074
-1.191929
-1.193772
-1.195603
-1.197422
-1.199229
-1.201025
-1.202809
-1.204580
-1.206340
-1.208088
-1.209825
-1.211549
-1.213261
-1.214961
-1.216649
-1.218325
-1.219990
-1.221642
-1.223282
-1.224910
-1.226525
-1.228129
-1.229721
-1.231300
-1.232867
-1.234422
-1.235965
-1.237496
-1.239015
-1.240521
-1.242015
-1.243497
-1.244966
-1.246423
-1.247868
-1.249301
-1.250721
-1.252129
-1.253524
-1.254907
-1.256278
-1.257637
-1.258982
-1.260316
-1.261637
-1.262946
-1.264242
-1.265526
-1.266797
-1.268055
-1.269302
-1.270535
-1.271756
-1.272965
-1.274161
-1.275344
-1.276515
-1.277673
-1.278819
-1.279952
-1.281072
-1.282180
-1.283275
-1.284357
-1.285427
-1.286484
-1.287528
-1.288559
-1.289578
-1.290584
-1.291577
-1.292558
-1.293526
-1.294481
-1.295423
-1.296352
-1.297269
-1.298173
-1.299064
-1.299942
-1.300807
-1.301660
-1.302499
-1.303326
-1.304140
-1.304941
-1.305729
-1.306505
-1.307267
-1.308017
-1.308753
-1.309477
-1.310188
-1.310885
-1.311570
-1.312242
-1.312901
-1.313547
-1.314180
-1.314800
-1.315407
-1.316002
-1.316583
-1.317151
-1.317706
-1.318248
-1.318777
-1.319293
-1.319796
-1.320286
-1.320763
-1.321227
-1.321678
-1.322116
-1.322541
-1.322952
-1.323351
-1.323736
-1.324109
-1.324468
-1.324815
-1.325148
-1.325468
-1.325775
-1.326069
-1.326350
-1.326618
-1.326873
-1.327115
-1.327343
-1.327559
-1.327761
-1.327950
-1.328126
-1.328289
-1.328439
-1.328576
-1.328700
-1.328810
-1.328908
-1.328992
-1.329063
-1.329122
-1.329167
-1.329198
-1.329217
-1.329223
-1.329215
-1.329195
-1.329161
-1.329114
-1.329054
-1.328981
-1.328895
-1.328796
-1.328683
-1.328558
-1.328419
-1.328267
-1.328102
-1.327924
-1.327733
-1.327529
-1.327311
-1.327081
-1.326837
-1.326581
-1.326311
-1.326028
-1.325732
-1.325423
-1.325101
-1.324766
-1.324418
-1.324056
-1.323682
-1.323294
-1.322894
-1.322480
-1.322054
-1.321614
-1.321161
-1.320696
-1.320217
-1.319725
-1.319220
-1.318702
-1.318172
-1.317628
-1.317071
-1.316501
-1.315918
-1.315322
-1.314713
-1.314092
-1.313457
-1.312809
-1.312148
-1.311475
-1.310788
-1.310088
-1.309376
-1.308651
-1.307912
-1.307161
-1.306397
-1.305620
-1.304830
-1.304027
-1.303211
-1.302383
-1.301541
-1.300687
-1.299820
-1.298940
-1.298047
-1.297142
-1.296224
-1.295292
-1.294349
-1.293392
-1.292422
-1.291440
-1.290445
-1.289438
-1.288417
-1.287384
-1.286338
-1.285280
-1.284208
-1.283125
-1.282028
-1.280919
-1.279797
-1.278663
-1.277515
-1.276356
-1.275183
-1.273999
-1.272801
-1.271591
-1.270369
-1.269134
-1.267886
-1.266626
-1.265353
-1.264068
-1.262770
-1.261460
-1.260138
-1.258803
-1.257456
-1.256096
-1.254724
-1.253339
-1.251942
-1.250533
-1.249111
-1.247677
-1.246231
-1.244772
-1.243301
-1.241818
-1.240323
-1.238815
-1.237295
-1.235763
-1.234219
-1.232663
-1.231094
-1.229513
-1.227921
-1.226316
-1.224698
-1.223069
-1.221428
-1.219775
-1.218109
-1.216432
-1.214743
-1.213041
-1.211328
-1.209603
-1.207866
-1.206116
-1.204355
-1.202583
-1.200798
-1.199001
-1.197193
-1.195372
-1.193540
-1.191696
-1.189841
-1.187973
-1.186094
-1.184204
-1.182301
-1.180387
-1.178461
-1.176524
-1.174575
-1.172614
-1.170642
-1.168658
-1.166663
-1.164656
-1.162638
-1.160608
-1.158567
-1.156514
-1.154450
-1.152375
-1.150288
-1.148190
-1.146080
-1.143959
-1.141827
-1.139684
-1.137529
-1.135364
-1.133187
-1.130998
-1.128799
-1.126588
-1.124367
-1.122134
-1.119890
-1.117635
-1.115370
-1.113093
-1.110805
-1.108506
-1.106196
-1.103876
-1.101544
-1.099202
-1.096848
-1.094484
-1.092109
-1.089724
-1.087327
-1.084920
-1.082502
-1.080074
-1.077634
-1.075184
-1.072724
-1.070253
-1.067771
-1.065279
-1.062776
-1.060263
-1.057740
-1.055206
-1.052661
-1.050106
-1.047541
-1.044966
-1.042380
-1.039784
-1.037177
-1.034561
-1.031934
-1.029297
-1.026650
-1.023992
-1.021325
-1.018647
-1.015960
-1.013262
-1.010555
-1.007837
-1.005110
-1.002372
-0.999625
-0.996868
-0.994101
-0.991324
-0.988537
-0.985741
-0.982935
-0.980119
-0.977294
-0.974459
-0.971614
-0.968760
-0.965896
-0.963023
-0.960140
-0.957247
-0.954346
-0.951434
-0.948514
-0.945584
-0.942645
-0.939696
-0.936738
-0.933771
-0.930795
-0.927809
-0.924814
-0.921811
-0.918798
-0.915776
-0.912745
-0.909705
-0.906656
-0.903598
-0.900531
-0.897455
-0.894371
-0.891278
-0.888175
-0.885064
-0.881945
-0.878816
-0.875679
-0.872534
-0.869379
-0.866216
-0.863045
-0.859865
-0.856677
-0.853480
-0.850274
-0.847061
-0.843839
-0.840608
-0.837370
-0.834123
-0.830868
-0.827604
-0.824333
-0.821053
-0.817765
-0.814469
-0.811165
-0.807854
-0.804534
-0.801206
-0.797870
-0.794527
-0.791175
-0.787816
-0.784449
-0.781074
-0.777692
-0.774302
-0.770904
-0.767499
-0.764086
-0.760665
-0.757237
-0.753802
-0.750359
-0.746909
-0.743451
-0.739986
-0.736514
-0.733034
-0.729548
-0.726054
-0.722552
-0.719044
-0.715529
-0.712006
-0.708477
-0.704940
-0.701397
-0.697847
-0.694290
-0.690725
-0.687155
-0.683577
-0.679993
-0.676401
-0.672804
-0.669199
-0.665588
-0.661971
-0.658346
-0.654716
-0.651079
-0.647435
-0.643785
-0.640129
-0.636467
-0.632798
-0.629123
-0.625441
-0.621754
-0.618060
-0.614361
-0.610655
-0.606943
-0.603225
-0.599502
-0.595772
-0.592036
-0.588295
-0.584548
-0.580795
-0.577036
-0.573272
-0.569502
-0.565726
-0.561945
-0.558158
-0.554366
-0.550568
-0.546765
-0.542957
-0.539143
-0.534721
-0.531467
-0.527850
-0.523492
-0.520188
-0.515850
-0.512365
-0.508123
-0.504708
-0.500490
-0.497061
-0.492800
-0.489323
-0.485023
-0.481699
-0.477265
-0.473664
-0.469303
-0.465981
-0.461579
-0.458195
-0.453731
-0.450307
-0.445825
-0.442403
-0.437931
-0.434522
-0.430053
-0.426641
-0.422160
-0.418733
-0.414236
-0.410798
-0.406290
-0.402845
-0.398331
-0.394882
-0.390361
-0.386906
-0.382375
-0.378913
-0.374372
-0.370902
-0.366353
-0.362876
-0.358499
-0.354887
-0.350213
-0.346670
-0.342276
-0.338685
-0.334043
-0.330527
-0.325957
-0.322489
-0.317927
-0.314441
-0.309843
-0.306323
-0.301699
-0.298168
-0.293725
-0.290066
-0.285334
-0.281756
-0.277313
-0.273685
-0.268987
-0.265434
-0.260993
-0.257353
-0.252628
-0.249052
-0.244588
-0.240936
-0.236387
-0.232673
-0.228095
-0.224386
-0.219829
-0.216146
-0.211605
-0.207927
-0.203378
-0.199689
-0.195126
-0.191427
-0.186857
-0.183156
-0.178586
-0.174886
-0.170314
-0.166613
-0.162035
-0.158331
-0.153747
-0.150040
-0.145452
-0.141742
-0.137150
-0.133439
-0.128843
-0.125130
-0.120530
-0.116814
-0.112210
-0.108493
-0.103885
-0.100166
-0.095555
-0.091834
-0.087220
-0.083499
-0.078882
-0.075160
-0.070540
-0.066817
-0.062196
-0.058473
-0.053849
-0.050126
-0.045501
-0.041779
-0.037152
-0.033430
-0.028802
-0.025081
-0.020452
-0.016733
-0.012102
-0.008384
-0.003753
-0.000036
0.004596
0.008311
0.012944
0.016658
0.021291
0.025003
0.029637
0.033348
0.037982
0.041691
0.046326
0.050034
0.054669
0.058375
0.063010
0.066714
0.071350
0.075051
0.079687
0.083387
0.088022
0.091719
0.096355
0.100049
0.104684
0.108376
0.113009
0.116698
0.121331
0.125016
0.129648
0.133329
0.137959
0.141637
0.146265
0.149938
0.154564
0.158233
0.162857
0.166522
0.171142
0.174802
0.179420
0.183076
0.187691
0.191341
0.195953
0.199598
0.204207
0.207847
0.212453
0.216087
0.220690
0.224319
0.228918
0.232541
0.237137
0.240755
0.245348
0.248960
0.253549
0.257155
0.261740
0.265341
0.269922
0.273516
0.278094
0.281682
0.286255
0.289837
0.294405
0.297981
0.302545
0.306114
0.310673
0.314234
0.318788
0.322343
0.326891
0.330438
0.334981
0.338521
0.343058
0.346589
0.351120
0.354644
0.359169
0.362684
0.367202
0.370709
0.375221
0.378719
0.383224
0.386714
0.391212
0.394693
0.399184
0.402656
0.407140
0.410602
0.415079
0.418533
0.423003
0.426447
0.430909
0.434344
0.438799
0.442225
0.446672
0.450088
0.454527
0.457934
0.462366
0.465763
0.470186
0.473573
0.477988
0.481365
0.485772
0.489139
0.493536
0.496893
0.501282
0.504628
0.509008
0.512343
0.516714
0.520038
0.524399
0.527712
0.532063
0.535365
0.539706
0.542997
0.547328
0.550606
0.554927
0.558194
0.562504
0.565759
0.570059
0.573302
0.577590
0.580821
0.585099
0.588318
0.592584
0.595791
0.600046
0.603240
0.607484
0.610666
0.614899
0.618067
0.622289
0.625445
0.629655
0.632798
0.636996
0.640126
0.644312
0.647430
0.651604
0.654708
0.658869
0.661960
0.666110
0.669187
0.673324
0.676388
0.680511
0.683561
0.687672
0.690708
0.694806
0.697828
0.701912
0.704920
0.708991
0.711984
0.716041
0.719020
0.723063
0.726027
0.730055
0.733005
0.737019
0.739953
0.743953
0.747618
0.750249
0.754091
0.757738
0.761178
0.763743
0.767627
0.771350
0.774843
0.777412
0.781258
0.784920
0.788351
0.790870
0.794680
0.798318
0.801728
0.804222
0.808005
0.811611
0.814986
0.817446
0.821195
0.824768
0.828112
0.830540
0.834257
0.837798
0.841110
0.843505
0.847189
0.850697
0.853975
0.856338
0.859989
0.863463
0.866708
0.869783
0.872789
0.875812
0.878891
0.882024
0.885183
0.888338
0.891468
0.894568
0.897644
0.900704
0.903758
0.906809
0.909857
0.912898
0.915932
0.918954
0.921966
0.924967
0.927958
0.930939
0.933913
0.936877
0.939833
0.942779
0.945716
0.948643
0.951561
0.954470
0.957369
0.960259
0.963140
0.966011
0.968873
0.971725
0.974568
0.977402
0.980225
0.983040
0.985845
0.988640
0.991425
0.994201
0.996968
0.999724
1.002471
1.005207
1.007934
1.010651
1.013358
1.016055
1.018742
1.021418
1.024085
1.026741
1.029387
1.032023
1.034649
1.037264
1.039869
1.042464
1.045048
1.047622
1.050185
1.052738
1.055280
1.057812
1.060333
1.062844
1.065344
1.067834
1.070313
1.072782
1.075240
1.077687
1.080124
1.082551
1.084966
1.087371
1.089765
1.092149
1.094522
1.096884
1.099236
1.101577
1.103907
1.106226
1.108534
1.110832
1.113119
1.115395
1.117659
1.119913
1.122156
1.124388
1.126609
1.128818
1.131017
1.133204
1.135380
1.137545
1.139699
1.141841
1.143972
1.146091
1.148200
1.150296
1.152382
1.154456
1.156518
1.158569
1.160608
1.162636
1.164652
1.166657
1.168650
1.170632
1.172602
1.174561
1.176507
1.178443
1.180366
1.182278
1.184179
1.186067
1.187944
1.189810
1.191664
1.193506
1.195336
1.197155
1.198961
1.200756
1.202540
1.204311
1.206071
1.207819
1.209555
1.211279
1.212991
1.214692
1.216380
1.218057
1.219721
1.221373
1.223014
1.224642
1.226258
1.227862
1.229454
1.231033
1.232601
1.234156
1.235699
1.237230
1.238748
1.240254
1.241748
1.243230
1.244699
1.246156
1.247600
1.249033
1.250452
1.251860
1.253255
1.254638
1.256008
1.257366
1.258711
1.260044
1.261365
1.262674
1.263969
1.265253
1.266524
1.267782
1.269029
1.270262
1.271483
1.272692
1.273888
1.275072
1.276243
1.277402
1.278548
1.279681
1.280802
1.281910
1.283006
1.284089
1.285159
1.286217
1.287262
1.288294
1.289314
1.290320
1.291314
1.292296
1.293264
1.294220
1.295162
1.296092
1.297010
1.297914
1.298805
1.299684
1.300549
1.301402
1.302242
1.303069
1.303884
1.304685
1.305473
1.306249
1.307011
1.307761
1.308498
1.309222
1.309933
1.310631
1.311317
1.311989
1.312648
1.313295
1.313929
1.314549
1.315157
1.315752
1.316334
1.316903
1.317459
1.318002
1.318532
1.319049
1.319553
1.320044
1.320522
1.320987
1.321439
1.321878
1.322304
1.322717
1.323117
1.323503
1.323877
1.324238
1.324585
1.324919
1.325240
1.325549
1.325844
1.326125
1.326394
1.326650
1.326892
1.327122
1.327338
1.327541
1.327731
1.327908
1.328072
1.328222
1.328360
1.328485
1.328596
1.328694
1.328779
1.328852
1.328911
1.328957
1.328989
1.329009
1.329016
1.329010
1.328990
1.328958
1.328912
1.328853
1.328782
1.328697
1.328599
1.328488
1.328363
1.328226
1.328076
1.327912
1.327736
1.327546
1.327343
1.327127
1.326898
1.326656
1.326401
1.326133
1.325851
1.325556
1.325249
1.324928
1.324594
1.324247
1.323887
1.323514
1.323128
1.322728
1.322316
1.321890
1.321452
1.321000
1.320536
1.320058
1.319567
1.319064
1.318547
1.318017
1.317475
1.316919
1.316351
1.315769
1.315175
1.314567
1.313947
1.313313
1.312667
1.312008
1.311336
1.310650
1.309952
1.309242
1.308518
1.307781
1.307031
1.306269
1.305493
1.304705
1.303904
1.303090
1.302263
1.301423
1.300570
1.299705
1.298827
1.297935
1.297031
1.296114
1.295185
1.294242
1.293287
1.292319
1.291338
1.290345
1.289338
1.288319
1.287288
1.286243
1.285186
1.284116
1.283034
1.281938
1.280831
1.279710
1.278577
1.277431
1.276273
1.275102
1.273919
1.272723
1.271514
1.270293
1.269060
1.267814
1.266555
1.265284
1.264001
1.262705
1.261396
1.260075
1.258742
1.257396
1.256038
1.254668
1.253285
1.251889
1.250482
1.249062
1.247629
1.246185
1.244728
1.243258
1.241777
1.240283
1.238777
1.237259
1.235728
1.234185
1.232630
1.231063
1.229484
1.227892
1.226289
1.224673
1.223045
1.221406
1.219754
1.218090
1.216414
1.214726
1.213026
1.211314
1.209590
1.207854
1.206107
1.204347
1.202576
1.200793
1.198997
1.197191
1.195372
1.193541
1.191699
1.189845
1.187979
1.186102
1.184212
1.182311
1.180399
1.178475
1.176539
1.174591
1.172632
1.170662
1.168679
1.166686
1.164680
1.162664
1.160635
1.158596
1.156544
1.154482
1.152408
1.150322
1.148226
1.146117
1.143998
1.141867
1.139725
1.137572
1.135408
1.133232
1.131045
1.128847
1.126638
1.124417
1.122186
1.119944
1.117690
1.115426
1.113150
1.110864
1.108566
1.106258
1.103938
1.101608
1.099267
1.096915
1.094553
1.092179
1.089795
1.087400
1.084994
1.082578
1.080150
1.077713
1.075264
1.072805
1.070335
1.067855
1.065364
1.062863
1.060351
1.057829
1.055296
1.052753
1.050200
1.047636
1.045061
1.042477
1.039882
1.037277
1.034661
1.032036
1.029400
1.026754
1.024098
1.021432
1.018755
1.016069
1.013373
1.010666
1.007950
1.005223
1.002487
0.999741
0.996985
0.994219
0.991444
0.988658
0.985863
0.983058
0.980244
0.977420
0.974586
0.971742
0.968889
0.966026
0.963154
0.960273
0.957381
0.954481
0.951571
0.948651
0.945723
0.942784
0.939837
0.936880
0.933914
0.930939
0.927955
0.924961
0.921958
0.918947
0.915926
0.912896
0.909857
0.906809
0.903752
0.900686
0.897611
0.894528
0.891436
0.888334
0.885224
0.882106
0.878978
0.875842
0.872697
0.869544
0.866382
0.863212
0.860033
0.856845
0.853649
0.850445
0.847232
0.844011
0.840782
0.837544
0.833718
0.830997
0.827941
0.824178
0.821245
0.817606
0.814756
0.811140
0.808259
0.804580
0.801630
0.797893
0.794907
0.791156
0.788171
0.784425
0.781611
0.777745
0.774651
0.770821
0.767961
0.764078
0.761153
0.757210
0.754246
0.750286
0.747320
0.743364
0.740403
0.736443
0.733471
0.729494
0.726502
0.722503
0.719493
0.715478
0.712456
0.708429
0.705396
0.701357
0.698311
0.694257
0.691198
0.687128
0.684054
0.680140
0.676346
0.673288
0.669201
0.666097
0.662137
0.658296
0.655193
0.651064
0.647928
0.643939
0.640071
0.636945
0.632786
0.629622
0.625601
0.621700
0.618543
0.614524
0.610617
0.607446
0.603403
0.599470
0.596275
0.592210
0.588259
0.585050
0.580970
0.577005
0.573784
0.569687
0.565705
0.562467
0.558351
0.554351
0.551098
0.546965
0.542949
0.539680
0.535530
0.531497
0.528213
0.524046
0.519995
0.516696
0.512512
0.508445
0.505131
0.500930
0.496847
0.493519
0.489301
0.485203
0.481861
0.477627
0.473514
0.470160
0.465910
0.461783
0.458416
0.454153
0.450011
0.446633
0.442355
0.438201
0.434812
0.430521
0.426354
0.422954
0.418650
0.414471
0.411061
0.406744
0.402553
0.399133
0.394804
0.390601
0.387171
0.382829
0.378615
0.375176
0.370822
0.366595
0.362526
0.359201
0.354889
0.350643
0.346513
0.342495
0.338544
0.334609
0.330646
0.326637
0.322583
0.318499
0.314406
0.310317
0.306241
0.302177
0.298119
0.294060
0.289996
0.285924
0.281844
0.277757
0.273667
0.269575
0.265483
0.261390
0.257295
0.253199
0.249100
0.244997
0.240892
0.236784
0.232674
0.228561
0.224447
0.220331
0.216212
0.212092
0.207970
0.203845
0.199718
0.195590
0.191459
0.187326
0.183192
0.179055
0.174917
0.170777
0.166636
0.162492
0.158347
0.154200
0.150052
0.145902
0.141750
0.137597
0.133443
0.129287
0.125130
0.120972
0.116812
0.112651
0.108489
0.104326
0.100162
0.095997
0.091831
0.087664
0.083496
0.079328
0.075159
0.070989
0.066818
0.062647
0.058476
0.054303
0.050131
0.045958
0.041784
0.037610
0.033436
0.029262
0.025087
0.020912
0.016737
0.012562
0.008387
0.004211
0.000036
-0.004140
-0.008315
-0.012491
-0.016666
-0.020841
-0.025016
-0.029191
-0.033366
-0.037540
-0.041714
-0.045888
-0.050061
-0.054234
-0.058407
-0.062579
-0.066750
-0.070921
-0.075091
-0.079260
-0.083429
-0.087597
-0.091764
-0.095930
-0.100095
-0.104259
-0.108422
-0.112584
-0.116745
-0.120905
-0.125063
-0.129220
-0.133376
-0.137531
-0.141684
-0.145835
-0.149985
-0.154134
-0.158281
-0.162426
-0.166570
-0.170712
-0.174853
-0.178991
-0.183128
-0.187263
-0.191396
-0.195528
-0.199657
-0.203785
-0.207910
-0.212033
-0.216155
-0.220274
-0.224391
-0.228506
-0.232619
-0.236730
-0.240838
-0.244944
-0.249047
-0.253149
-0.257247
-0.261344
-0.265437
-0.269528
-0.273617
-0.277702
-0.281785
-0.285866
-0.289943
-0.294018
-0.298089
-0.302158
-0.306224
-0.310287
-0.314346
-0.318403
-0.322456
-0.326506
-0.330553
-0.334596
-0.338637
-0.342673
-0.346707
-0.350737
-0.354763
-0.358786
-0.362805
-0.366821
-0.370833
-0.374842
-0.378846
-0.382847
-0.386845
-0.390838
-0.394828
-0.398813
-0.402795
-0.406773
-0.410747
-0.414716
-0.418682
-0.422644
-0.426601
-0.430555
-0.434504
-0.438449
-0.442389
-0.446325
-0.450257
-0.454185
-0.458108
-0.462026
-0.465940
-0.469850
-0.473754
-0.477654
-0.481550
-0.485440
-0.489326
-0.493207
-0.497083
-0.500954
-0.504821
-0.508682
-0.512538
-0.516389
-0.520235
-0.524076
-0.527911
-0.531742
-0.535567
-0.539387
-0.543201
-0.547010
-0.550814
-0.554612
-0.558404
-0.562192
-0.565973
-0.569749
-0.573520
-0.577284
-0.581043
-0.584797
-0.588544
-0.592286
-0.596022
-0.599752
-0.603476
-0.607195
-0.610907
-0.614613
-0.618314
-0.622008
-0.625696
-0.629378
-0.633053
-0.636723
-0.640386
-0.644043
-0.647694
-0.651338
-0.654976
-0.658607
-0.662232
-0.665850
-0.669462
-0.673067
-0.676665
-0.680257
-0.683842
-0.687420
-0.690992
-0.694556
-0.698114
-0.701665
-0.705209
-0.708745
-0.712275
-0.715798
-0.719314
-0.722823
-0.726324
-0.729818
-0.733305
-0.736785
-0.740258
-0.743723
-0.747181
-0.750631
-0.754074
-0.757510
-0.760938
-0.764359
-0.767772
-0.771178
-0.774576
-0.777966
-0.781349
-0.784724
-0.788091
-0.791451
-0.794803
-0.798147
-0.801483
-0.804811
-0.808131
-0.811443
-0.814748
-0.818044
-0.821332
-0.824612
-0.827884
-0.831148
-0.834403
-0.837650
-0.840889
-0.844120
-0.847343
-0.850556
-0.853762
-0.856959
-0.860148
-0.863328
-0.866500
-0.869663
-0.872817
-0.875963
-0.879100
-0.882228
-0.885348
-0.888459
-0.891561
-0.894655
-0.897739
-0.900815
-0.903882
-0.906939
-0.909988
-0.913028
-0.916059
-0.919081
-0.922094
-0.925098
-0.928092
-0.931078
-0.934054
-0.937021
-0.939979
-0.942927
-0.945867
-0.948797
-0.951717
-0.954628
-0.957530
-0.960423
-0.963305
-0.966179
-0.969043
-0.971897
-0.974742
-0.977577
-0.980402
-0.983218
-0.986024
-0.988820
-0.991606
-0.994383
-0.997150
-0.999907
-1.002654
-1.005391
-1.008118
-1.010836
-1.013543
-1.016240
-1.018927
-1.021605
-1.024272
-1.026929
-1.029575
-1.032212
-1.034838
-1.037455
-1.040061
-1.042656
-1.045242
-1.047817
-1.050381
-1.052936
-1.055480
-1.058013
-1.060536
-1.063049
-1.065551
-1.068043
-1.070524
-1.072995
-1.075455
-1.077904
-1.080343
-1.082771
-1.085188
-1.087595
-1.089991
-1.092376
-1.094751
-1.097114
-1.099467
-1.101809
-1.104140
-1.106460
-1.108769
-1.111067
-1.113355
-1.115631
-1.117896
-1.120150
-1.122394
-1.124626
-1.126846
-1.129056
-1.131255
-1.133442
-1.135619
-1.137784
-1.139937
-1.142080
-1.144211
-1.146331
-1.148440
-1.150537
-1.152623
-1.154697
-1.156761
-1.158812
-1.160853
-1.162881
-1.164899
-1.166905
-1.168899
-1.170882
-1.172853
-1.174813
-1.176761
-1.178697
-1.180622
-1.182535
-1.184437
-1.186326
-1.188205
-1.190071
-1.191926
-1.193768
-1.195600
-1.197419
-1.199226
-1.201022
-1.202806
-1.204577
-1.206337
-1.208085
-1.209822
-1.211546
-1.213258
-1.214958
-1.216646
-1.218323
-1.219987
-1.221639
-1.223279
-1.224907
-1.226523
-1.228126
-1.229718
-1.231297
-1.232865
-1.234420
-1.235963
-1.237493
-1.239012
-1.240518
-1.242012
-1.243494
-1.244964
-1.246421
-1.247866
-1.249298
-1.250718
-1.252126
-1.253522
-1.254905
-1.256276
-1.257634
-1.258980
-1.260314
-1.261635
-1.262944
-1.264240
-1.265523
-1.266795
-1.268053
-1.269300
-1.270533
-1.271754
-1.272963
-1.274159
-1.275342
-1.276513
-1.277671
-1.278817
-1.279950
-1.281070
-1.282178
-1.283273
-1.284355
-1.285425
-1.286482
-1.287526
-1.288557
-1.289576
-1.290582
-1.291576
-1.292556
-1.293524
-1.294479
-1.295421
-1.296351
-1.297267
-1.298171
-1.299062
-1.299940
-1.300806
-1.301658
-1.302498
-1.303325
-1.304139
-1.304940
-1.305728
-1.306503
-1.307266
-1.308015
-1.308752
-1.309476
-1.310186
-1.310884
-1.311569
-1.312241
-1.312900
-1.313546
-1.314179
-1.314799
-1.315406
-1.316001
-1.316582
-1.317150
-1.317705
-1.318247
-1.318776
-1.319292
-1.319795
-1.320285
-1.320762
-1.321226
-1.321677
-1.322115
-1.322540
-1.322952
-1.323350
-1.323736
-1.324108
-1.324468
-1.324814
-1.325147
-1.325468
-1.325775
-1.326069
-1.326350
-1.326618
-1.326872
-1.327114
-1.327343
-1.327558
-1.327761
-1.327950
-1.328126
-1.328289
-1.328439
-1.328576
-1.328700
-1.328810
-1.328908
-1.328992
-1.329063
-1.329121
-1.329166
-1.329198
-1.329217
-1.329223
-1.329215
-1.329195
-1.329161
-1.329114
-1.329054
-1.328981
-1.328895
-1.328796
-1.328683
-1.328558
-1.328419
-1.328267
-1.328102
-1.327924
-1.327733
-1.327529
-1.327312
-1.327081
-1.326838
-1.326581
-1.326311
-1.326029
-1.325733
-1.325424
-1.325102
-1.324766
-1.324418
-1.324057
-1.323683
-1.323295
-1.322895
-1.322481
-1.322055
-1.321615
-1.321162
-1.320696
-1.320218
-1.319726
-1.319221
-1.318703
-1.318172
-1.317629
-1.317072
-1.316502
-1.315919
-1.315323
-1.314714
-1.314093
-1.313458
-1.312810
-1.312149
-1.311476
-1.310789
-1.310090
-1.309377
-1.308652
-1.307913
-1.307162
-1.306398
-1.305621
-1.304831
-1.304028
-1.303213
-1.302384
-1.301543
-1.300689
-1.299822
-1.298942
-1.298049
-1.297143
-1.296225
-1.295294
-1.294350
-1.293393
-1.292424
-1.291442
-1.290447
-1.289439
-1.288419
-1.287386
-1.286340
-1.285281
-1.284210
-1.283126
-1.282030
-1.280921
-1.279799
-1.278664
-1.277517
-1.276358
-1.275185
-1.274001
-1.272803
-1.271593
-1.270371
-1.269136
-1.267888
-1.266628
-1.265355
-1.264070
-1.262773
-1.261463
-1.260140
-1.258805
-1.257458
-1.256098
-1.254726
-1.253341
-1.251944
-1.250535
-1.249114
-1.247680
-1.246233
-1.244775
-1.243304
-1.241821
-1.240325
-1.238818
-1.237298
-1.235766
-1.234222
-1.232665
-1.231097
-1.229516
-1.227923
-1.226318
-1.224701
-1.223072
-1.221431
-1.219778
-1.218112
-1.216435
-1.214746
-1.213044
-1.211331
-1.209606
-1.207869
-1.206119
-1.204358
-1.202586
-1.200801
-1.199004
-1.197196
-1.195375
-1.193543
-1.191700
-1.189844
-1.187977
-1.186098
-1.184207
-1.182304
-1.180390
-1.178464
-1.176527
-1.174578
-1.172617
-1.170645
-1.168662
-1.166666
-1.164660
-1.162641
-1.160612
-1.158570
-1.156518
-1.154454
-1.152378
-1.150291
-1.148193
-1.146084
-1.143963
-1.141831
-1.139688
-1.137533
-1.135367
-1.133190
-1.131002
-1.128803
-1.126592
-1.124371
-1.122138
-1.119894
-1.117639
-1.115373
-1.113097
-1.110809
-1.108510
-1.106200
-1.103880
-1.101548
-1.099206
-1.096852
-1.094488
-1.092113
-1.089728
-1.087331
-1.084924
-1.082506
-1.080078
-1.077638
-1.075189
-1.072728
-1.070257
-1.067776
-1.065283
-1.062781
-1.060268
-1.057744
-1.055210
-1.052666
-1.050111
-1.047546
-1.044970
-1.042384
-1.039788
-1.037182
-1.034565
-1.031938
-1.029301
-1.026654
-1.023997
-1.021329
-1.018652
-1.015964
-1.013267
-1.010559
-1.007842
-1.005114
-1.002377
-0.999630
-0.996872
-0.994105
-0.991329
-0.988542
-0.985746
-0.982940
-0.980124
-0.977299
-0.974464
-0.971619
-0.968765
-0.965901
-0.963027
-0.960145
-0.957252
-0.954350
-0.951439
-0.948519
-0.945589
-0.942649
-0.939701
-0.936743
-0.933776
-0.930800
-0.927814
-0.924820
-0.921816
-0.918803
-0.915781
-0.912750
-0.909710
-0.906661
-0.903603
-0.900536
-0.897461
-0.894376
-0.891283
-0.888181
-0.885070
-0.881950
-0.878822
-0.875685
-0.872539
-0.869385
-0.866222
-0.863050
-0.859870
-0.856682
-0.853485
-0.850280
-0.847066
-0.843844
-0.840614
-0.837375
-0.834128
-0.830873
-0.827610
-0.824338
-0.821059
-0.817771
-0.814475
-0.811171
-0.807859
-0.804539
-0.801212
-0.797876
-0.794532
-0.791181
-0.787822
-0.784455
-0.781080
-0.777698
-0.774308
-0.770910
-0.767505
-0.764092
-0.760671
-0.757243
-0.753808
-0.750365
-0.746915
-0.743457
-0.739992
-0.736520
-0.733040
-0.729553
-0.726059
-0.722558
-0.719050
-0.715535
-0.712012
-0.708483
-0.704946
-0.701403
-0.697853
-0.694296
-0.690731
-0.687161
-0.683583
-0.679999
-0.676407
-0.672810
-0.669205
-0.665594
-0.661977
-0.658353
-0.654722
-0.651085
-0.647441
-0.643792
-0.640135
-0.636473
-0.632804
-0.629129
-0.625448
-0.621760
-0.618067
-0.614367
-0.610661
-0.606949
-0.603232
-0.599508
-0.595778
-0.592043
-0.588301
-0.584554
-0.580801
-0.577043
-0.573278
-0.569508
-0.565733
-0.561952
-0.558165
-0.554373
-0.550575
-0.546772
-0.542963
-0.539149
-0.534727
-0.531474
-0.527857
-0.523498
-0.520195
-0.515856
-0.512372
-0.508129
-0.504715
-0.500497
-0.497067
-0.492807
-0.489330
-0.485029
-0.481706
-0.477272
-0.473671
-0.469310
-0.465988
-0.461586
-0.458201
-0.453738
-0.450313
-0.445831
-0.442410
-0.437938
-0.434528
-0.430060
-0.426647
-0.422167
-0.418740
-0.414243
-0.410804
-0.406297
-0.402852
-0.398338
-0.394889
-0.390368
-0.386913
-0.382382
-0.378919
-0.374379
-0.370909
-0.366359
-0.362883
-0.358506
-0.354893
-0.350220
-0.346677
-0.342283
-0.338692
-0.334050
-0.330534
-0.325964
-0.322496
-0.317934
-0.314447
-0.309850
-0.306329
-0.301706
-0.298174
-0.293732
-0.290073
-0.285341
-0.281763
-0.277320
-0.273692
-0.268994
-0.265441
-0.261000
-0.257360
-0.252635
-0.249058
-0.244595
-0.240943
-0.236394
-0.232680
-0.228102
-0.224393
-0.219836
-0.216153
-0.211612
-0.207934
-0.203385
-0.199696
-0.195133
-0.191434
-0.186864
-0.183163
-0.178593
-0.174893
-0.170320
-0.166620
-0.162042
-0.158338
-0.153754
-0.150047
-0.145459
-0.141749
-0.137158
-0.133446
-0.128850
-0.125137
-0.120537
-0.116821
-0.112217
-0.108500
-0.103892
-0.100173
-0.095562
-0.091842
-0.087227
-0.083506
-0.078889
-0.075167
-0.070547
-0.066825
-0.062203
-0.058480
-0.053856
-0.050133
-0.045508
-0.041786
-0.037159
-0.033437
-0.028809
-0.025088
-0.020459
-0.016740
-0.012109
-0.008391
-0.003760
-0.000043
0.004589
0.008304
0.012937
0.016651
0.021284
0.024996
0.029630
0.033341
0.037975
0.041684
0.046319
0.050027
0.054662
0.058368
0.063003
0.066707
0.071342
0.075044
0.079680
0.083380
0.088015
0.091712
0.096348
0.100042
0.104677
0.108369
0.113002
0.116691
0.121324
0.125009
0.129641
0.133322
0.137952
0.141630
0.146258
0.149931
0.154557
0.158226
0.162850
0.166515
0.171135
0.174795
0.179413
0.183069
0.187684
0.191334
0.195946
0.199591
0.204200
0.207840
0.212446
0.216080
0.220683
0.224312
0.228911
0.232534
0.237130
0.240748
0.245341
0.248953
0.253542
0.257148
0.261733
0.265334
0.269915
0.273510
0.278087
0.281675
0.286248
0.289830
0.294399
0.297974
0.302538
0.306107
0.310666
0.314227
0.318781
0.322336
0.326884
0.330431
0.334974
0.338514
0.343051
0.346582
0.351114
0.354637
0.359162
0.362677
0.367196
0.370702
0.375214
0.378712
0.383218
0.386707
0.391205
0.394686
0.399177
0.402649
0.407133
0.410596
0.415073
0.418526
0.422996
0.426440
0.430902
0.434338
0.438792
0.442218
0.446665
0.450082
0.454521
0.457928
0.462359
0.465756
0.470179
0.473567
0.477981
0.481359
0.485765
0.489132
0.493530
0.496887
0.501275
0.504622
0.509001
0.512337
0.516707
0.520032
0.524392
0.527706
0.532057
0.535359
0.539700
0.542990
0.547321
0.550600
0.554921
0.558188
0.562498
0.565753
0.570052
0.573295
0.577584
0.580815
0.585093
0.588311
0.592578
0.595784
0.600040
0.603234
0.607478
0.610659
0.614892
0.618061
0.622283
0.625439
0.629648
0.632792
0.636990
0.640120
0.644306
0.647423
0.651597
0.654702
0.658863
0.661954
0.666104
0.669181
0.673318
0.676381
0.680505
0.683555
0.687666
0.690702
0.694800
0.697822
0.701906
0.704914
0.708985
0.711978
0.716035
0.719014
0.723057
0.726021
0.730049
0.732999
0.737013
0.739948
0.743948
0.747612
0.750243
0.754085
0.757732
0.761173
0.763737
0.767621
0.771344
0.774838
0.777406
0.781252
0.784914
0.788346
0.790864
0.794675
0.798312
0.801722
0.804217
0.808000
0.811605
0.814980
0.817440
0.821189
0.824762
0.828106
0.830534
0.834252
0.837793
0.841104
0.843499
0.847184
0.850692
0.853970
0.856332
0.859983
0.863458
0.866702
0.869777
0.872784
0.875807
0.878886
0.882019
0.885178
0.888333
0.891463
0.894563
0.897639
0.900699
0.903753
0.906804
0.909851
0.912893
0.915927
0.918949
0.921961
0.924962
0.927953
0.930934
0.933908
0.936872
0.939828
0.942774
0.945711
0.948638
0.951556
0.954465
0.957364
0.960254
0.963135
0.966006
0.968868
0.971720
0.974563
0.977397
0.980221
0.983035
0.985840
0.988635
0.991421
0.994197
0.996963
0.999719
1.002466
1.005203
1.007929
1.010646
1.013353
1.016050
1.018737
1.021414
1.024080
1.026737
1.029383
1.032019
1.034645
1.037260
1.039865
1.042459
1.045044
1.047617
1.050181
1.052733
1.055276
1.057808
1.060329
1.062840
1.065340
1.067830
1.070309
1.072778
1.075236
1.077683
1.080120
1.082546
1.084962
1.087367
1.089761
1.092145
1.094518
1.096880
1.099232
1.101573
1.103903
1.106222
1.108531
1.110828
1.113115
1.115391
1.117656
1.119909
1.122152
1.124384
