0.090000
0.090708
0.089744
0.088229
0.087037
0.086530
0.086618
0.086979
0.087281
0.087321
0.087055
0.086551
0.085917
0.085240
0.084561
0.083879
0.083170
0.082410
0.081586
0.080701
0.079772
0.078818
0.077857
0.076903
0.075964
0.075047
0.074158
0.073303
0.072490
0.071726
0.071019
0.070373
0.069794
0.069283
0.068843
0.068474
0.068174
0.067942
0.067775
0.067669
0.067620
0.067621
0.067666
0.067748
0.067858
0.067989
0.068132
0.068278
0.068421
0.068550
0.068659
0.068740
0.068787
0.068793
0.068753
0.068664
0.068521
0.068322
0.068065
0.067751
0.067380
0.066953
0.066473
0.065944
0.065369
0.064753
0.064102
0.063423
0.062722
0.062006
0.061283
0.060559
0.059842
0.059139
0.058457
0.057801
0.057178
0.056593
0.056051
0.055555
0.055108
0.054713
0.054370
0.054080
0.053843
0.053657
0.053519
0.053427
0.053378
0.053367
0.053388
0.053437
0.053507
0.053592
0.053686
0.053782
0.053875
0.053958
0.054025
0.054071
0.054090
0.054079
0.054033
0.053950
0.053826
0.053660
0.053451
0.053199
0.052903
0.052567
0.052192
0.051779
0.051333
0.050857
0.050355
0.049833
0.049295
0.048747
0.048195
0.047644
0.047098
0.046564
0.046047
0.045551
0.045080
0.044639
0.044231
0.043858
0.043522
0.043226
0.042970
0.042753
0.042576
0.042437
0.042333
0.042264
0.042225
0.042214
0.042226
0.042257
0.042303
0.042358
0.042419
0.042479
0.042535
0.042582
0.042615
0.042631
0.042625
0.042595
0.042539
0.042453
0.042335
0.042186
0.042005
0.041791
0.041546
0.041270
0.040966
0.040635
0.040280
0.039905
0.039512
0.039106
0.038691
0.038271
0.037850
0.037432
0.037020
0.036620
0.036235
0.035868
0.035522
0.035199
0.034903
0.034635
0.034396
0.034187
0.034007
0.033858
0.033737
0.033643
0.033576
0.033532
0.033510
0.033506
0.033516
0.033539
0.033569
0.033604
0.033639
0.033672
0.033698
0.033714
0.033718
0.033706
0.033676
0.033626
0.033555
0.033460
0.033341
0.033198
0.033030
0.032840
0.032626
0.032391
0.032137
0.031864
0.031576
0.031276
0.030966
0.030649
0.030329
0.030008
0.029690
0.029378
0.029075
0.028783
0.028505
0.028243
0.028000
0.027777
0.027574
0.027394
0.027236
0.027101
0.026987
0.026895
0.026823
0.026770
0.026734
0.026713
0.026705
0.026708
0.026718
0.026734
0.026751
0.026768
0.026781
0.026789
0.026789
0.026778
0.026754
0.026717
0.026663
0.026593
0.026506
0.026400
0.026276
0.026135
0.025976
0.025801
0.025612
0.025408
0.025192
0.024966
0.024732
0.024492
0.024249
0.024005
0.023763
0.023524
0.023292
0.023067
0.022853
0.022650
0.022460
0.022285
0.022126
0.021983
0.021857
0.021747
0.021654
0.021577
0.021514
0.021466
0.021431
0.021407
0.021393
0.021387
0.021386
0.021389
0.021394
0.021399
0.021401
0.021398
0.021390
0.021373
0.021348
0.021311
0.021263
0.021203
0.021130
0.021043
0.020943
0.020830
0.020704
0.020567
0.020419
0.020261
0.020094
0.019921
0.019741
0.019558
0.019373
0.019188
0.019005
0.018825
0.018650
0.018482
0.018322
0.018170
0.018029
0.017899
0.017781
0.017675
0.017581
0.017500
0.017430
0.017372
0.017324
0.017287
0.017259
0.017238
0.017224
0.017215
0.017210
0.017206
0.017203
0.017198
0.017190
0.017179
0.017162
0.017139
0.017109
0.017070
0.017022
0.016965
0.016898
0.016822
0.016736
0.016641
0.016537
0.016425
0.016305
0.016179
0.016048
0.015912
0.015773
0.015633
0.015493
0.015353
0.015217
0.015083
0.014955
0.014832
0.014716
0.014607
0.014506
0.014414
0.014331
0.014257
0.014192
0.014135
0.014087
0.014046
0.014013
0.013987
0.013966
0.013950
0.013937
0.013927
0.013919
0.013910
0.013900
0.013889
0.013874
0.013855
0.013832
0.013803
0.013768
0.013726
0.013678
0.013622
0.013560
0.013490
0.013415
0.013333
0.013245
0.013152
0.013055
0.012954
0.012850
0.012744
0.012637
0.012531
0.012426
0.012323
0.012223
0.012126
0.012034
0.011947
0.011866
0.011791
0.011722
0.011659
0.011603
0.011554
0.011510
0.011473
0.011441
0.011414
0.011391
0.011373
0.011357
0.011344
0.011332
0.011321
0.011309
0.011297
0.011282
0.011265
0.011244
0.011220
0.011192
0.011159
0.011121
0.011079
0.011031
0.010978
0.010921
0.010859
0.010793
0.010723
0.010650
0.010573
0.010495
0.010414
0.010334
0.010253
0.010172
0.010093
0.010017
0.009942
0.009871
0.009803
0.009739
0.009680
0.009624
0.009574
0.009528
0.009487
0.009450
0.009418
0.009389
0.009365
0.009343
0.009325
0.009309
0.009295
0.009282
0.009270
0.009257
0.009244
0.009229
0.009212
0.009194
0.009173
0.009149
0.009122
0.009091
0.009057
0.009019
0.008978
0.008933
0.008886
0.008835
0.008782
0.008726
0.008667
0.008607
0.008546
0.008485
0.008423
0.008362
0.008302
0.008243
0.008186
0.008131
0.008079
0.008029
0.007983
0.007939
0.007899
0.007863
0.007829
0.007799
0.007772
0.007747
0.007726
0.007707
0.007690
0.007675
0.007661
0.007648
0.007635
0.007622
0.007609
0.007595
0.007580
0.007563
0.007544
0.007524
0.007501
0.007476
0.007448
0.007418
0.007385
0.007350
0.007313
0.007274
0.007233
0.007190
0.007145
0.007099
0.007052
0.007005
0.006958
0.006911
0.006865
0.006820
0.006776
0.006734
0.006694
0.006655
0.006619
0.006585
0.006553
0.006524
0.006497
0.006472
0.006450
0.006429
0.006410
0.006393
0.006378
0.006364
0.006351
0.006339
0.006327
0.006315
0.006302
0.006289
0.006275
0.006260
0.006244
0.006227
0.006207
0.006187
0.006164
0.006140
0.006114
0.006087
0.006058
0.006028
0.005996
0.005962
0.005928
0.005893
0.005857
0.005821
0.005785
0.005749
0.005713
0.005679
0.005645
0.005612
0.005581
0.005551
0.005522
0.005495
0.005470
0.005446
0.005424
0.005404
0.005384
0.005367
0.005351
0.005336
0.005322
0.005310
0.005298
0.005286
0.005275
0.005264
0.005252
0.005241
0.005228
0.005215
0.005202
0.005187
0.005171
0.005154
0.005136
0.005117
0.005097
0.005075
0.005052
0.005029
0.005005
0.004979
0.004953
0.004926
0.004898
0.004870
0.004843
0.004815
0.004787
0.004760
0.004734
0.004709
0.004684
0.004660
0.004637
0.004615
0.004595
0.004575
0.004557
0.004540
0.004524
0.004508
0.004494
0.004481
0.004468
0.004457
0.004446
0.004436
0.004426
0.004416
0.004405
0.004395
0.004384
0.004373
0.004362
0.004349
0.004336
0.004323
0.004309
0.004293
0.004277
0.004260
0.004243
0.004224
0.004206
0.004187
0.004167
0.004146
0.004125
0.004104
0.004082
0.004060
0.004039
0.004017
0.003997
0.003976
0.003957
0.003937
0.003919
0.003901
0.003884
0.003868
0.003852
0.003838
0.003824
0.003810
0.003797
0.003785
0.003774
0.003764
0.003754
0.003745
0.003736
0.003726
0.003717
0.003708
0.003699
0.003689
0.003680
0.003670
0.003659
0.003648
0.003637
0.003625
0.003612
0.003599
0.003586
0.003571
0.003557
0.003542
0.003527
0.003512
0.003496
0.003479
0.003462
0.003445
0.003428
0.003411
0.003395
0.003379
0.003363
0.003347
0.003332
0.003317
0.003303
0.003289
0.003276
0.003263
0.003251
0.003239
0.003227
0.003216
0.003206
0.003196
0.003187
0.003179
0.003170
0.003162
0.003154
0.003146
0.003138
0.003129
0.003121
0.003113
0.003104
0.003095
0.003086
0.003077
0.003067
0.003057
0.003046
0.003035
0.003024
0.003012
0.003000
0.002988
0.002976
0.002964
0.002951
0.002938
0.002925
0.002911
0.002898
0.002884
0.002871
0.002859
0.002846
0.002834
0.002822
0.002810
0.002798
0.002787
0.002777
0.002766
0.002756
0.002746
0.002737
0.002728
0.002719
0.002710
0.002702
0.002695
0.002687
0.002680
0.002673
0.002665
0.002658
0.002651
0.002644
0.002636
0.002628
0.002621
0.002613
0.002605
0.002596
0.002588
0.002579
0.002570
0.002560
0.002551
0.002541
0.002531
0.002522
0.002511
0.002501
0.002491
0.002480
0.002470
0.002459
0.002449
0.002438
0.002428
0.002417
0.002407
0.002397
0.002388
0.002378
0.002369
0.002360
0.002351
0.002342
0.002334
0.002326
0.002318
0.002310
0.002303
0.002296
0.002289
0.002282
0.002276
0.002269
0.002262
0.002256
0.002249
0.002243
0.002236
0.002229
0.002222
0.002216
0.002209
0.002201
0.002194
0.002187
0.002179
0.002171
0.002163
0.002155
0.002147
0.002139
0.002130
0.002122
0.002114
0.002106
0.002097
0.002088
0.002079
0.002071
0.002063
0.002054
0.002046
0.002038
0.002029
0.002021
0.002013
0.002006
0.001997
0.001990
0.001983
0.001975
0.001968
0.001961
0.001955
0.001948
0.001942
0.001936
0.001930
0.001924
0.001917
0.001911
0.001905
0.001899
0.001893
0.001887
0.001881
0.001875
0.001869
0.001863
0.001856
0.001850
0.001843
0.001837
0.001830
0.001823
0.001816
0.001809
0.001802
0.001795
0.001788
0.001781
0.001774
0.001766
0.001760
0.001752
0.001745
0.001738
0.001731
0.001723
0.001716
0.001709
0.001703
0.001696
0.001689
0.001683
0.001676
0.001670
0.001663
0.001657
0.001650
0.001645
0.001639
0.001633
0.001627
0.001622
0.001616
0.001610
0.001605
0.001599
0.001594
0.001588
0.001583
0.001577
0.001571
0.001566
0.001560
0.001555
0.001549
0.001543
0.001537
0.001531
0.001525
0.001519
0.001513
0.001507
0.001501
0.001495
0.001488
0.001482
0.001476
0.001469
0.001463
0.001457
0.001450
0.001444
0.001438
0.001432
0.001426
0.001419
0.001413
0.001407
0.001401
0.001396
0.001390
0.001384
0.001378
0.001373
0.001367
0.001362
0.001357
0.001351
0.001346
0.001341
0.001336
0.001331
0.001325
0.001320
0.001315
0.001310
0.001305
0.001300
0.001295
0.001290
0.001285
0.001279
0.001274
0.001269
0.001263
0.001258
0.001253
0.001247
0.001242
0.001236
0.001231
0.001225
0.001219
0.001214
0.001208
0.001202
0.001197
0.001191
0.001185
0.001180
0.001174
0.001168
0.001163
0.001157
0.001152
0.001146
0.001141
0.001136
0.001130
0.001125
0.001120
0.001115
0.001110
0.001105
0.001100
0.001095
0.001090
0.001085
0.001080
0.001075
0.001071
0.001066
0.001061
0.001056
0.001052
0.001047
0.001042
0.001037
0.001032
0.001028
0.001023
0.001018
0.001013
0.001008
0.001003
0.000998
0.000993
0.000988
0.000983
0.000977
0.000972
0.000967
0.000962
0.000957
0.000952
0.000946
0.000941
0.000936
0.000931
0.000926
0.000921
0.000915
0.000910
0.000905
0.000900
0.000896
0.000891
0.000886
0.000881
0.000876
0.000871
0.000867
0.000862
0.000857
0.000853
0.000848
0.000844
0.000839
0.000835
0.000830
0.000826
0.000821
0.000817
0.000812
0.000808
0.000803
0.000799
0.000794
0.000790
0.000785
0.000780
0.000776
0.000771
0.000766
0.000762
0.000757
0.000752
0.000747
0.000743
0.000738
0.000733
0.000728
0.000723
0.000718
0.000714
0.000709
0.000704
0.000699
0.000695
0.000690
0.000685
0.000681
0.000676
0.000671
0.000667
0.000662
0.000658
0.000653
0.000649
0.000644
0.000640
0.000636
0.000631
0.000627
0.000623
0.000618
0.000614
0.000610
0.000606
0.000601
0.000597
0.000593
0.000589
0.000584
0.000580
0.000576
0.000571
0.000567
0.000563
0.000558
0.000554
0.000549
0.000545
0.000541
0.000536
0.000532
0.000527
0.000523
0.000518
0.000514
0.000509
0.000505
0.000500
0.000496
0.000492
0.000487
0.000483
0.000478
0.000474
0.000470
0.000465
0.000461
0.000457
0.000452
0.000448
0.000444
0.000440
0.000436
0.000432
0.000428
0.000423
0.000419
0.000415
0.000411
0.000407
0.000403
0.000399
0.000395
0.000391
0.000387
0.000383
0.000379
0.000375
0.000371
0.000367
0.000363
0.000359
0.000354
0.000350
0.000346
0.000342
0.000338
0.000334
0.000330
0.000325
0.000321
0.000317
0.000313
0.000309
0.000305
0.000301
0.000296
0.000292
0.000288
0.000284
0.000280
0.000276
0.000272
0.000268
0.000264
0.000260
0.000256
0.000252
0.000248
0.000244
0.000240
0.000237
0.000233
0.000229
0.000225
0.000221
0.000218
0.000214
0.000210
0.000206
0.000202
0.000199
0.000195
0.000191
0.000187
0.000183
0.000180
0.000176
0.000172
0.000168
0.000164
0.000160
0.000157
0.000153
0.000149
0.000145
0.000141
0.000137
0.000134
0.000130
0.000126
0.000123
0.000119
0.000115
0.000111
0.000108
0.000104
0.000100
0.000096
0.000093
0.000089
0.000085
0.000082
0.000078
0.000074
0.000071
0.000067
0.000064
0.000060
0.000056
0.000053
0.000049
0.000046
0.000042
0.000038
0.000035
0.000031
0.000028
0.000024
0.000021
0.000017
0.000014
0.000010
0.000007
0.000003
-0.000000
-0.000004
-0.000008
-0.000011
-0.000015
-0.000019
-0.000022
-0.000026
-0.000029
-0.000033
-0.000036
-0.000040
-0.000043
-0.000047
-0.000050
-0.000053
-0.000057
-0.000060
-0.000064
-0.000067
-0.000070
-0.000074
-0.000077
-0.000081
-0.000084
-0.000087
-0.000091
-0.000094
-0.000097
-0.000101
-0.000104
-0.000107
-0.000110
-0.000114
-0.000117
-0.000121
-0.000124
-0.000127
-0.000130
-0.000134
-0.000137
-0.000140
-0.000144
-0.000147
-0.000150
-0.000153
-0.000157
-0.000160
-0.000163
-0.000166
-0.000169
-0.000173
-0.000176
-0.000179
-0.000182
-0.000185
-0.000188
-0.000192
-0.000195
-0.000198
-0.000201
-0.000204
-0.000207
-0.000210
-0.000213
-0.000217
-0.000220
-0.000223
-0.000226
-0.000229
-0.000232
-0.000235
-0.000238
-0.000241
-0.000244
-0.000247
-0.000250
-0.000253
-0.000256
-0.000259
-0.000262
-0.000265
-0.000268
-0.000271
-0.000274
-0.000277
-0.000280
-0.000283
-0.000286
-0.000289
-0.000292
-0.000295
-0.000298
-0.000301
-0.000303
-0.000306
-0.000309
-0.000312
-0.000315
-0.000318
-0.000320
-0.000323
-0.000326
-0.000329
-0.000332
-0.000335
-0.000337
-0.000340
-0.000343
-0.000346
-0.000348
-0.000351
-0.000354
-0.000357
-0.000359
-0.000362
-0.000365
-0.000368
-0.000370
-0.000373
-0.000376
-0.000379
-0.000381
-0.000384
-0.000387
-0.000389
-0.000392
-0.000395
-0.000397
-0.000400
-0.000402
-0.000405
-0.000408
-0.000410
-0.000413
-0.000415
-0.000418
-0.000421
-0.000423
-0.000426
-0.000428
-0.000431
-0.000433
-0.000436
-0.000438
-0.000441
-0.000443
-0.000446
-0.000448
-0.000451
-0.000453
-0.000456
-0.000458
-0.000460
-0.000463
-0.000465
-0.000468
-0.000470
-0.000472
-0.000475
-0.000477
-0.000480
-0.000482
-0.000485
-0.000487
-0.000489
-0.000491
-0.000494
-0.000496
-0.000499
-0.000501
-0.000503
-0.000505
-0.000508
-0.000510
-0.000512
-0.000514
-0.000517
-0.000519
-0.000521
-0.000523
-0.000526
-0.000528
-0.000530
-0.000532
-0.000534
-0.000536
-0.000539
-0.000541
-0.000543
-0.000545
-0.000547
-0.000549
-0.000552
-0.000554
-0.000556
-0.000558
-0.000560
-0.000562
-0.000564
-0.000566
-0.000568
-0.000570
-0.000572
-0.000574
-0.000576
-0.000578
-0.000580
-0.000582
-0.000584
-0.000586
-0.000588
-0.000590
-0.000592
-0.000594
-0.000596
-0.000598
-0.000600
-0.000602
-0.000604
-0.000605
-0.000607
-0.000609
-0.000611
-0.000613
-0.000615
-0.000617
-0.000619
-0.000620
-0.000622
-0.000624
-0.000626
-0.000628
-0.000630
-0.000631
-0.000633
-0.000635
-0.000637
-0.000638
-0.000640
-0.000642
-0.000644
-0.000645
-0.000647
-0.000649
-0.000650
-0.000652
-0.000654
-0.000655
-0.000657
-0.000658
-0.000660
-0.000662
-0.000663
-0.000665
-0.000667
-0.000668
-0.000670
-0.000671
-0.000673
-0.000674
-0.000676
-0.000678
-0.000679
-0.000680
-0.000682
-0.000684
-0.000685
-0.000686
-0.000688
-0.000689
-0.000691
-0.000692
-0.000694
-0.000695
-0.000697
-0.000698
-0.000700
-0.000701
-0.000702
-0.000704
-0.000705
-0.000706
-0.000708
-0.000709
-0.000711
-0.000712
-0.000713
-0.000714
-0.000716
-0.000717
-0.000718
-0.000720
-0.000721
-0.000722
-0.000723
-0.000725
-0.000726
-0.000727
-0.000728
-0.000729
-0.000731
-0.000732
-0.000733
-0.000734
-0.000735
-0.000736
-0.000738
-0.000739
-0.000740
-0.000741
-0.000742
-0.000743
-0.000744
-0.000745
-0.000747
-0.000747
-0.000749
-0.000750
-0.000751
-0.000752
-0.000753
-0.000754
-0.000755
-0.000756
-0.000757
-0.000758
-0.000759
-0.000760
-0.000761
-0.000761
-0.000763
-0.000763
-0.000764
-0.000765
-0.000766
-0.000767
-0.000768
-0.000769
-0.000770
-0.000770
-0.000771
-0.000772
-0.000773
-0.000774
-0.000775
-0.000775
-0.000776
-0.000777
-0.000778
-0.000778
-0.000779
-0.000780
-0.000781
-0.000781
-0.000782
-0.000783
-0.000784
-0.000784
-0.000785
-0.000786
-0.000786
-0.000787
-0.000788
-0.000788
-0.000789
-0.000789
-0.000790
-0.000791
-0.000791
-0.000792
-0.000793
-0.000793
-0.000794
-0.000794
-0.000795
-0.000795
-0.000796
-0.000796
-0.000797
-0.000797
-0.000798
-0.000798
-0.000799
-0.000799
-0.000800
-0.000800
-0.000801
-0.000801
-0.000801
-0.000802
-0.000802
-0.000802
-0.000803
-0.000803
-0.000804
-0.000804
-0.000804
-0.000805
-0.000805
-0.000805
-0.000806
-0.000806
-0.000806
-0.000806
-0.000807
-0.000807
-0.000807
-0.000807
-0.000808
-0.000808
-0.000808
-0.000808
-0.000809
-0.000809
-0.000809
-0.000809
-0.000809
-0.000809
-0.000810
-0.000810
-0.000810
-0.000810
-0.000810
-0.000810
-0.000811
-0.000810
-0.000811
-0.000811
-0.000811
-0.000811
-0.000811
-0.000811
-0.000811
-0.000811
-0.000811
-0.000811
-0.000811
-0.000811
-0.000811
-0.000811
-0.000811
-0.000811
-0.000811
-0.000811
-0.000811
-0.000810
-0.000811
-0.000810
-0.000810
-0.000810
-0.000810
-0.000810
-0.000810
-0.000809
-0.000809
-0.000809
-0.000809
-0.000809
-0.000809
-0.000808
-0.000808
-0.000808
-0.000808
-0.000808
-0.000808
-0.000807
-0.000807
-0.000807
-0.000807
-0.000806
-0.000806
-0.000806
-0.000805
-0.000805
-0.000805
-0.000804
-0.000804
-0.000803
-0.000803
-0.000803
-0.000802
-0.000802
-0.000802
-0.000801
-0.000801
-0.000800
-0.000800
-0.000799
-0.000799
-0.000799
-0.000798
-0.000798
-0.000797
-0.000797
-0.000796
-0.000796
-0.000795
-0.000795
-0.000794
-0.000794
-0.000793
-0.000793
-0.000792
-0.000792
-0.000791
-0.000791
-0.000790
-0.000789
-0.000789
-0.000788
-0.000788
-0.000787
-0.000787
-0.000786
-0.000785
-0.000784
-0.000784
-0.000783
-0.000783
-0.000782
-0.000781
-0.000780
-0.000780
-0.000779
-0.000778
-0.000777
-0.000777
-0.000776
-0.000775
-0.000774
-0.000774
-0.000773
-0.000772
-0.000771
-0.000771
-0.000770
-0.000769
-0.000768
-0.000767
-0.000766
-0.000766
-0.000765
-0.000764
-0.000763
-0.000762
-0.000761
-0.000761
-0.000759
-0.000759
-0.000758
-0.000757
-0.000756
-0.000755
-0.000754
-0.000753
-0.000752
-0.000751
-0.000750
-0.000749
-0.000748
-0.000747
-0.000746
-0.000745
-0.000744
-0.000743
-0.000742
-0.000741
-0.000740
-0.000739
-0.000738
-0.000737
-0.000736
-0.000735
-0.000734
-0.000733
-0.000732
-0.000731
-0.000729
-0.000728
-0.000727
-0.000726
-0.000725
-0.000724
-0.000723
-0.000722
-0.000720
-0.000719
-0.000718
-0.000717
-0.000716
-0.000715
-0.000713
-0.000712
-0.000711
-0.000710
-0.000708
-0.000707
-0.000706
-0.000705
-0.000704
-0.000703
-0.000701
-0.000700
-0.000699
-0.000697
-0.000696
-0.000695
-0.000693
-0.000692
-0.000691
-0.000690
-0.000688
-0.000687
-0.000685
-0.000684
-0.000683
-0.000682
-0.000680
-0.000679
-0.000677
-0.000676
-0.000675
-0.000673
-0.000672
-0.000671
-0.000669
-0.000668
-0.000666
-0.000665
-0.000663
-0.000662
-0.000660
-0.000659
-0.000657
-0.000656
-0.000655
-0.000653
-0.000652
-0.000650
-0.000649
-0.000647
-0.000646
-0.000644
-0.000643
-0.000641
-0.000640
-0.000638
-0.000637
-0.000635
-0.000634
-0.000632
-0.000630
-0.000629
-0.000627
-0.000626
-0.000624
-0.000622
-0.000621
-0.000619
-0.000617
-0.000616
-0.000615
-0.000613
-0.000611
-0.000610
-0.000608
-0.000607
-0.000605
-0.000603
-0.000602
-0.000600
-0.000598
-0.000597
-0.000595
-0.000593
-0.000592
-0.000590
-0.000588
-0.000587
-0.000585
-0.000583
-0.000582
-0.000580
-0.000578
-0.000576
-0.000575
-0.000573
-0.000571
-0.000569
-0.000568
-0.000566
-0.000564
-0.000562
-0.000560
-0.000558
-0.000556
-0.000555
-0.000553
-0.000551
-0.000549
-0.000548
-0.000546
-0.000544
-0.000542
-0.000540
-0.000539
-0.000537
-0.000535
-0.000533
-0.000531
-0.000529
-0.000528
-0.000526
-0.000524
-0.000522
-0.000520
-0.000518
-0.000516
-0.000515
-0.000513
-0.000511
-0.000509
-0.000507
-0.000505
-0.000503
-0.000501
-0.000500
-0.000498
-0.000496
-0.000494
-0.000492
-0.000490
-0.000488
-0.000486
-0.000484
-0.000482
-0.000480
-0.000479
-0.000477
-0.000475
-0.000473
-0.000471
-0.000469
-0.000467
-0.000465
-0.000463
-0.000461
-0.000459
-0.000457
-0.000455
-0.000453
-0.000451
-0.000449
-0.000447
-0.000445
-0.000443
-0.000441
-0.000439
-0.000437
-0.000435
-0.000433
-0.000431
-0.000429
-0.000427
-0.000425
-0.000423
-0.000421
-0.000418
-0.000416
-0.000414
-0.000412
-0.000410
-0.000408
-0.000406
-0.000404
-0.000402
-0.000400
-0.000398
-0.000396
-0.000394
-0.000392
-0.000389
-0.000387
-0.000385
-0.000383
-0.000381
-0.000379
-0.000377
-0.000375
-0.000373
-0.000370
-0.000368
-0.000366
-0.000364
-0.000362
-0.000360
-0.000358
-0.000355
-0.000353
-0.000351
-0.000349
-0.000347
-0.000345
-0.000343
-0.000340
-0.000338
-0.000336
-0.000334
-0.000332
-0.000329
-0.000327
-0.000325
-0.000323
-0.000321
-0.000318
-0.000316
-0.000314
-0.000312
-0.000310
-0.000307
-0.000305
-0.000303
-0.000301
-0.000299
-0.000296
-0.000294
-0.000292
-0.000290
-0.000288
-0.000285
-0.000283
-0.000281
-0.000279
-0.000276
-0.000274
-0.000272
-0.000270
-0.000267
-0.000265
-0.000263
-0.000261
-0.000258
-0.000256
-0.000254
-0.000251
-0.000249
-0.000247
-0.000245
-0.000242
-0.000240
-0.000238
-0.000235
-0.000233
-0.000231
-0.000229
-0.000226
-0.000224
-0.000222
-0.000219
-0.000217
-0.000215
-0.000212
-0.000210
-0.000208
-0.000205
-0.000203
-0.000201
-0.000198
-0.000196
-0.000194
-0.000192
-0.000189
-0.000187
-0.000185
-0.000182
-0.000180
-0.000178
-0.000175
-0.000173
-0.000170
-0.000168
-0.000166
-0.000163
-0.000161
-0.000159
-0.000156
-0.000154
-0.000152
-0.000149
-0.000147
-0.000145
-0.000142
-0.000140
-0.000137
-0.000135
-0.000133
-0.000130
-0.000128
-0.000126
-0.000123
-0.000121
-0.000118
-0.000116
-0.000114
-0.000111
-0.000109
-0.000106
-0.000104
-0.000102
-0.000099
-0.000097
-0.000094
-0.000092
-0.000090
-0.000087
-0.000085
-0.000082
-0.000080
-0.000078
-0.000075
-0.000073
-0.000070
-0.000068
-0.000066
-0.000063
-0.000061
-0.000058
-0.000056
-0.000053
-0.000051
-0.000049
-0.000046
-0.000044
-0.000041
-0.000039
-0.000036
-0.000034
-0.000032
-0.000029
-0.000027
-0.000024
-0.000022
-0.000019
-0.000017
-0.000015
-0.000012
-0.000010
-0.000007
-0.000005
-0.000002
0.000000
0.000003
0.000005
0.000007
0.000010
0.000012
0.000015
0.000017
0.000020
0.000022
0.000025
0.000027
0.000029
0.000032
0.000034
0.000037
0.000039
0.000042
0.000044
0.000047
0.000049
0.000051
0.000054
0.000056
0.000059
0.000061
0.000064
0.000066
0.000069
0.000071
0.000074
0.000076
0.000078
0.000081
0.000083
0.000086
0.000088
0.000091
0.000093
0.000096
0.000098
0.000101
0.000103
0.000105
0.000108
0.000110
0.000113
0.000115
0.000118
0.000120
0.000123
0.000125
0.000128
0.000130
0.000132
0.000135
0.000137
0.000140
0.000142
0.000145
0.000147
0.000150
0.000152
0.000154
0.000157
0.000159
0.000162
0.000164
0.000167
0.000169
0.000172
0.000174
0.000176
0.000179
0.000181
0.000184
0.000186
0.000189
0.000191
0.000194
0.000196
0.000198
0.000201
0.000203
0.000206
0.000208
0.000211
0.000213
0.000215
0.000218
0.000220
0.000223
0.000225
0.000228
0.000230
0.000232
0.000235
0.000237
0.000240
0.000242
0.000244
0.000247
0.000249
0.000252
0.000254
0.000256
0.000259
0.000261
0.000264
0.000266
0.000268
0.000271
0.000273
0.000276
0.000278
0.000280
0.000283
0.000285
0.000287
0.000290
0.000292
0.000295
0.000297
0.000299
0.000302
0.000304
0.000306
0.000309
0.000311
0.000314
0.000316
0.000318
0.000321
0.000323
0.000325
0.000328
0.000330
0.000332
0.000335
0.000337
0.000339
0.000342
0.000344
0.000346
0.000349
0.000351
0.000353
0.000356
0.000358
0.000360
0.000363
0.000365
0.000367
0.000369
0.000372
0.000374
0.000376
0.000379
0.000381
0.000383
0.000385
0.000388
0.000390
0.000392
0.000395
0.000397
0.000399
0.000401
0.000404
0.000406
0.000408
0.000410
0.000413
0.000415
0.000417
0.000419
0.000421
0.000424
0.000426
0.000428
0.000430
0.000433
0.000435
0.000437
0.000439
0.000441
0.000444
0.000446
0.000448
0.000450
0.000452
0.000454
0.000457
0.000459
0.000461
0.000463
0.000465
0.000467
0.000470
0.000472
0.000474
0.000476
0.000478
0.000480
0.000482
0.000485
0.000487
0.000489
0.000491
0.000493
0.000495
0.000497
0.000499
0.000501
0.000503
0.000506
0.000508
0.000510
0.000512
0.000514
0.000516
0.000518
0.000520
0.000522
0.000524
0.000526
0.000528
0.000530
0.000532
0.000534
0.000536
0.000538
0.000540
0.000542
0.000544
0.000546
0.000548
0.000550
0.000552
0.000554
0.000556
0.000558
0.000560
0.000562
0.000564
0.000566
0.000568
0.000570
0.000572
0.000574
0.000575
0.000577
0.000579
0.000581
0.000583
0.000585
0.000587
0.000589
0.000591
0.000592
0.000594
0.000596
0.000598
0.000600
0.000602
0.000604
0.000605
0.000607
0.000609
0.000611
0.000612
0.000614
0.000616
0.000617
0.000619
0.000621
0.000623
0.000624
0.000626
0.000628
0.000630
0.000631
0.000633
0.000635
0.000637
0.000638
0.000640
0.000642
0.000643
0.000645
0.000647
0.000648
0.000650
0.000652
0.000653
0.000655
0.000657
0.000658
0.000660
0.000662
0.000664
0.000665
0.000667
0.000668
0.000670
0.000671
0.000673
0.000675
0.000676
0.000678
0.000680
0.000681
0.000683
0.000684
0.000686
0.000687
0.000689
0.000690
0.000692
0.000693
0.000695
0.000696
0.000698
0.000699
0.000701
0.000702
0.000704
0.000705
0.000707
0.000708
0.000710
0.000711
0.000712
0.000714
0.000715
0.000717
0.000718
0.000719
0.000721
0.000722
0.000724
0.000725
0.000726
0.000728
0.000729
0.000730
0.000732
0.000733
0.000734
0.000736
0.000737
0.000738
0.000740
0.000741
0.000742
0.000743
0.000745
0.000746
0.000747
0.000749
0.000750
0.000751
0.000752
0.000753
0.000754
0.000756
0.000757
0.000758
0.000759
0.000760
0.000761
0.000762
0.000763
0.000765
0.000766
0.000767
0.000768
0.000769
0.000770
0.000771
0.000772
0.000774
0.000775
0.000776
0.000777
0.000778
0.000779
0.000780
0.000781
0.000782
0.000783
0.000784
0.000785
0.000786
0.000787
0.000788
0.000789
0.000790
0.000791
0.000792
0.000793
0.000794
0.000795
0.000796
0.000797
0.000798
0.000799
0.000799
0.000800
0.000801
0.000802
0.000803
0.000804
0.000805
0.000806
0.000806
0.000807
0.000808
0.000809
0.000810
0.000810
0.000811
0.000812
0.000813
0.000814
0.000814
0.000815
0.000816
0.000816
0.000817
0.000818
0.000819
0.000819
0.000820
0.000821
0.000821
0.000822
0.000823
0.000823
0.000824
0.000825
0.000825
0.000826
0.000827
0.000827
0.000828
0.000828
0.000829
0.000830
0.000830
0.000831
0.000831
0.000832
0.000832
0.000833
0.000833
0.000834
0.000834
0.000835
0.000835
0.000836
0.000836
0.000837
0.000837
0.000838
0.000838
0.000839
0.000839
0.000839
0.000840
0.000840
0.000840
0.000841
0.000841
0.000842
0.000842
0.000842
0.000843
0.000843
0.000843
0.000844
0.000844
0.000844
0.000844
0.000845
0.000845
0.000845
0.000846
0.000846
0.000846
0.000846
0.000847
0.000847
0.000847
0.000847
0.000847
0.000847
0.000848
0.000848
0.000848
0.000848
0.000848
0.000848
0.000849
0.000849
0.000849
0.000849
0.000849
0.000849
0.000849
0.000849
0.000849
0.000849
0.000849
0.000849
0.000849
0.000849
0.000849
0.000849
0.000849
0.000849
0.000849
0.000849
0.000849
0.000849
0.000849
0.000849
0.000849
0.000849
0.000849
0.000848
0.000848
0.000848
0.000848
0.000848
0.000848
0.000848
0.000847
0.000847
0.000847
0.000847
0.000847
0.000846
0.000846
0.000846
0.000846
0.000845
0.000845
0.000845
0.000845
0.000844
0.000844
0.000844
0.000843
0.000843
0.000843
0.000842
0.000842
0.000842
0.000841
0.000841
0.000841
0.000840
0.000840
0.000839
0.000839
0.000839
0.000838
0.000838
0.000837
0.000837
0.000836
0.000836
0.000835
0.000835
0.000834
0.000834
0.000833
0.000833
0.000832
0.000832
0.000831
0.000831
0.000830
0.000829
0.000829
0.000828
0.000828
0.000827
0.000826
0.000826
0.000825
0.000824
0.000824
0.000823
0.000822
0.000822
0.000821
0.000820
0.000820
0.000819
0.000818
0.000817
0.000817
0.000816
0.000815
0.000814
0.000813
0.000813
0.000812
0.000811
0.000810
0.000809
0.000809
0.000808
0.000807
0.000806
0.000805
0.000804
0.000803
0.000802
0.000801
0.000801
0.000800
0.000799
0.000798
0.000797
0.000796
0.000795
0.000794
0.000793
0.000792
0.000791
0.000790
0.000789
0.000788
0.000787
0.000786
0.000785
0.000784
0.000783
0.000781
0.000780
0.000779
0.000778
0.000777
0.000776
0.000775
0.000774
0.000772
0.000771
0.000770
0.000769
0.000768
0.000767
0.000765
0.000764
0.000763
0.000762
0.000760
0.000759
0.000758
0.000757
0.000755
0.000754
0.000753
0.000752
0.000750
0.000749
0.000748
0.000746
0.000745
0.000744
0.000742
0.000741
0.000739
0.000738
0.000737
0.000735
0.000734
0.000732
0.000731
0.000730
0.000728
0.000727
0.000725
0.000724
0.000722
0.000721
0.000719
0.000718
0.000716
0.000715
0.000713
0.000712
0.000710
0.000709
0.000707
0.000706
0.000704
0.000702
0.000701
0.000699
0.000698
0.000696
0.000694
0.000693
0.000691
0.000689
0.000688
0.000686
0.000684
0.000683
0.000681
0.000679
0.000678
0.000676
0.000674
0.000673
0.000671
0.000669
0.000667
0.000666
0.000664
0.000662
0.000660
0.000659
0.000657
0.000655
0.000653
0.000651
0.000649
0.000648
0.000646
0.000644
0.000642
0.000640
0.000638
0.000636
0.000635
0.000633
0.000631
0.000629
0.000627
0.000625
0.000623
0.000621
0.000619
0.000617
0.000615
0.000613
0.000611
0.000609
0.000607
0.000605
0.000603
0.000601
0.000599
0.000597
0.000595
0.000593
0.000591
0.000589
0.000587
0.000585
0.000583
0.000581
0.000579
0.000577
0.000575
0.000573
0.000570
0.000568
0.000566
0.000564
0.000562
0.000560
0.000558
0.000556
0.000553
0.000551
0.000549
0.000547
0.000545
0.000542
0.000540
0.000538
0.000536
0.000534
0.000531
0.000529
0.000527
0.000525
0.000522
0.000520
0.000518
0.000516
0.000513
0.000511
0.000509
0.000506
0.000504
0.000502
0.000500
0.000497
0.000495
0.000493
0.000490
0.000488
0.000486
0.000483
0.000481
0.000478
0.000476
0.000474
0.000471
0.000469
0.000467
0.000464
0.000462
0.000459
0.000457
0.000455
0.000452
0.000450
0.000447
0.000445
0.000442
0.000440
0.000437
0.000435
0.000433
0.000430
0.000428
0.000425
0.000423
0.000420
0.000418
0.000415
0.000413
0.000410
0.000408
0.000405
0.000403
0.000400
0.000398
0.000395
0.000392
0.000390
0.000387
0.000385
0.000382
0.000380
0.000377
0.000375
0.000372
0.000369
0.000367
0.000364
0.000362
0.000359
0.000356
0.000354
0.000351
0.000349
0.000346
0.000343
0.000341
0.000338
0.000335
0.000333
0.000330
0.000328
0.000325
0.000322
0.000320
0.000317
0.000314
0.000312
0.000309
0.000306
0.000304
0.000301
0.000298
0.000296
0.000293
0.000290
0.000288
0.000285
0.000282
0.000279
0.000277
0.000274
0.000271
0.000269
0.000266
0.000263
0.000260
0.000258
0.000255
0.000252
0.000250
0.000247
0.000244
0.000241
0.000239
0.000236
0.000233
0.000230
0.000228
0.000225
0.000222
0.000219
0.000217
0.000214
0.000211
0.000208
0.000206
0.000203
0.000200
0.000197
0.000195
0.000192
0.000189
0.000186
0.000183
0.000181
0.000178
0.000175
0.000172
0.000169
0.000167
0.000164
0.000161
0.000158
0.000156
0.000153
0.000150
0.000147
0.000144
0.000142
0.000139
0.000136
0.000133
0.000130
0.000127
0.000125
0.000122
0.000119
0.000116
0.000113
0.000111
0.000108
0.000105
0.000102
0.000099
0.000097
0.000094
0.000091
0.000088
0.000085
0.000082
0.000080
0.000077
0.000074
0.000071
0.000068
0.000066
0.000063
0.000060
0.000057
0.000054
0.000051
0.000049
0.000046
0.000043
0.000040
0.000037
0.000034
0.000032
0.000029
0.000026
0.000023
0.000020
0.000018
0.000015
0.000012
0.000009
0.000006
0.000003
0.000001
-0.000002
-0.000005
-0.000008
-0.000011
-0.000013
-0.000016
-0.000019
-0.000022
-0.000025
-0.000027
-0.000030
-0.000033
-0.000036
-0.000039
-0.000041
-0.000044
-0.000047
-0.000050
-0.000053
-0.000055
-0.000058
-0.000061
-0.000064
-0.000067
-0.000069
-0.000072
-0.000075
-0.000078
-0.000081
-0.000083
-0.000086
-0.000089
-0.000092
-0.000095
-0.000097
-0.000100
-0.000103
-0.000106
-0.000108
-0.000111
-0.000114
-0.000117
-0.000119
-0.000122
-0.000125
-0.000128
-0.000130
-0.000133
-0.000136
-0.000139
-0.000141
-0.000144
-0.000147
-0.000150
-0.000152
-0.000155
-0.000158
-0.000161
-0.000163
-0.000166
-0.000169
-0.000172
-0.000174
-0.000177
-0.000180
-0.000182
-0.000185
-0.000188
-0.000190
-0.000193
-0.000196
-0.000199
-0.000201
-0.000204
-0.000207
-0.000209
-0.000212
-0.000214
-0.000217
-0.000220
-0.000222
-0.000225
-0.000227
-0.000230
-0.000232
-0.000235
-0.000238
-0.000240
-0.000243
-0.000246
-0.000248
-0.000251
-0.000253
-0.000256
-0.000258
-0.000261
-0.000264
-0.000266
-0.000269
-0.000272
-0.000274
-0.000277
-0.000279
-0.000282
-0.000285
-0.000287
-0.000290
-0.000293
-0.000295
-0.000298
-0.000300
-0.000303
-0.000305
-0.000308
-0.000310
-0.000313
-0.000315
-0.000318
-0.000321
-0.000323
-0.000326
-0.000328
-0.000331
-0.000333
-0.000336
-0.000338
-0.000341
-0.000343
-0.000346
-0.000348
-0.000351
-0.000353
-0.000356
-0.000358
-0.000361
-0.000363
-0.000365
-0.000368
-0.000370
-0.000373
-0.000375
-0.000378
-0.000380
-0.000383
-0.000385
-0.000388
-0.000390
-0.000392
-0.000395
-0.000397
-0.000399
-0.000402
-0.000404
-0.000407
-0.000409
-0.000411
-0.000414
-0.000416
-0.000418
-0.000421
-0.000423
-0.000426
-0.000428
-0.000430
-0.000432
-0.000435
-0.000437
-0.000440
-0.000442
-0.000444
-0.000446
-0.000449
-0.000451
-0.000453
-0.000455
-0.000458
-0.000460
-0.000462
-0.000464
-0.000467
-0.000469
-0.000471
-0.000473
-0.000476
-0.000478
-0.000480
-0.000482
-0.000485
-0.000487
-0.000489
-0.000491
-0.000493
-0.000495
-0.000498
-0.000500
-0.000502
-0.000504
-0.000506
-0.000508
-0.000511
-0.000513
-0.000515
-0.000517
-0.000519
-0.000521
-0.000523
-0.000525
-0.000527
-0.000529
-0.000532
-0.000534
-0.000536
-0.000538
-0.000540
-0.000542
-0.000544
-0.000546
-0.000548
-0.000550
-0.000552
-0.000554
-0.000556
-0.000558
-0.000560
-0.000562
-0.000564
-0.000566
-0.000568
-0.000570
-0.000572
-0.000574
-0.000576
-0.000578
-0.000580
-0.000581
-0.000583
-0.000585
-0.000587
-0.000589
-0.000591
-0.000593
-0.000595
-0.000597
-0.000599
-0.000600
-0.000602
-0.000604
-0.000606
-0.000608
-0.000610
-0.000611
-0.000613
-0.000615
-0.000617
-0.000618
-0.000620
-0.000622
-0.000624
-0.000626
-0.000627
-0.000629
-0.000631
-0.000633
-0.000634
-0.000636
-0.000638
-0.000639
-0.000641
-0.000643
-0.000645
-0.000646
-0.000648
-0.000650
-0.000651
-0.000653
-0.000654
-0.000656
-0.000658
-0.000659
-0.000661
-0.000663
-0.000664
-0.000666
-0.000668
-0.000669
-0.000671
-0.000672
-0.000674
-0.000675
-0.000677
-0.000678
-0.000680
-0.000681
-0.000683
-0.000684
-0.000686
-0.000687
-0.000689
-0.000690
-0.000692
-0.000693
-0.000695
-0.000696
-0.000698
-0.000699
-0.000701
-0.000702
-0.000704
-0.000705
-0.000706
-0.000708
-0.000709
-0.000710
-0.000712
-0.000713
-0.000715
-0.000716
-0.000717
-0.000719
-0.000720
-0.000721
-0.000722
-0.000724
-0.000725
-0.000726
-0.000728
-0.000729
-0.000730
-0.000731
-0.000733
-0.000734
-0.000735
-0.000736
-0.000738
-0.000739
-0.000740
-0.000741
-0.000743
-0.000744
-0.000745
-0.000746
-0.000747
-0.000748
-0.000750
-0.000751
-0.000752
-0.000753
-0.000754
-0.000755
-0.000756
-0.000757
-0.000758
-0.000759
-0.000760
-0.000761
-0.000763
-0.000763
-0.000765
-0.000765
-0.000767
-0.000767
-0.000769
-0.000769
-0.000771
-0.000771
-0.000773
-0.000773
-0.000774
-0.000775
-0.000776
-0.000777
-0.000778
-0.000779
-0.000780
-0.000781
-0.000782
-0.000783
-0.000784
-0.000784
-0.000785
-0.000786
-0.000787
-0.000788
-0.000789
-0.000789
-0.000790
-0.000791
-0.000792
-0.000793
-0.000794
-0.000794
-0.000795
-0.000796
-0.000797
-0.000797
-0.000798
-0.000799
-0.000799
-0.000800
-0.000801
-0.000801
-0.000802
-0.000803
-0.000803
-0.000804
-0.000805
-0.000805
-0.000806
-0.000806
-0.000807
-0.000808
-0.000808
-0.000809
-0.000810
-0.000810
-0.000811
-0.000811
-0.000812
-0.000812
-0.000813
-0.000813
-0.000814
-0.000814
-0.000815
-0.000815
-0.000816
-0.000816
-0.000817
-0.000817
-0.000818
-0.000818
-0.000819
-0.000819
-0.000820
-0.000820
-0.000820
-0.000821
-0.000821
-0.000821
-0.000822
-0.000822
-0.000823
-0.000823
-0.000823
-0.000823
-0.000824
-0.000824
-0.000825
-0.000825
-0.000825
-0.000825
-0.000826
-0.000826
-0.000826
-0.000826
-0.000827
-0.000827
-0.000827
-0.000827
-0.000827
-0.000828
-0.000828
-0.000828
-0.000828
-0.000828
-0.000829
-0.000829
-0.000829
-0.000829
-0.000829
-0.000829
-0.000829
-0.000829
-0.000829
-0.000829
-0.000830
-0.000830
-0.000830
-0.000830
-0.000830
-0.000830
-0.000830
-0.000830
-0.000830
-0.000830
-0.000830
-0.000830
-0.000830
-0.000830
-0.000830
-0.000829
-0.000830
-0.000829
-0.000830
-0.000829
-0.000829
-0.000829
-0.000829
-0.000829
-0.000829
-0.000828
-0.000829
-0.000828
-0.000828
-0.000828
-0.000828
-0.000828
-0.000828
-0.000827
-0.000827
-0.000827
-0.000827
-0.000826
-0.000826
-0.000826
-0.000826
-0.000825
-0.000825
-0.000825
-0.000825
-0.000824
-0.000824
-0.000824
-0.000824
-0.000823
-0.000823
-0.000822
-0.000822
-0.000822
-0.000821
-0.000821
-0.000821
-0.000820
-0.000820
-0.000819
-0.000819
-0.000818
-0.000818
-0.000817
-0.000817
-0.000816
-0.000816
-0.000816
-0.000815
-0.000815
-0.000814
-0.000814
-0.000813
-0.000813
-0.000812
-0.000812
-0.000811
-0.000810
-0.000810
-0.000809
-0.000809
-0.000808
-0.000808
-0.000807
-0.000807
-0.000806
-0.000806
-0.000805
-0.000804
-0.000803
-0.000803
-0.000802
-0.000802
-0.000801
-0.000800
-0.000800
-0.000799
-0.000798
-0.000798
-0.000797
-0.000796
-0.000795
-0.000795
-0.000794
-0.000793
-0.000792
-0.000792
-0.000791
-0.000790
-0.000789
-0.000788
-0.000787
-0.000787
-0.000786
-0.000785
-0.000784
-0.000783
-0.000782
-0.000782
-0.000781
-0.000780
-0.000779
-0.000778
-0.000777
-0.000777
-0.000775
-0.000775
-0.000774
-0.000773
-0.000772
-0.000771
-0.000770
-0.000769
-0.000768
-0.000767
-0.000766
-0.000765
-0.000764
-0.000763
-0.000762
-0.000761
-0.000760
-0.000759
-0.000758
-0.000757
-0.000756
-0.000755
-0.000754
-0.000753
-0.000752
-0.000751
-0.000750
-0.000749
-0.000747
-0.000747
-0.000745
-0.000744
-0.000743
-0.000742
-0.000741
-0.000740
-0.000738
-0.000737
-0.000736
-0.000735
-0.000734
-0.000733
-0.000731
-0.000730
-0.000729
-0.000728
-0.000727
-0.000726
-0.000724
-0.000723
-0.000722
-0.000721
-0.000719
-0.000718
-0.000717
-0.000716
-0.000714
-0.000713
-0.000712
-0.000711
-0.000709
-0.000708
-0.000706
-0.000705
-0.000704
-0.000703
-0.000701
-0.000700
-0.000698
-0.000697
-0.000696
-0.000695
-0.000693
-0.000692
-0.000690
-0.000689
-0.000687
-0.000686
-0.000685
-0.000683
-0.000682
-0.000681
-0.000679
-0.000678
-0.000676
-0.000675
-0.000673
-0.000672
-0.000670
-0.000669
-0.000667
-0.000666
-0.000664
-0.000663
-0.000661
-0.000660
-0.000658
-0.000657
-0.000655
-0.000654
-0.000652
-0.000651
-0.000649
-0.000648
-0.000646
-0.000645
-0.000643
-0.000642
-0.000640
-0.000638
-0.000637
-0.000635
-0.000633
-0.000632
-0.000630
-0.000628
-0.000627
-0.000625
-0.000623
-0.000622
-0.000621
-0.000619
-0.000617
-0.000616
-0.000614
-0.000612
-0.000611
-0.000609
-0.000607
-0.000606
-0.000604
-0.000602
-0.000601
-0.000598
-0.000597
-0.000595
-0.000593
-0.000592
-0.000590
-0.000588
-0.000587
-0.000585
-0.000583
-0.000582
-0.000580
-0.000578
-0.000576
-0.000575
-0.000573
-0.000571
-0.000569
-0.000567
-0.000565
-0.000563
-0.000561
-0.000560
-0.000558
-0.000556
-0.000554
-0.000553
-0.000551
-0.000549
-0.000547
-0.000545
-0.000543
-0.000542
-0.000540
-0.000538
-0.000536
-0.000534
-0.000532
-0.000530
-0.000528
-0.000527
-0.000525
-0.000523
-0.000521
-0.000519
-0.000517
-0.000515
-0.000513
-0.000512
-0.000510
-0.000508
-0.000506
-0.000504
-0.000502
-0.000500
-0.000498
-0.000496
-0.000494
-0.000492
-0.000490
-0.000488
-0.000487
-0.000485
-0.000483
-0.000481
-0.000479
-0.000477
-0.000475
-0.000473
-0.000471
-0.000469
-0.000467
-0.000465
-0.000463
-0.000461
-0.000459
-0.000457
-0.000455
-0.000453
-0.000451
-0.000449
-0.000447
-0.000445
-0.000443
-0.000440
-0.000438
-0.000436
-0.000434
-0.000432
-0.000430
-0.000428
-0.000426
-0.000424
-0.000422
-0.000420
-0.000418
-0.000416
-0.000414
-0.000412
-0.000410
-0.000407
-0.000405
-0.000403
-0.000401
-0.000399
-0.000397
-0.000395
-0.000393
-0.000391
-0.000389
-0.000386
-0.000384
-0.000382
-0.000380
-0.000378
-0.000376
-0.000374
-0.000371
-0.000369
-0.000367
-0.000365
-0.000363
-0.000361
-0.000359
-0.000356
-0.000354
-0.000352
-0.000350
-0.000348
-0.000345
-0.000343
-0.000341
-0.000339
-0.000337
-0.000334
-0.000332
-0.000330
-0.000328
-0.000326
-0.000323
-0.000321
-0.000319
-0.000317
-0.000315
-0.000312
-0.000310
-0.000308
-0.000306
-0.000304
-0.000301
-0.000299
-0.000297
-0.000295
-0.000292
-0.000290
-0.000288
-0.000286
-0.000283
-0.000281
-0.000279
-0.000277
-0.000274
-0.000272
-0.000270
-0.000268
-0.000265
-0.000263
-0.000261
-0.000258
-0.000256
-0.000254
-0.000252
-0.000249
-0.000247
-0.000245
-0.000242
-0.000240
-0.000238
-0.000235
-0.000233
-0.000231
-0.000228
-0.000226
-0.000224
-0.000222
-0.000219
-0.000217
-0.000215
-0.000212
-0.000210
-0.000208
-0.000205
-0.000203
-0.000201
-0.000198
-0.000196
-0.000194
-0.000191
-0.000189
-0.000187
-0.000184
-0.000182
-0.000180
-0.000177
-0.000175
-0.000172
-0.000170
-0.000168
-0.000165
-0.000163
-0.000161
-0.000158
-0.000156
-0.000154
-0.000151
-0.000149
-0.000146
-0.000144
-0.000142
-0.000139
-0.000137
-0.000135
-0.000132
-0.000130
-0.000127
-0.000125
-0.000123
-0.000120
-0.000118
-0.000115
-0.000113
-0.000111
-0.000108
-0.000106
-0.000103
-0.000101
-0.000099
-0.000096
-0.000094
-0.000091
-0.000089
-0.000086
-0.000084
-0.000082
-0.000079
-0.000077
-0.000074
-0.000072
-0.000070
-0.000067
-0.000065
-0.000062
-0.000060
-0.000057
-0.000055
-0.000053
-0.000050
-0.000048
-0.000045
-0.000043
-0.000040
-0.000038
-0.000036
-0.000033
-0.000031
-0.000028
-0.000026
-0.000023
-0.000021
-0.000018
-0.000016
-0.000014
-0.000011
-0.000009
-0.000006
-0.000004
-0.000001
0.000001
0.000004
0.000006
0.000008
0.000011
0.000013
0.000016
0.000018
0.000021
0.000023
0.000026
0.000028
0.000031
0.000033
0.000035
0.000038
0.000040
0.000043
0.000045
0.000048
0.000050
0.000053
0.000055
0.000058
0.000060
0.000062
0.000065
0.000067
0.000070
0.000072
0.000075
0.000077
0.000080
0.000082
0.000085
0.000087
0.000090
0.000092
0.000094
0.000097
0.000099
0.000102
0.000104
0.000107
0.000109
0.000112
0.000114
0.000117
0.000119
0.000122
0.000124
0.000126
0.000129
0.000131
0.000134
0.000136
0.000139
0.000141
0.000144
0.000146
0.000149
0.000151
0.000153
0.000156
0.000158
0.000161
0.000163
0.000166
0.000168
0.000171
0.000173
0.000175
0.000178
0.000180
0.000183
0.000185
0.000188
0.000190
0.000193
0.000195
0.000197
0.000200
0.000202
0.000205
0.000207
0.000210
0.000212
0.000214
0.000217
0.000219
0.000222
0.000224
0.000227
0.000229
0.000231
0.000234
0.000236
0.000239
0.000241
0.000244
0.000246
0.000248
0.000251
0.000253
0.000256
0.000258
0.000260
0.000263
0.000265
0.000268
0.000270
0.000272
0.000275
0.000277
0.000280
0.000282
0.000284
0.000287
0.000289
0.000291
0.000294
0.000296
0.000299
0.000301
0.000303
0.000306
0.000308
0.000310
0.000313
0.000315
0.000318
0.000320
0.000322
0.000325
0.000327
0.000329
0.000332
0.000334
0.000336
0.000339
0.000341
0.000343
0.000346
0.000348
0.000350
0.000353
0.000355
0.000357
0.000360
0.000362
0.000364
0.000366
0.000369
0.000371
0.000373
0.000376
0.000378
0.000380
0.000383
0.000385
0.000387
0.000389
0.000392
0.000394
0.000396
0.000398
0.000401
0.000403
0.000405
0.000407
0.000410
0.000412
0.000414
0.000416
0.000419
0.000421
0.000423
0.000425
0.000428
0.000430
0.000432
0.000434
0.000436
0.000439
0.000441
0.000443
0.000445
0.000447
0.000450
0.000452
0.000454
0.000456
0.000458
0.000460
0.000463
0.000465
0.000467
0.000469
0.000471
0.000473
0.000476
0.000478
0.000480
0.000482
0.000484
0.000486
0.000488
0.000490
0.000492
0.000495
0.000497
0.000499
0.000501
0.000503
0.000505
0.000507
0.000509
0.000511
0.000513
0.000515
0.000517
0.000520
0.000522
0.000524
0.000526
0.000528
0.000530
0.000532
0.000534
0.000536
0.000538
0.000540
0.000542
0.000544
0.000546
0.000548
0.000550
0.000552
0.000554
0.000556
0.000558
0.000560
0.000562
0.000563
0.000565
0.000567
0.000569
0.000571
0.000573
0.000575
0.000577
0.000579
0.000581
0.000583
0.000585
0.000586
0.000588
0.000590
0.000592
0.000594
0.000596
0.000598
0.000600
0.000601
0.000603
0.000605
0.000607
0.000609
0.000610
0.000612
0.000614
0.000616
0.000617
0.000619
0.000621
0.000622
0.000624
0.000626
0.000627
0.000629
0.000631
0.000633
0.000634
0.000636
0.000638
0.000640
0.000641
0.000643
0.000645
0.000646
0.000648
0.000650
0.000651
0.000653
0.000655
0.000656
0.000658
0.000660
0.000661
0.000663
0.000665
0.000667
0.000668
0.000670
0.000671
0.000673
0.000674
0.000676
0.000678
0.000679
0.000681
0.000682
0.000684
0.000686
0.000687
0.000689
0.000690
0.000692
0.000693
0.000695
0.000696
0.000698
0.000699
0.000701
0.000702
0.000703
0.000705
0.000706
0.000708
0.000709
0.000711
0.000712
0.000713
0.000715
0.000716
0.000717
0.000719
0.000720
0.000722
0.000723
0.000725
0.000726
0.000727
0.000729
0.000730
0.000731
0.000733
0.000734
0.000735
0.000737
0.000738
0.000739
0.000741
0.000742
0.000743
0.000744
0.000746
0.000747
0.000748
0.000749
0.000751
0.000752
0.000753
0.000754
0.000755
0.000757
0.000758
0.000759
0.000760
0.000761
0.000762
0.000763
0.000764
0.000765
0.000767
0.000768
0.000769
0.000770
0.000771
0.000772
0.000773
0.000774
0.000775
0.000777
0.000778
0.000779
0.000780
0.000781
0.000782
0.000783
0.000784
0.000785
0.000786
0.000787
0.000788
0.000789
0.000790
0.000791
0.000792
0.000793
0.000794
0.000795
0.000796
0.000797
0.000797
0.000798
0.000799
0.000800
0.000801
0.000802
0.000803
0.000804
0.000805
0.000805
0.000806
0.000807
0.000808
0.000809
0.000809
0.000810
0.000811
0.000812
0.000813
0.000813
0.000814
0.000815
0.000816
0.000816
0.000817
0.000818
0.000818
0.000819
0.000820
0.000821
0.000821
0.000822
0.000823
0.000823
0.000824
0.000825
0.000825
0.000826
0.000826
0.000827
0.000828
0.000828
0.000829
0.000829
0.000830
0.000831
0.000831
0.000832
0.000832
0.000833
0.000833
0.000834
0.000834
0.000835
0.000835
0.000836
0.000836
0.000837
0.000837
0.000838
0.000838
0.000838
0.000839
0.000839
0.000840
0.000840
0.000840
0.000841
0.000841
0.000841
0.000842
0.000842
0.000842
0.000843
0.000843
0.000843
0.000844
0.000844
0.000844
0.000845
0.000845
0.000845
0.000845
0.000846
0.000846
0.000846
0.000846
0.000847
0.000847
0.000847
0.000847
0.000847
0.000848
0.000848
0.000848
0.000848
0.000848
0.000848
0.000848
0.000849
0.000849
0.000849
0.000849
0.000849
0.000849
0.000849
0.000849
0.000849
0.000849
0.000849
0.000849
0.000849
0.000849
0.000849
0.000849
0.000849
0.000849
0.000849
0.000849
0.000849
0.000849
0.000849
0.000849
0.000849
0.000848
0.000848
0.000848
0.000848
0.000848
0.000848
0.000848
0.000847
0.000847
0.000847
0.000847
0.000847
0.000847
0.000846
0.000846
0.000846
0.000846
0.000845
0.000845
0.000845
0.000845
0.000844
0.000844
0.000844
0.000843
0.000843
0.000843
0.000842
0.000842
0.000842
0.000841
0.000841
0.000840
0.000840
0.000840
0.000839
0.000839
0.000838
0.000838
0.000838
0.000837
0.000837
0.000836
0.000836
0.000835
0.000835
0.000834
0.000834
0.000833
0.000833
0.000832
0.000832
0.000831
0.000830
0.000830
0.000829
0.000829
0.000828
0.000827
0.000827
0.000826
0.000826
0.000825
0.000824
0.000824
0.000823
0.000822
0.000822
0.000821
0.000820
0.000819
0.000819
0.000818
0.000817
0.000816
0.000816
0.000815
0.000814
0.000813
0.000813
0.000812
0.000811
0.000810
0.000809
0.000808
0.000808
0.000807
0.000806
0.000805
0.000804
0.000803
0.000802
0.000801
0.000801
0.000800
0.000799
0.000798
0.000797
0.000796
0.000795
0.000794
0.000793
0.000792
0.000791
0.000790
0.000789
0.000788
0.000787
0.000786
0.000785
0.000784
0.000783
0.000781
0.000780
0.000779
0.000778
0.000777
0.000776
0.000775
0.000774
0.000772
0.000771
0.000770
0.000769
0.000768
0.000767
0.000765
0.000764
0.000763
0.000762
0.000760
0.000759
0.000758
0.000757
0.000755
0.000754
0.000753
0.000751
0.000750
0.000749
0.000748
0.000746
0.000745
0.000744
0.000742
0.000741
0.000739
0.000738
0.000737
0.000735
0.000734
0.000732
0.000731
0.000730
0.000728
0.000727
0.000725
0.000724
0.000722
0.000721
0.000719
0.000718
0.000716
0.000715
0.000713
0.000712
0.000710
0.000709
0.000707
0.000706
0.000704
0.000702
0.000701
0.000699
0.000698
0.000696
0.000694
0.000693
0.000691
0.000689
0.000688
0.000686
0.000684
0.000683
0.000681
0.000679
0.000678
0.000676
0.000674
0.000673
0.000671
0.000669
0.000667
0.000666
0.000664
0.000662
0.000660
0.000658
0.000657
0.000655
0.000653
0.000651
0.000649
0.000648
0.000646
0.000644
0.000642
0.000640
0.000638
0.000636
0.000635
0.000633
0.000631
0.000629
0.000627
0.000625
0.000623
0.000621
0.000619
0.000617
0.000615
0.000613
0.000611
0.000609
0.000607
0.000605
0.000603
0.000601
0.000599
0.000597
0.000595
0.000593
0.000591
0.000589
0.000587
0.000585
0.000583
0.000581
0.000579
0.000577
0.000575
0.000573
0.000570
0.000568
0.000566
0.000564
0.000562
0.000560
0.000558
0.000556
0.000553
0.000551
0.000549
0.000547
0.000545
0.000542
0.000540
0.000538
0.000536
0.000534
0.000531
0.000529
0.000527
0.000525
0.000522
0.000520
0.000518
0.000516
0.000513
0.000511
0.000509
0.000506
0.000504
0.000502
0.000500
0.000497
0.000495
0.000493
0.000490
0.000488
0.000486
0.000483
0.000481
0.000478
0.000476
0.000474
0.000471
0.000469
0.000467
0.000464
0.000462
0.000459
0.000457
0.000454
0.000452
0.000450
0.000447
0.000445
0.000442
0.000440
0.000437
0.000435
0.000433
0.000430
0.000428
0.000425
0.000423
0.000420
0.000418
0.000415
0.000413
0.000410
0.000408
0.000405
0.000403
0.000400
0.000397
0.000395
0.000392
0.000390
0.000387
0.000385
0.000382
0.000380
0.000377
0.000375
0.000372
0.000369
0.000367
0.000364
0.000362
0.000359
0.000356
0.000354
0.000351
0.000349
0.000346
0.000343
0.000341
0.000338
0.000335
0.000333
0.000330
0.000328
0.000325
0.000322
0.000320
0.000317
0.000314
0.000312
0.000309
0.000306
0.000304
0.000301
0.000298
0.000296
0.000293
0.000290
0.000288
0.000285
0.000282
0.000279
0.000277
0.000274
0.000271
0.000269
0.000266
0.000263
0.000260
0.000258
0.000255
0.000252
0.000250
0.000247
0.000244
0.000241
0.000239
0.000236
0.000233
0.000230
0.000228
0.000225
0.000222
0.000219
0.000217
0.000214
0.000211
0.000208
0.000206
0.000203
0.000200
0.000197
0.000195
0.000192
0.000189
0.000186
0.000183
0.000181
0.000178
0.000175
0.000172
0.000169
0.000167
0.000164
0.000161
0.000158
0.000155
0.000153
0.000150
0.000147
0.000144
0.000141
0.000139
0.000136
0.000133
0.000130
0.000127
0.000125
0.000122
0.000119
0.000116
0.000113
0.000111
0.000108
0.000105
0.000102
0.000099
0.000097
0.000094
0.000091
0.000088
0.000085
0.000082
0.000080
0.000077
0.000074
0.000071
0.000068
0.000066
0.000063
0.000060
0.000057
0.000054
0.000051
0.000049
0.000046
0.000043
0.000040
0.000037
0.000034
0.000032
0.000029
0.000026
0.000023
0.000020
0.000018
0.000015
0.000012
0.000009
0.000006
0.000003
0.000001
-0.000002
-0.000005
-0.000008
-0.000011
-0.000013
-0.000016
-0.000019
-0.000022
-0.000025
-0.000027
-0.000030
-0.000033
-0.000036
-0.000039
-0.000041
-0.000044
-0.000047
-0.000050
-0.000053
-0.000055
-0.000058
-0.000061
-0.000064
-0.000067
-0.000069
-0.000072
-0.000075
-0.000078
-0.000081
-0.000083
-0.000086
-0.000089
-0.000092
-0.000095
-0.000097
-0.000100
-0.000103
-0.000106
-0.000108
-0.000111
-0.000114
-0.000117
-0.000119
-0.000122
-0.000125
-0.000128
-0.000130
-0.000133
-0.000136
-0.000139
-0.000141
-0.000144
-0.000147
-0.000150
-0.000152
-0.000155
-0.000158
-0.000161
-0.000163
-0.000166
-0.000169
-0.000172
-0.000174
-0.000177
-0.000180
-0.000182
-0.000185
-0.000188
-0.000190
-0.000193
-0.000196
-0.000199
-0.000201
-0.000204
-0.000207
-0.000209
-0.000212
-0.000214
-0.000217
-0.000220
-0.000222
-0.000225
-0.000227
-0.000230
-0.000232
-0.000235
-0.000238
-0.000240
-0.000243
-0.000246
-0.000248
-0.000251
-0.000253
-0.000256
-0.000258
-0.000261
-0.000264
-0.000266
-0.000269
-0.000272
-0.000274
-0.000277
-0.000279
-0.000282
-0.000285
-0.000287
-0.000290
-0.000293
-0.000295
-0.000298
-0.000300
-0.000303
-0.000305
-0.000308
-0.000310
-0.000313
-0.000315
-0.000318
-0.000321
-0.000323
-0.000326
-0.000328
-0.000331
-0.000333
-0.000336
-0.000338
-0.000341
-0.000343
-0.000346
-0.000348
-0.000351
-0.000353
-0.000356
-0.000358
-0.000361
-0.000363
-0.000365
-0.000368
-0.000370
-0.000373
-0.000375
-0.000378
-0.000380
-0.000383
-0.000385
-0.000388
-0.000390
-0.000392
-0.000395
-0.000397
-0.000399
-0.000402
-0.000404
-0.000407
-0.000409
-0.000411
-0.000414
-0.000416
-0.000418
-0.000421
-0.000423
-0.000426
-0.000428
-0.000430
-0.000432
-0.000435
-0.000437
-0.000440
-0.000442
-0.000444
-0.000446
-0.000449
-0.000451
-0.000453
-0.000455
-0.000458
-0.000460
-0.000462
-0.000464
-0.000467
-0.000469
-0.000471
-0.000473
-0.000476
-0.000478
-0.000480
-0.000482
-0.000485
-0.000487
-0.000489
-0.000491
-0.000493
-0.000495
-0.000498
-0.000500
-0.000502
-0.000504
-0.000506
-0.000508
-0.000511
-0.000513
-0.000515
-0.000517
-0.000519
-0.000521
-0.000523
-0.000525
-0.000527
-0.000529
-0.000532
-0.000534
-0.000536
-0.000538
-0.000540
-0.000542
-0.000544
-0.000546
-0.000548
-0.000550
-0.000552
-0.000554
-0.000556
-0.000558
-0.000560
-0.000562
-0.000564
-0.000566
-0.000568
-0.000570
-0.000572
-0.000574
-0.000576
-0.000578
-0.000580
-0.000581
-0.000583
-0.000585
-0.000587
-0.000589
-0.000591
-0.000593
-0.000595
-0.000597
-0.000599
-0.000600
-0.000602
-0.000604
-0.000606
-0.000608
-0.000610
-0.000611
-0.000613
-0.000615
-0.000617
-0.000618
-0.000620
-0.000622
-0.000624
-0.000626
-0.000627
-0.000629
-0.000631
-0.000633
-0.000634
-0.000636
-0.000638
-0.000639
-0.000641
-0.000643
-0.000645
-0.000646
-0.000648
-0.000650
-0.000651
-0.000653
-0.000654
-0.000656
-0.000658
-0.000659
-0.000661
-0.000663
-0.000664
-0.000666
-0.000668
-0.000669
-0.000671
-0.000672
-0.000674
-0.000675
-0.000677
-0.000678
-0.000680
-0.000681
-0.000683
-0.000684
-0.000686
-0.000687
-0.000689
-0.000690
-0.000692
-0.000693
-0.000695
-0.000696
-0.000698
-0.000699
-0.000701
-0.000702
-0.000704
-0.000705
-0.000706
-0.000708
-0.000709
-0.000710
-0.000712
-0.000713
-0.000715
-0.000716
-0.000717
-0.000719
-0.000720
-0.000721
-0.000722
-0.000724
-0.000725
-0.000726
-0.000728
-0.000729
-0.000730
-0.000731
-0.000733
-0.000734
-0.000735
-0.000736
-0.000738
-0.000739
-0.000740
-0.000741
-0.000743
-0.000744
-0.000745
-0.000746
-0.000747
-0.000748
-0.000750
-0.000751
-0.000752
-0.000753
-0.000754
-0.000755
-0.000756
-0.000757
-0.000758
-0.000759
-0.000760
-0.000761
-0.000763
-0.000763
-0.000765
-0.000765
-0.000767
-0.000767
-0.000769
-0.000769
-0.000771
-0.000771
-0.000773
-0.000773
-0.000774
-0.000775
-0.000776
-0.000777
-0.000778
-0.000779
-0.000780
-0.000781
-0.000782
-0.000783
-0.000784
-0.000784
-0.000785
-0.000786
-0.000787
-0.000788
-0.000789
-0.000789
-0.000790
-0.000791
-0.000792
-0.000793
-0.000794
-0.000794
-0.000795
-0.000796
-0.000797
-0.000797
-0.000798
-0.000799
-0.000799
-0.000800
-0.000801
-0.000801
-0.000802
-0.000803
-0.000803
-0.000804
-0.000805
-0.000805
-0.000806
-0.000806
-0.000807
-0.000808
-0.000808
-0.000809
-0.000810
-0.000810
-0.000811
-0.000811
-0.000812
-0.000812
-0.000813
-0.000813
-0.000814
-0.000814
-0.000815
-0.000815
-0.000816
-0.000816
-0.000817
-0.000817
-0.000818
-0.000818
-0.000819
-0.000819
-0.000820
-0.000820
-0.000820
-0.000821
-0.000821
-0.000821
-0.000822
-0.000822
-0.000823
-0.000823
-0.000823
-0.000823
-0.000824
-0.000824
-0.000825
-0.000825
-0.000825
-0.000825
-0.000826
-0.000826
-0.000826
-0.000826
-0.000827
-0.000827
-0.000827
-0.000827
-0.000827
-0.000828
-0.000828
-0.000828
-0.000828
-0.000828
-0.000829
-0.000829
-0.000829
-0.000829
-0.000829
-0.000829
-0.000829
-0.000829
-0.000829
-0.000829
-0.000830
-0.000830
-0.000830
-0.000830
-0.000830
-0.000830
-0.000830
-0.000830
-0.000830
-0.000830
-0.000830
-0.000830
-0.000830
-0.000830
-0.000830
-0.000829
-0.000830
-0.000829
-0.000830
-0.000829
-0.000829
-0.000829
-0.000829
-0.000829
-0.000829
-0.000828
-0.000829
-0.000828
-0.000828
-0.000828
-0.000828
-0.000828
-0.000828
-0.000827
-0.000827
-0.000827
-0.000827
-0.000826
-0.000826
-0.000826
-0.000826
-0.000825
-0.000825
-0.000825
-0.000825
-0.000824
-0.000824
-0.000824
-0.000824
-0.000823
-0.000823
-0.000822
-0.000822
-0.000822
-0.000821
-0.000821
-0.000821
-0.000820
-0.000820
-0.000819
-0.000819
-0.000818
-0.000818
-0.000817
-0.000817
-0.000817
-0.000816
-0.000816
-0.000815
-0.000815
-0.000814
-0.000814
-0.000813
-0.000813
-0.000812
-0.000812
-0.000811
-0.000810
-0.000810
-0.000809
-0.000809
-0.000808
-0.000808
-0.000807
-0.000807
-0.000806
-0.000806
-0.000805
-0.000804
-0.000803
-0.000803
-0.000802
-0.000802
-0.000801
-0.000800
-0.000800
-0.000799
-0.000798
-0.000798
-0.000797
-0.000796
-0.000795
-0.000795
-0.000794
-0.000793
-0.000792
-0.000792
-0.000791
-0.000790
-0.000789
-0.000788
-0.000787
-0.000787
-0.000786
-0.000785
-0.000784
-0.000783
-0.000782
-0.000782
-0.000781
-0.000780
-0.000779
-0.000778
-0.000777
-0.000777
-0.000775
-0.000775
-0.000774
-0.000773
-0.000772
-0.000771
-0.000770
-0.000769
-0.000768
-0.000767
-0.000766
-0.000765
-0.000764
-0.000763
-0.000762
-0.000761
-0.000760
-0.000759
-0.000758
-0.000757
-0.000756
-0.000755
-0.000754
-0.000753
-0.000752
-0.000751
-0.000750
-0.000749
-0.000747
-0.000747
-0.000745
-0.000744
-0.000743
-0.000742
-0.000741
-0.000740
-0.000738
-0.000737
-0.000736
-0.000735
-0.000734
-0.000733
-0.000731
-0.000730
-0.000729
-0.000728
-0.000727
-0.000726
-0.000724
-0.000723
-0.000722
-0.000721
-0.000719
-0.000718
-0.000717
-0.000716
-0.000714
-0.000713
-0.000712
-0.000711
-0.000709
-0.000708
-0.000706
-0.000705
-0.000704
-0.000703
-0.000701
-0.000700
-0.000698
-0.000697
-0.000696
-0.000695
-0.000693
-0.000692
-0.000690
-0.000689
-0.000687
-0.000686
-0.000685
-0.000683
-0.000682
-0.000681
-0.000679
-0.000678
-0.000676
-0.000675
-0.000673
-0.000672
-0.000670
-0.000669
-0.000667
-0.000666
-0.000664
-0.000663
-0.000661
-0.000660
-0.000658
-0.000657
-0.000655
-0.000654
-0.000652
-0.000651
-0.000649
-0.000648
-0.000646
-0.000645
-0.000643
-0.000642
-0.000640
-0.000638
-0.000637
-0.000635
-0.000633
-0.000632
-0.000630
-0.000628
-0.000627
-0.000625
-0.000623
-0.000622
-0.000621
-0.000619
-0.000617
-0.000616
-0.000614
-0.000612
-0.000611
-0.000609
-0.000607
-0.000606
-0.000604
-0.000602
-0.000601
-0.000598
-0.000597
-0.000595
-0.000593
-0.000592
-0.000590
-0.000588
-0.000587
-0.000585
-0.000583
-0.000582
-0.000580
-0.000578
-0.000576
-0.000575
-0.000573
-0.000571
-0.000569
-0.000567
-0.000565
-0.000563
-0.000561
-0.000560
-0.000558
-0.000556
-0.000554
-0.000553
-0.000551
-0.000549
-0.000547
-0.000545
-0.000543
-0.000542
-0.000540
-0.000538
-0.000536
-0.000534
-0.000532
-0.000530
-0.000528
-0.000527
-0.000525
-0.000523
-0.000521
-0.000519
-0.000517
-0.000515
-0.000513
-0.000512
-0.000510
-0.000508
-0.000506
-0.000504
-0.000502
-0.000500
-0.000498
-0.000496
-0.000494
-0.000492
-0.000490
-0.000488
-0.000487
-0.000485
-0.000483
-0.000481
-0.000479
-0.000477
-0.000475
-0.000473
-0.000471
-0.000469
-0.000467
-0.000465
-0.000463
-0.000461
-0.000459
-0.000457
-0.000455
-0.000453
-0.000451
-0.000449
-0.000447
-0.000445
-0.000443
-0.000440
-0.000438
-0.000436
-0.000434
-0.000432
-0.000430
-0.000428
-0.000426
-0.000424
-0.000422
-0.000420
-0.000418
-0.000416
-0.000414
-0.000412
-0.000410
-0.000407
-0.000405
-0.000403
-0.000401
-0.000399
-0.000397
-0.000395
-0.000393
-0.000391
-0.000389
-0.000386
-0.000384
-0.000382
-0.000380
-0.000378
-0.000376
-0.000374
-0.000371
-0.000369
-0.000367
-0.000365
-0.000363
-0.000361
-0.000359
-0.000356
-0.000354
-0.000352
-0.000350
-0.000348
-0.000345
-0.000343
-0.000341
-0.000339
-0.000337
-0.000334
-0.000332
-0.000330
-0.000328
-0.000326
-0.000323
-0.000321
-0.000319
-0.000317
-0.000315
-0.000312
-0.000310
-0.000308
-0.000306
-0.000304
-0.000301
-0.000299
-0.000297
-0.000295
-0.000292
-0.000290
-0.000288
-0.000286
-0.000283
-0.000281
-0.000279
-0.000277
-0.000274
-0.000272
-0.000270
-0.000268
-0.000265
-0.000263
-0.000261
-0.000258
-0.000256
-0.000254
-0.000252
-0.000249
-0.000247
-0.000245
-0.000242
-0.000240
-0.000238
-0.000235
-0.000233
-0.000231
-0.000228
-0.000226
-0.000224
-0.000222
-0.000219
-0.000217
-0.000215
-0.000212
-0.000210
-0.000208
-0.000205
-0.000203
-0.000201
-0.000198
-0.000196
-0.000194
-0.000191
-0.000189
-0.000187
-0.000184
-0.000182
-0.000180
-0.000177
-0.000175
-0.000172
-0.000170
-0.000168
-0.000165
-0.000163
-0.000161
-0.000158
-0.000156
-0.000154
-0.000151
-0.000149
-0.000146
-0.000144
-0.000142
-0.000139
-0.000137
-0.000135
-0.000132
-0.000130
-0.000127
-0.000125
-0.000123
-0.000120
-0.000118
-0.000115
-0.000113
-0.000111
-0.000108
-0.000106
-0.000103
-0.000101
-0.000099
-0.000096
-0.000094
-0.000091
-0.000089
-0.000086
-0.000084
-0.000082
-0.000079
-0.000077
-0.000074
-0.000072
-0.000070
-0.000067
-0.000065
-0.000062
-0.000060
-0.000057
-0.000055
-0.000053
-0.000050
-0.000048
-0.000045
-0.000043
-0.000040
-0.000038
-0.000036
-0.000033
-0.000031
-0.000028
-0.000026
-0.000023
-0.000021
-0.000018
-0.000016
-0.000014
-0.000011
-0.000009
-0.000006
-0.000004
-0.000001
0.000001
0.000004
0.000006
0.000008
0.000011
0.000013
0.000016
0.000018
0.000021
0.000023
0.000026
0.000028
0.000031
0.000033
0.000035
0.000038
0.000040
0.000043
0.000045
0.000048
0.000050
0.000053
0.000055
0.000058
0.000060
0.000062
0.000065
0.000067
0.000070
0.000072
0.000075
0.000077
0.000080
0.000082
0.000085
0.000087
0.000090
0.000092
0.000094
0.000097
0.000099
0.000102
0.000104
0.000107
0.000109
0.000112
0.000114
0.000117
0.000119
0.000122
0.000124
0.000126
0.000129
0.000131
0.000134
0.000136
0.000139
0.000141
0.000144
0.000146
0.000149
0.000151
0.000153
0.000156
0.000158
0.000161
0.000163
0.000166
0.000168
0.000171
0.000173
0.000175
0.000178
0.000180
0.000183
0.000185
0.000188
0.000190
0.000193
0.000195
0.000197
0.000200
0.000202
0.000205
0.000207
0.000210
0.000212
0.000214
0.000217
0.000219
0.000222
0.000224
0.000227
0.000229
0.000231
0.000234
0.000236
0.000239
0.000241
0.000244
0.000246
0.000248
0.000251
0.000253
0.000256
0.000258
0.000260
0.000263
0.000265
0.000268
0.000270
0.000272
0.000275
0.000277
0.000280
0.000282
0.000284
0.000287
0.000289
0.000291
0.000294
0.000296
0.000299
0.000301
0.000303
0.000306
0.000308
0.000310
0.000313
0.000315
0.000318
0.000320
0.000322
0.000325
0.000327
0.000329
0.000332
0.000334
0.000336
0.000339
0.000341
0.000343
0.000346
0.000348
0.000350
0.000353
0.000355
0.000357
0.000360
0.000362
0.000364
0.000366
0.000369
0.000371
0.000373
0.000376
0.000378
0.000380
0.000383
0.000385
0.000387
0.000389
0.000392
0.000394
0.000396
0.000398
0.000401
0.000403
0.000405
0.000407
0.000410
0.000412
0.000414
0.000416
0.000419
0.000421
0.000423
0.000425
0.000428
0.000430
0.000432
0.000434
0.000436
0.000439
0.000441
0.000443
0.000445
0.000447
0.000450
0.000452
0.000454
0.000456
0.000458
0.000460
0.000463
0.000465
0.000467
0.000469
0.000471
0.000473
0.000476
0.000478
0.000480
0.000482
0.000484
0.000486
0.000488
0.000490
0.000492
0.000495
0.000497
0.000499
0.000501
0.000503
0.000505
0.000507
0.000509
0.000511
0.000513
0.000515
0.000517
0.000520
0.000522
0.000524
0.000526
0.000528
0.000530
0.000532
0.000534
0.000536
0.000538
0.000540
0.000542
0.000544
0.000546
0.000548
0.000550
0.000552
0.000554
0.000556
0.000558
0.000560
0.000562
0.000563
0.000565
0.000567
0.000569
0.000571
0.000573
0.000575
0.000577
0.000579
0.000581
0.000583
0.000585
0.000586
0.000588
0.000590
0.000592
0.000594
0.000596
0.000598
0.000599
0.000601
0.000603
0.000605
0.000607
0.000609
0.000610
0.000612
0.000614
0.000616
0.000617
0.000619
0.000621
0.000622
0.000624
0.000626
0.000627
0.000629
0.000631
0.000633
0.000634
0.000636
0.000638
0.000640
0.000641
0.000643
0.000645
0.000646
0.000648
0.000650
0.000651
0.000653
0.000655
0.000656
0.000658
0.000660
0.000661
0.000663
0.000665
0.000667
0.000668
0.000670
0.000671
0.000673
0.000674
0.000676
0.000678
0.000679
0.000681
0.000682
0.000684
0.000686
0.000687
0.000689
0.000690
0.000692
0.000693
0.000695
0.000696
0.000698
0.000699
0.000701
0.000702
0.000703
0.000705
0.000706
0.000708
0.000709
0.000711
0.000712
0.000713
0.000715
0.000716
0.000717
0.000719
0.000720
0.000722
0.000723
0.000725
0.000726
0.000727
0.000729
0.000730
0.000731
0.000733
0.000734
0.000735
0.000737
0.000738
0.000739
0.000741
0.000742
0.000743
0.000744
0.000746
0.000747
0.000748
0.000749
0.000751
0.000752
0.000753
0.000754
0.000755
0.000757
0.000758
0.000759
0.000760
0.000761
0.000762
0.000763
0.000764
0.000765
0.000767
0.000768
0.000769
0.000770
0.000771
0.000772
0.000773
0.000774
0.000775
0.000777
0.000778
0.000779
0.000780
0.000781
0.000782
0.000783
0.000784
0.000785
0.000786
0.000787
0.000788
0.000789
0.000790
0.000791
0.000792
0.000793
0.000794
0.000795
0.000796
0.000797
0.000797
0.000798
0.000799
0.000800
0.000801
0.000802
0.000803
0.000804
0.000805
0.000805
0.000806
0.000807
0.000808
0.000809
0.000809
0.000810
0.000811
0.000812
0.000813
0.000813
0.000814
0.000815
0.000816
0.000816
0.000817
0.000818
0.000818
0.000819
0.000820
0.000821
0.000821
0.000822
0.000823
0.000823
0.000824
0.000825
0.000825
0.000826
0.000826
0.000827
0.000828
0.000828
0.000829
0.000829
0.000830
0.000831
0.000831
0.000832
0.000832
0.000833
0.000833
0.000834
0.000834
0.000835
0.000835
0.000836
0.000836
0.000837
0.000837
0.000838
0.000838
0.000838
0.000839
0.000839
0.000840
0.000840
0.000840
0.000841
0.000841
0.000841
0.000842
0.000842
0.000842
0.000843
0.000843
0.000843
0.000844
0.000844
0.000844
0.000845
0.000845
0.000845
0.000845
0.000846
0.000846
0.000846
0.000846
0.000847
0.000847
0.000847
0.000847
0.000847
0.000848
0.000848
0.000848
0.000848
0.000848
0.000848
0.000848
0.000849
0.000849
0.000849
0.000849
0.000849
0.000849
0.000849
0.000849
0.000849
0.000849
0.000849
0.000849
0.000849
0.000849
0.000849
0.000849
0.000849
0.000849
0.000849
0.000849
0.000849
0.000849
0.000849
0.000849
0.000849
0.000848
0.000848
0.000848
0.000848
0.000848
0.000848
0.000848
0.000847
0.000847
0.000847
0.000847
0.000847
0.000847
0.000846
0.000846
0.000846
0.000846
0.000845
0.000845
0.000845
0.000845
0.000844
0.000844
0.000844
0.000843
0.000843
0.000843
0.000842
0.000842
0.000842
0.000841
0.000841
0.000841
0.000840
0.000840
0.000839
0.000839
0.000838
0.000838
0.000838
0.000837
0.000837
0.000836
0.000836
0.000835
0.000835
0.000834
0.000834
0.000833
0.000833
0.000832
0.000832
0.000831
0.000830
0.000830
0.000829
0.000829
0.000828
0.000827
0.000827
0.000826
0.000826
0.000825
0.000824
0.000824
0.000823
0.000822
0.000822
0.000821
0.000820
0.000819
0.000819
0.000818
0.000817
0.000816
0.000816
0.000815
0.000814
0.000813
0.000813
0.000812
0.000811
0.000810
0.000809
0.000808
0.000808
0.000807
0.000806
0.000805
0.000804
0.000803
0.000802
0.000801
0.000801
0.000800
0.000799
0.000798
0.000797
0.000796
0.000795
0.000794
0.000793
0.000792
0.000791
0.000790
0.000789
0.000788
0.000787
0.000786
0.000785
0.000784
0.000783
0.000781
0.000780
0.000779
0.000778
0.000777
0.000776
0.000775
0.000774
0.000772
0.000771
0.000770
0.000769
0.000768
0.000767
0.000765
0.000764
0.000763
0.000762
0.000760
0.000759
0.000758
0.000757
0.000755
0.000754
0.000753
0.000752
0.000750
0.000749
0.000748
0.000746
0.000745
0.000744
0.000742
0.000741
0.000739
0.000738
0.000737
0.000735
0.000734
0.000732
0.000731
0.000730
0.000728
0.000727
0.000725
0.000724
0.000722
0.000721
0.000719
0.000718
0.000716
0.000715
0.000713
0.000712
0.000710
0.000709
0.000707
0.000706
0.000704
0.000702
0.000701
0.000699
0.000698
0.000696
0.000694
0.000693
0.000691
0.000689
0.000688
0.000686
0.000684
0.000683
0.000681
0.000679
0.000678
0.000676
0.000674
0.000673
0.000671
0.000669
0.000667
0.000666
0.000664
0.000662
0.000660
0.000658
0.000657
0.000655
0.000653
0.000651
0.000649
0.000648
0.000646
0.000644
0.000642
0.000640
0.000638
0.000636
0.000635
0.000633
0.000631
0.000629
0.000627
0.000625
0.000623
0.000621
0.000619
0.000617
0.000615
0.000613
0.000611
0.000609
0.000607
0.000605
0.000603
0.000601
0.000599
0.000597
0.000595
0.000593
0.000591
0.000589
0.000587
0.000585
0.000583
0.000581
0.000579
0.000577
0.000575
0.000573
0.000570
0.000568
0.000566
0.000564
0.000562
0.000560
0.000558
0.000556
0.000553
0.000551
0.000549
0.000547
0.000545
0.000542
0.000540
0.000538
0.000536
0.000534
0.000531
0.000529
0.000527
0.000525
0.000522
0.000520
0.000518
0.000516
0.000513
0.000511
0.000509
0.000506
0.000504
0.000502
0.000500
0.000497
0.000495
0.000493
0.000490
0.000488
0.000486
0.000483
0.000481
0.000478
0.000476
0.000474
0.000471
0.000469
0.000467
0.000464
0.000462
0.000459
0.000457
0.000455
0.000452
0.000450
0.000447
0.000445
0.000442
0.000440
0.000437
0.000435
0.000433
0.000430
0.000428
0.000425
0.000423
0.000420
0.000418
0.000415
0.000413
0.000410
0.000408
0.000405
0.000403
0.000400
0.000397
0.000395
0.000392
0.000390
0.000387
0.000385
0.000382
0.000380
0.000377
0.000375
0.000372
0.000369
0.000367
0.000364
0.000362
0.000359
0.000356
0.000354
0.000351
0.000349
0.000346
0.000343
0.000341
0.000338
0.000335
0.000333
0.000330
0.000328
0.000325
0.000322
0.000320
0.000317
0.000314
0.000312
0.000309
0.000306
0.000304
0.000301
0.000298
0.000296
0.000293
0.000290
0.000288
0.000285
0.000282
0.000279
0.000277
0.000274
0.000271
0.000269
0.000266
0.000263
0.000260
0.000258
0.000255
0.000252
0.000250
0.000247
0.000244
0.000241
0.000239
0.000236
0.000233
0.000230
0.000228
0.000225
0.000222
0.000219
0.000217
0.000214
0.000211
0.000208
0.000206
0.000203
0.000200
0.000197
0.000195
0.000192
0.000189
0.000186
0.000183
0.000181
0.000178
0.000175
0.000172
0.000169
0.000167
0.000164
0.000161
0.000158
0.000155
0.000153
0.000150
0.000147
0.000144
0.000141
0.000139
0.000136
0.000133
0.000130
0.000127
0.000125
0.000122
0.000119
0.000116
0.000113
0.000111
0.000108
0.000105
0.000102
0.000099
0.000097
0.000094
0.000091
0.000088
0.000085
0.000082
0.000080
0.000077
0.000074
0.000071
0.000068
0.000066
0.000063
0.000060
0.000057
0.000054
0.000051
0.000049
0.000046
0.000043
0.000040
0.000037
0.000034
0.000032
0.000029
0.000026
0.000023
0.000020
0.000018
0.000015
0.000012
0.000009
0.000006
0.000003
0.000001
-0.000002
-0.000005
-0.000008
-0.000011
-0.000013
-0.000016
-0.000019
-0.000022
-0.000025
-0.000027
-0.000030
-0.000033
-0.000036
-0.000039
-0.000041
-0.000044
-0.000047
-0.000050
-0.000053
-0.000055
-0.000058
-0.000061
-0.000064
-0.000067
-0.000069
-0.000072
-0.000075
-0.000078
-0.000081
-0.000083
-0.000086
-0.000089
-0.000092
-0.000095
-0.000097
-0.000100
-0.000103
-0.000106
-0.000108
-0.000111
-0.000114
-0.000117
-0.000119
-0.000122
-0.000125
-0.000128
-0.000130
-0.000133
-0.000136
-0.000139
-0.000141
-0.000144
-0.000147
-0.000150
-0.000152
-0.000155
-0.000158
-0.000161
-0.000163
-0.000166
-0.000169
-0.000172
-0.000174
-0.000177
-0.000180
-0.000182
-0.000185
-0.000188
-0.000190
-0.000193
-0.000196
-0.000199
-0.000201
-0.000204
-0.000207
-0.000209
-0.000212
-0.000214
-0.000217
-0.000220
-0.000222
-0.000225
-0.000227
-0.000230
-0.000232
-0.000235
-0.000238
-0.000240
-0.000243
-0.000246
-0.000248
-0.000251
-0.000253
-0.000256
-0.000258
-0.000261
-0.000264
-0.000266
-0.000269
-0.000272
-0.000274
-0.000277
-0.000279
-0.000282
-0.000285
-0.000287
-0.000290
-0.000293
-0.000295
-0.000298
-0.000300
-0.000303
-0.000305
-0.000308
-0.000310
-0.000313
-0.000315
-0.000318
-0.000321
-0.000323
-0.000326
-0.000328
-0.000331
-0.000333
-0.000336
-0.000338
-0.000341
-0.000343
-0.000346
-0.000348
-0.000351
-0.000353
-0.000356
-0.000358
-0.000361
-0.000363
-0.000365
-0.000368
-0.000370
-0.000373
-0.000375
-0.000378
-0.000380
-0.000383
-0.000385
-0.000388
-0.000390
-0.000392
-0.000395
-0.000397
-0.000399
-0.000402
-0.000404
-0.000407
-0.000409
-0.000411
-0.000414
-0.000416
-0.000418
-0.000421
-0.000423
-0.000426
-0.000428
-0.000430
-0.000432
-0.000435
-0.000437
-0.000440
-0.000442
-0.000444
-0.000446
-0.000449
-0.000451
-0.000453
-0.000455
-0.000458
-0.000460
-0.000462
-0.000464
-0.000467
-0.000469
-0.000471
-0.000473
-0.000476
-0.000478
-0.000480
-0.000482
-0.000485
-0.000487
-0.000489
-0.000491
-0.000493
-0.000495
-0.000498
-0.000500
-0.000502
-0.000504
-0.000506
-0.000508
-0.000511
-0.000513
-0.000515
-0.000517
-0.000519
-0.000521
-0.000523
-0.000525
-0.000527
-0.000529
-0.000532
-0.000534
-0.000536
-0.000538
-0.000540
-0.000542
-0.000544
-0.000546
-0.000548
-0.000550
-0.000552
-0.000554
-0.000556
-0.000558
-0.000560
-0.000562
-0.000564
-0.000566
-0.000568
-0.000570
-0.000572
-0.000574
-0.000576
-0.000578
-0.000580
-0.000581
-0.000583
-0.000585
-0.000587
-0.000589
-0.000591
-0.000593
-0.000595
-0.000597
-0.000599
-0.000600
-0.000602
-0.000604
-0.000606
-0.000608
-0.000610
-0.000611
-0.000613
-0.000615
-0.000617
-0.000618
-0.000620
-0.000622
-0.000624
-0.000626
-0.000627
-0.000629
-0.000631
-0.000633
-0.000634
-0.000636
-0.000638
-0.000639
-0.000641
-0.000643
-0.000645
-0.000646
-0.000648
-0.000650
-0.000651
-0.000653
-0.000654
-0.000656
-0.000658
-0.000659
-0.000661
-0.000663
-0.000664
-0.000666
-0.000668
-0.000669
-0.000671
-0.000672
-0.000674
-0.000675
-0.000677
-0.000678
-0.000680
-0.000681
-0.000683
-0.000684
-0.000686
-0.000687
-0.000689
-0.000690
-0.000692
-0.000693
-0.000695
-0.000696
-0.000698
-0.000699
-0.000701
-0.000702
-0.000704
-0.000705
-0.000706
-0.000708
-0.000709
-0.000710
-0.000712
-0.000713
-0.000715
-0.000716
-0.000717
-0.000719
-0.000720
-0.000721
-0.000722
-0.000724
-0.000725
-0.000726
-0.000728
-0.000729
-0.000730
-0.000731
-0.000733
-0.000734
-0.000735
-0.000736
-0.000738
-0.000739
-0.000740
-0.000741
-0.000743
-0.000744
-0.000745
-0.000746
-0.000747
-0.000748
-0.000750
-0.000751
-0.000752
-0.000753
-0.000754
-0.000755
-0.000756
-0.000757
-0.000758
-0.000759
-0.000760
-0.000761
-0.000763
-0.000763
-0.000765
-0.000765
-0.000767
-0.000767
-0.000769
-0.000769
-0.000771
-0.000771
-0.000773
-0.000773
-0.000774
-0.000775
-0.000776
-0.000777
-0.000778
-0.000779
-0.000780
-0.000781
-0.000782
-0.000783
-0.000784
-0.000784
-0.000785
-0.000786
-0.000787
-0.000788
-0.000789
-0.000789
-0.000790
-0.000791
-0.000792
-0.000793
-0.000794
-0.000794
-0.000795
-0.000796
-0.000797
-0.000797
-0.000798
-0.000799
-0.000799
-0.000800
-0.000801
-0.000801
-0.000802
-0.000803
-0.000803
-0.000804
-0.000805
-0.000805
-0.000806
-0.000806
-0.000807
-0.000808
-0.000808
-0.000809
-0.000810
-0.000810
-0.000811
-0.000811
-0.000812
-0.000812
-0.000813
-0.000813
-0.000814
-0.000814
-0.000815
-0.000815
-0.000816
-0.000816
-0.000817
-0.000817
-0.000818
-0.000818
-0.000819
-0.000819
-0.000820
-0.000820
-0.000820
-0.000821
-0.000821
-0.000821
-0.000822
-0.000822
-0.000823
-0.000823
-0.000823
-0.000823
-0.000824
-0.000824
-0.000825
-0.000825
-0.000825
-0.000825
-0.000826
-0.000826
-0.000826
-0.000826
-0.000827
-0.000827
-0.000827
-0.000827
-0.000827
-0.000828
-0.000828
-0.000828
-0.000828
-0.000828
-0.000829
-0.000829
-0.000829
-0.000829
-0.000829
-0.000829
-0.000829
-0.000829
-0.000829
-0.000829
-0.000830
-0.000830
-0.000830
-0.000830
-0.000830
-0.000830
-0.000830
-0.000830
-0.000830
-0.000830
-0.000830
-0.000830
-0.000830
-0.000830
-0.000830
-0.000829
-0.000830
-0.000829
-0.000830
-0.000829
-0.000829
-0.000829
-0.000829
-0.000829
-0.000829
-0.000828
-0.000829
-0.000828
-0.000828
-0.000828
-0.000828
-0.000828
-0.000828
-0.000827
-0.000827
-0.000827
-0.000827
-0.000826
-0.000826
-0.000826
-0.000826
-0.000825
-0.000825
-0.000825
-0.000825
-0.000824
-0.000824
-0.000824
-0.000824
-0.000823
-0.000823
-0.000822
-0.000822
-0.000822
-0.000821
-0.000821
-0.000821
-0.000820
-0.000820
-0.000819
-0.000819
-0.000818
-0.000818
-0.000817
-0.000817
-0.000817
-0.000816
-0.000816
-0.000815
-0.000815
-0.000814
-0.000814
-0.000813
-0.000813
-0.000812
-0.000812
-0.000811
-0.000810
-0.000810
-0.000809
-0.000809
-0.000808
-0.000808
-0.000807
-0.000807
-0.000806
-0.000806
-0.000805
-0.000804
-0.000803
-0.000803
-0.000802
-0.000802
-0.000801
-0.000800
-0.000800
-0.000799
-0.000798
-0.000798
-0.000797
-0.000796
-0.000795
-0.000795
-0.000794
-0.000793
-0.000792
-0.000792
-0.000791
-0.000790
-0.000789
-0.000788
-0.000787
-0.000787
-0.000786
-0.000785
-0.000784
-0.000783
-0.000782
-0.000782
-0.000781
-0.000780
-0.000779
-0.000778
-0.000777
-0.000777
-0.000775
-0.000775
-0.000774
-0.000773
-0.000772
-0.000771
-0.000770
-0.000769
-0.000768
-0.000767
-0.000766
-0.000765
-0.000764
-0.000763
-0.000762
-0.000761
-0.000760
-0.000759
-0.000758
-0.000757
-0.000756
-0.000755
-0.000754
-0.000753
-0.000752
-0.000751
-0.000750
-0.000749
-0.000747
-0.000747
-0.000745
-0.000744
-0.000743
-0.000742
-0.000741
-0.000740
-0.000738
-0.000737
-0.000736
-0.000735
-0.000734
-0.000733
-0.000731
-0.000730
-0.000729
-0.000728
-0.000727
-0.000726
-0.000724
-0.000723
-0.000722
-0.000721
-0.000719
-0.000718
-0.000717
-0.000716
-0.000714
-0.000713
-0.000712
-0.000711
-0.000709
-0.000708
-0.000706
-0.000705
-0.000704
-0.000703
-0.000701
-0.000700
-0.000698
-0.000697
-0.000696
-0.000695
-0.000693
-0.000692
-0.000690
-0.000689
-0.000687
-0.000686
-0.000685
-0.000683
-0.000682
-0.000681
-0.000679
-0.000678
-0.000676
-0.000675
-0.000673
-0.000672
-0.000670
-0.000669
-0.000667
-0.000666
-0.000664
-0.000663
-0.000661
-0.000660
-0.000658
-0.000657
-0.000655
-0.000654
-0.000652
-0.000651
-0.000649
-0.000648
-0.000646
-0.000645
-0.000643
-0.000642
-0.000640
-0.000638
-0.000637
-0.000635
-0.000633
-0.000632
-0.000630
-0.000628
-0.000627
-0.000625
-0.000623
-0.000622
-0.000621
-0.000619
-0.000617
-0.000616
-0.000614
-0.000612
-0.000611
-0.000609
-0.000607
-0.000606
-0.000604
-0.000602
-0.000601
-0.000598
-0.000597
-0.000595
-0.000593
-0.000592
-0.000590
-0.000588
-0.000587
-0.000585
-0.000583
-0.000582
-0.000580
-0.000578
-0.000576
-0.000575
-0.000573
-0.000571
-0.000569
-0.000567
-0.000565
-0.000563
-0.000561
-0.000560
-0.000558
-0.000556
-0.000554
-0.000553
-0.000551
-0.000549
-0.000547
-0.000545
-0.000543
-0.000542
-0.000540
-0.000538
-0.000536
-0.000534
-0.000532
-0.000530
-0.000528
-0.000527
-0.000525
-0.000523
-0.000521
-0.000519
-0.000517
-0.000515
-0.000513
-0.000512
-0.000510
-0.000508
-0.000506
-0.000504
-0.000502
-0.000500
-0.000498
-0.000496
-0.000494
-0.000492
-0.000490
-0.000488
-0.000487
-0.000485
-0.000483
-0.000481
-0.000479
-0.000477
-0.000475
-0.000473
-0.000471
-0.000469
-0.000467
-0.000465
-0.000463
-0.000461
-0.000459
-0.000457
-0.000455
-0.000453
-0.000451
-0.000449
-0.000447
-0.000445
-0.000443
-0.000440
-0.000438
-0.000436
-0.000434
-0.000432
-0.000430
-0.000428
-0.000426
-0.000424
-0.000422
-0.000420
-0.000418
-0.000416
-0.000414
-0.000412
-0.000410
-0.000407
-0.000405
-0.000403
-0.000401
-0.000399
-0.000397
-0.000395
-0.000393
-0.000391
-0.000389
-0.000386
-0.000384
-0.000382
-0.000380
-0.000378
-0.000376
-0.000374
-0.000371
-0.000369
-0.000367
-0.000365
-0.000363
-0.000361
-0.000359
-0.000356
-0.000354
-0.000352
-0.000350
-0.000348
-0.000345
-0.000343
-0.000341
-0.000339
-0.000337
-0.000334
-0.000332
-0.000330
-0.000328
-0.000326
-0.000323
-0.000321
-0.000319
-0.000317
-0.000315
-0.000312
-0.000310
-0.000308
-0.000306
-0.000304
-0.000301
-0.000299
-0.000297
-0.000295
-0.000292
-0.000290
-0.000288
-0.000286
-0.000283
-0.000281
-0.000279
-0.000277
-0.000274
-0.000272
-0.000270
-0.000268
-0.000265
-0.000263
-0.000261
-0.000258
-0.000256
-0.000254
-0.000252
-0.000249
-0.000247
-0.000245
-0.000242
-0.000240
-0.000238
-0.000235
-0.000233
-0.000231
-0.000228
-0.000226
-0.000224
-0.000222
-0.000219
-0.000217
-0.000215
-0.000212
-0.000210
-0.000208
-0.000205
-0.000203
-0.000201
-0.000198
-0.000196
-0.000194
-0.000191
-0.000189
-0.000187
-0.000184
-0.000182
-0.000180
-0.000177
-0.000175
-0.000172
-0.000170
-0.000168
-0.000165
-0.000163
-0.000161
-0.000158
-0.000156
-0.000154
-0.000151
-0.000149
-0.000146
-0.000144
-0.000142
-0.000139
-0.000137
-0.000135
-0.000132
-0.000130
-0.000127
-0.000125
-0.000123
-0.000120
-0.000118
-0.000115
-0.000113
-0.000111
-0.000108
-0.000106
-0.000103
-0.000101
-0.000099
-0.000096
-0.000094
-0.000091
-0.000089
-0.000086
-0.000084
-0.000082
-0.000079
-0.000077
-0.000074
-0.000072
-0.000070
-0.000067
-0.000065
-0.000062
-0.000060
-0.000057
-0.000055
-0.000053
-0.000050
-0.000048
-0.000045
-0.000043
-0.000040
-0.000038
-0.000036
-0.000033
-0.000031
-0.000028
-0.000026
-0.000023
-0.000021
-0.000018
-0.000016
-0.000014
-0.000011
-0.000009
-0.000006
-0.000004
-0.000001
0.000001
0.000004
0.000006
0.000008
0.000011
0.000013
0.000016
0.000018
0.000021
0.000023
0.000026
0.000028
0.000031
0.000033
0.000035
0.000038
0.000040
0.000043
0.000045
0.000048
0.000050
0.000053
0.000055
0.000058
0.000060
0.000062
0.000065
0.000067
0.000070
0.000072
0.000075
0.000077
0.000080
0.000082
0.000085
0.000087
0.000090
0.000092
0.000094
0.000097
0.000099
0.000102
0.000104
0.000107
0.000109
0.000112
0.000114
0.000117
0.000119
0.000122
0.000124
0.000126
0.000129
0.000131
0.000134
0.000136
0.000139
0.000141
0.000144
0.000146
0.000149
0.000151
0.000153
0.000156
0.000158
0.000161
0.000163
0.000166
0.000168
0.000171
0.000173
0.000175
0.000178
0.000180
0.000183
0.000185
0.000188
0.000190
0.000193
0.000195
0.000197
0.000200
0.000202
0.000205
0.000207
0.000210
0.000212
0.000214
0.000217
0.000219
0.000222
0.000224
0.000227
0.000229
0.000231
0.000234
0.000236
0.000239
0.000241
0.000244
0.000246
0.000248
0.000251
0.000253
0.000256
0.000258
0.000260
0.000263
0.000265
0.000268
0.000270
0.000272
0.000275
0.000277
0.000280
0.000282
0.000284
0.000287
0.000289
0.000291
0.000294
0.000296
0.000299
0.000301
0.000303
0.000306
0.000308
0.000310
0.000313
0.000315
0.000318
0.000320
0.000322
0.000325
0.000327
0.000329
0.000332
0.000334
0.000336
0.000339
0.000341
0.000343
0.000346
0.000348
0.000350
0.000353
0.000355
0.000357
0.000360
0.000362
0.000364
0.000366
0.000369
0.000371
0.000373
0.000376
0.000378
0.000380
0.000383
0.000385
0.000387
0.000389
0.000392
0.000394
0.000396
0.000398
0.000401
0.000403
0.000405
0.000407
0.000410
0.000412
0.000414
0.000416
0.000419
0.000421
0.000423
0.000425
0.000428
0.000430
0.000432
0.000434
0.000436
0.000439
0.000441
0.000443
0.000445
0.000447
0.000450
0.000452
0.000454
0.000456
0.000458
0.000460
0.000463
0.000465
0.000467
0.000469
0.000471
0.000473
0.000476
0.000478
0.000480
0.000482
0.000484
0.000486
0.000488
0.000490
0.000492
0.000495
0.000497
0.000499
0.000501
0.000503
0.000505
0.000507
0.000509
0.000511
0.000513
0.000515
0.000517
0.000519
0.000522
0.000524
0.000526
0.000528
0.000530
0.000532
0.000534
0.000536
0.000538
0.000540
0.000542
0.000544
0.000546
0.000548
0.000550
0.000552
0.000554
0.000556
0.000558
0.000560
0.000562
0.000563
0.000565
0.000567
0.000569
0.000571
0.000573
0.000575
0.000577
0.000579
0.000581
0.000583
0.000585
0.000586
0.000588
0.000590
0.000592
0.000594
0.000596
0.000598
0.000599
0.000601
0.000603
0.000605
0.000607
0.000609
0.000610
0.000612
0.000614
0.000616
0.000617
0.000619
0.000621
0.000622
0.000624
0.000626
0.000627
0.000629
0.000631
0.000633
0.000634
0.000636
0.000638
0.000640
0.000641
0.000643
0.000645
0.000646
0.000648
0.000650
0.000651
0.000653
0.000655
0.000656
0.000658
0.000660
0.000661
0.000663
0.000665
0.000667
0.000668
0.000670
0.000671
0.000673
0.000674
0.000676
0.000678
0.000679
0.000681
0.000682
0.000684
0.000686
0.000687
0.000689
0.000690
0.000692
0.000693
0.000695
0.000696
0.000698
0.000699
0.000701
0.000702
0.000703
0.000705
0.000706
0.000708
0.000709
0.000711
0.000712
0.000713
0.000715
0.000716
0.000717
0.000719
0.000720
0.000722
0.000723
0.000725
0.000726
0.000727
0.000729
0.000730
0.000731
0.000733
0.000734
0.000735
0.000737
0.000738
0.000739
0.000741
0.000742
0.000743
0.000744
0.000746
0.000747
0.000748
0.000749
0.000751
0.000752
0.000753
0.000754
0.000755
0.000757
0.000758
0.000759
0.000760
0.000761
0.000762
0.000763
0.000764
0.000765
0.000767
0.000768
0.000769
0.000770
0.000771
0.000772
0.000773
0.000774
0.000775
0.000777
0.000778
0.000779
0.000780
0.000781
0.000782
0.000783
0.000784
0.000785
0.000786
0.000787
0.000788
0.000789
0.000790
0.000791
0.000792
0.000793
0.000794
0.000795
0.000796
0.000797
0.000797
0.000798
0.000799
0.000800
0.000801
0.000802
0.000803
0.000804
0.000805
0.000805
0.000806
0.000807
0.000808
0.000809
0.000809
0.000810
0.000811
0.000812
0.000813
0.000813
0.000814
0.000815
0.000816
0.000816
0.000817
0.000818
0.000818
0.000819
0.000820
0.000821
0.000821
0.000822
0.000823
0.000823
0.000824
0.000825
0.000825
0.000826
0.000826
0.000827
0.000828
0.000828
0.000829
0.000829
0.000830
0.000831
0.000831
0.000832
0.000832
0.000833
0.000833
0.000834
0.000834
0.000835
0.000835
0.000836
0.000836
0.000837
0.000837
0.000838
0.000838
0.000838
0.000839
0.000839
0.000840
0.000840
0.000840
0.000841
0.000841
0.000841
0.000842
0.000842
0.000842
0.000843
0.000843
0.000843
0.000844
0.000844
0.000844
0.000845
0.000845
0.000845
0.000845
0.000846
0.000846
0.000846
0.000846
0.000847
0.000847
0.000847
0.000847
0.000847
0.000848
0.000848
0.000848
0.000848
0.000848
0.000848
0.000848
0.000849
0.000849
0.000849
0.000849
0.000849
0.000849
0.000849
0.000849
0.000849
0.000849
0.000849
0.000849
0.000849
0.000849
0.000849
0.000849
0.000849
0.000849
0.000849
0.000849
0.000849
0.000849
0.000849
0.000849
0.000849
0.000848
0.000848
0.000848
0.000848
0.000848
0.000848
0.000848
0.000847
0.000847
0.000847
0.000847
0.000847
0.000847
0.000846
0.000846
0.000846
0.000846
0.000845
0.000845
0.000845
0.000845
0.000844
0.000844
0.000844
0.000843
0.000843
0.000843
0.000842
0.000842
0.000842
0.000841
0.000841
0.000841
0.000840
0.000840
0.000839
0.000839
0.000838
0.000838
0.000838
0.000837
0.000837
0.000836
0.000836
0.000835
0.000835
0.000834
0.000834
0.000833
0.000833
0.000832
0.000832
0.000831
0.000830
0.000830
0.000829
0.000829
0.000828
0.000827
0.000827
0.000826
0.000826
0.000825
0.000824
0.000824
0.000823
0.000822
0.000822
0.000821
0.000820
0.000819
0.000819
0.000818
0.000817
0.000816
0.000816
0.000815
0.000814
0.000813
0.000813
0.000812
0.000811
0.000810
0.000809
0.000808
0.000808
0.000807
0.000806
0.000805
0.000804
0.000803
0.000802
0.000801
0.000801
0.000800
0.000799
0.000798
0.000797
0.000796
0.000795
0.000794
0.000793
0.000792
0.000791
0.000790
0.000789
0.000788
0.000787
0.000786
0.000785
0.000784
0.000783
0.000781
0.000780
0.000779
0.000778
0.000777
0.000776
0.000775
0.000774
0.000772
0.000771
0.000770
0.000769
0.000768
0.000767
0.000765
0.000764
0.000763
0.000762
0.000760
0.000759
0.000758
0.000757
0.000755
0.000754
0.000753
0.000752
0.000750
0.000749
0.000748
0.000746
0.000745
0.000744
0.000742
0.000741
0.000739
0.000738
0.000737
0.000735
0.000734
0.000732
0.000731
0.000730
0.000728
0.000727
0.000725
0.000724
0.000722
0.000721
0.000719
0.000718
0.000716
0.000715
0.000713
0.000712
0.000710
0.000709
0.000707
0.000706
0.000704
0.000702
0.000701
0.000699
0.000698
0.000696
0.000694
0.000693
0.000691
0.000689
0.000688
0.000686
0.000684
0.000683
0.000681
0.000679
0.000678
0.000676
0.000674
0.000673
0.000671
0.000669
0.000667
0.000666
0.000664
0.000662
0.000660
0.000658
0.000657
0.000655
0.000653
0.000651
0.000649
0.000648
0.000646
0.000644
0.000642
0.000640
0.000638
0.000636
0.000635
0.000633
0.000631
0.000629
0.000627
0.000625
0.000623
0.000621
0.000619
0.000617
0.000615
0.000613
0.000611
0.000609
0.000607
0.000605
0.000603
0.000601
0.000599
0.000597
0.000595
0.000593
0.000591
0.000589
0.000587
0.000585
0.000583
0.000581
0.000579
0.000577
0.000575
0.000573
0.000570
0.000568
0.000566
0.000564
0.000562
0.000560
0.000558
0.000556
0.000553
0.000551
0.000549
0.000547
0.000545
0.000542
0.000540
0.000538
0.000536
0.000534
0.000531
0.000529
0.000527
0.000525
0.000522
0.000520
0.000518
0.000516
0.000513
0.000511
0.000509
0.000506
0.000504
0.000502
0.000500
0.000497
0.000495
0.000493
0.000490
0.000488
0.000486
0.000483
0.000481
0.000478
0.000476
0.000474
0.000471
0.000469
0.000467
0.000464
0.000462
0.000459
0.000457
0.000455
0.000452
0.000450
0.000447
0.000445
0.000442
0.000440
0.000437
0.000435
0.000433
0.000430
0.000428
0.000425
0.000423
0.000420
0.000418
0.000415
0.000413
0.000410
0.000408
0.000405
0.000403
0.000400
0.000398
0.000395
0.000392
0.000390
0.000387
0.000385
0.000382
0.000380
0.000377
0.000375
0.000372
0.000369
0.000367
0.000364
0.000362
0.000359
0.000356
0.000354
0.000351
0.000349
0.000346
0.000343
0.000341
0.000338
0.000335
0.000333
0.000330
0.000328
0.000325
0.000322
0.000320
0.000317
0.000314
0.000312
0.000309
0.000306
0.000304
0.000301
0.000298
0.000296
0.000293
0.000290
0.000288
0.000285
0.000282
0.000279
0.000277
0.000274
0.000271
0.000269
0.000266
0.000263
0.000260
0.000258
0.000255
0.000252
0.000250
0.000247
0.000244
0.000241
0.000239
0.000236
0.000233
0.000230
0.000228
0.000225
0.000222
0.000219
0.000217
0.000214
0.000211
0.000208
0.000206
0.000203
0.000200
0.000197
0.000195
0.000192
0.000189
0.000186
0.000183
0.000181
0.000178
0.000175
0.000172
0.000169
0.000167
0.000164
0.000161
0.000158
0.000156
0.000153
0.000150
0.000147
0.000144
0.000142
0.000139
0.000136
0.000133
0.000130
0.000127
0.000125
0.000122
0.000119
0.000116
0.000113
0.000111
0.000108
0.000105
0.000102
0.000099
0.000097
0.000094
0.000091
0.000088
0.000085
0.000082
0.000080
0.000077
0.000074
0.000071
0.000068
0.000066
0.000063
0.000060
0.000057
0.000054
0.000051
0.000049
0.000046
0.000043
0.000040
0.000037
0.000034
0.000032
0.000029
0.000026
0.000023
0.000020
0.000018
0.000015
0.000012
0.000009
0.000006
0.000003
0.000001
-0.000002
-0.000005
-0.000008
-0.000011
-0.000013
-0.000016
-0.000019
-0.000022
-0.000025
-0.000027
-0.000030
-0.000033
-0.000036
-0.000039
-0.000041
-0.000044
-0.000047
-0.000050
-0.000053
-0.000055
-0.000058
-0.000061
-0.000064
-0.000067
-0.000069
-0.000072
-0.000075
-0.000078
-0.000081
-0.000083
-0.000086
-0.000089
-0.000092
-0.000095
-0.000097
-0.000100
-0.000103
-0.000106
-0.000108
-0.000111
-0.000114
-0.000117
-0.000119
-0.000122
-0.000125
-0.000128
-0.000130
-0.000133
-0.000136
-0.000139
-0.000141
-0.000144
-0.000147
-0.000150
-0.000152
-0.000155
-0.000158
-0.000161
-0.000163
-0.000166
-0.000169
-0.000172
-0.000174
-0.000177
-0.000180
-0.000182
-0.000185
-0.000188
-0.000190
-0.000193
-0.000196
-0.000199
-0.000201
-0.000204
-0.000207
-0.000209
-0.000212
-0.000214
-0.000217
-0.000220
-0.000222
-0.000225
-0.000227
-0.000230
-0.000232
-0.000235
-0.000238
-0.000240
-0.000243
-0.000246
-0.000248
-0.000251
-0.000253
-0.000256
-0.000258
-0.000261
-0.000264
-0.000266
-0.000269
-0.000272
-0.000274
-0.000277
-0.000279
-0.000282
-0.000285
-0.000287
-0.000290
-0.000293
-0.000295
-0.000298
-0.000300
-0.000303
-0.000305
-0.000308
-0.000310
-0.000313
-0.000315
-0.000318
-0.000321
-0.000323
-0.000326
-0.000328
-0.000331
-0.000333
-0.000336
-0.000338
-0.000341
-0.000343
-0.000346
-0.000348
-0.000351
-0.000353
-0.000356
-0.000358
-0.000361
-0.000363
-0.000365
-0.000368
-0.000370
-0.000373
-0.000375
-0.000378
-0.000380
-0.000383
-0.000385
-0.000388
-0.000390
-0.000392
-0.000395
-0.000397
-0.000399
-0.000402
-0.000404
-0.000407
-0.000409
-0.000411
-0.000414
-0.000416
-0.000418
-0.000421
-0.000423
-0.000426
-0.000428
-0.000430
-0.000432
-0.000435
-0.000437
-0.000440
-0.000442
-0.000444
-0.000446
-0.000449
-0.000451
-0.000453
-0.000455
-0.000458
-0.000460
-0.000462
-0.000464
-0.000467
-0.000469
-0.000471
-0.000473
-0.000476
-0.000478
-0.000480
-0.000482
-0.000485
-0.000487
-0.000489
-0.000491
-0.000493
-0.000495
-0.000498
-0.000500
-0.000502
-0.000504
-0.000506
-0.000508
-0.000511
-0.000513
-0.000515
-0.000517
-0.000519
-0.000521
-0.000523
-0.000525
-0.000527
-0.000529
-0.000532
-0.000534
-0.000536
-0.000538
-0.000540
-0.000542
-0.000544
-0.000546
-0.000548
-0.000550
-0.000552
-0.000554
-0.000556
-0.000558
-0.000560
-0.000562
-0.000564
-0.000566
-0.000568
-0.000570
-0.000572
-0.000574
-0.000576
-0.000578
-0.000580
-0.000581
-0.000583
-0.000585
-0.000587
-0.000589
-0.000591
-0.000593
-0.000595
-0.000597
-0.000599
-0.000600
-0.000602
-0.000604
-0.000606
-0.000608
-0.000610
-0.000611
-0.000613
-0.000615
-0.000617
-0.000618
-0.000620
-0.000622
-0.000624
-0.000626
-0.000627
-0.000629
-0.000631
-0.000633
-0.000634
-0.000636
-0.000638
-0.000639
-0.000641
-0.000643
-0.000645
-0.000646
-0.000648
-0.000649
-0.000651
-0.000653
-0.000654
-0.000656
-0.000658
-0.000659
-0.000661
-0.000663
-0.000664
-0.000666
-0.000668
-0.000669
-0.000671
-0.000672
-0.000674
-0.000675
-0.000677
-0.000678
-0.000680
-0.000681
-0.000683
-0.000684
-0.000686
-0.000687
-0.000689
-0.000690
-0.000692
-0.000693
-0.000695
-0.000696
-0.000698
-0.000699
-0.000701
-0.000702
-0.000703
-0.000705
-0.000706
-0.000708
-0.000709
-0.000710
-0.000712
-0.000713
-0.000715
-0.000716
-0.000717
-0.000718
-0.000720
-0.000721
-0.000722
-0.000724
-0.000725
-0.000726
-0.000728
-0.000729
-0.000730
-0.000731
-0.000733
-0.000734
-0.000735
-0.000736
-0.000738
-0.000739
-0.000740
-0.000741
-0.000743
-0.000744
-0.000745
-0.000746
-0.000747
-0.000748
-0.000750
-0.000751
-0.000752
-0.000753
-0.000754
-0.000755
-0.000756
-0.000757
-0.000758
-0.000759
-0.000760
-0.000761
-0.000763
-0.000763
-0.000765
-0.000765
-0.000767
-0.000767
-0.000769
-0.000769
-0.000771
-0.000771
-0.000773
-0.000773
-0.000774
-0.000775
-0.000776
-0.000777
-0.000778
-0.000779
-0.000780
-0.000781
-0.000782
-0.000783
-0.000784
-0.000784
-0.000785
-0.000786
-0.000787
-0.000788
-0.000789
-0.000789
-0.000790
-0.000791
-0.000792
-0.000793
-0.000794
-0.000794
-0.000795
-0.000796
-0.000797
-0.000797
-0.000798
-0.000799
-0.000799
-0.000800
-0.000801
-0.000801
-0.000802
-0.000803
-0.000803
-0.000804
-0.000805
-0.000805
-0.000806
-0.000806
-0.000807
-0.000808
-0.000808
-0.000809
-0.000810
-0.000810
-0.000811
-0.000811
-0.000812
-0.000812
-0.000813
-0.000813
-0.000814
-0.000814
-0.000815
-0.000815
-0.000816
-0.000816
-0.000817
-0.000817
-0.000818
-0.000818
-0.000819
-0.000819
-0.000820
-0.000820
-0.000820
-0.000821
-0.000821
-0.000821
-0.000822
-0.000822
-0.000823
-0.000823
-0.000823
-0.000823
-0.000824
-0.000824
-0.000825
-0.000825
-0.000825
-0.000825
-0.000826
-0.000826
-0.000826
-0.000826
-0.000827
-0.000827
-0.000827
-0.000827
-0.000827
-0.000828
-0.000828
-0.000828
-0.000828
-0.000828
-0.000829
-0.000829
-0.000829
-0.000829
-0.000829
-0.000829
-0.000829
-0.000829
-0.000829
-0.000829
-0.000830
-0.000830
-0.000830
-0.000830
-0.000830
-0.000830
-0.000830
-0.000830
-0.000830
-0.000830
-0.000830
-0.000830
-0.000830
-0.000830
-0.000830
-0.000829
-0.000830
-0.000829
-0.000830
-0.000829
-0.000829
-0.000829
-0.000829
-0.000829
-0.000829
-0.000828
-0.000829
-0.000828
-0.000828
-0.000828
-0.000828
-0.000828
-0.000828
-0.000827
-0.000827
-0.000827
-0.000827
-0.000826
-0.000826
-0.000826
-0.000826
-0.000825
-0.000825
-0.000825
-0.000825
-0.000824
-0.000824
-0.000824
-0.000824
-0.000823
-0.000823
-0.000822
-0.000822
-0.000822
-0.000821
-0.000821
-0.000821
-0.000820
-0.000820
-0.000819
-0.000819
-0.000818
-0.000818
-0.000817
-0.000817
-0.000817
-0.000816
-0.000816
-0.000815
-0.000815
-0.000814
-0.000814
-0.000813
-0.000813
-0.000812
-0.000812
-0.000811
-0.000810
-0.000810
-0.000809
-0.000809
-0.000808
-0.000808
-0.000807
-0.000807
-0.000806
-0.000806
-0.000805
-0.000804
-0.000803
-0.000803
-0.000802
-0.000802
-0.000801
-0.000800
-0.000800
-0.000799
-0.000798
-0.000798
-0.000797
-0.000796
-0.000795
-0.000795
-0.000794
-0.000793
-0.000792
-0.000792
-0.000791
-0.000790
-0.000789
-0.000788
-0.000787
-0.000787
-0.000786
-0.000785
-0.000784
-0.000783
-0.000782
-0.000782
-0.000781
-0.000780
-0.000779
-0.000778
-0.000777
-0.000777
-0.000775
-0.000775
-0.000774
-0.000773
-0.000772
-0.000771
-0.000770
-0.000769
-0.000768
-0.000767
-0.000766
-0.000765
-0.000764
-0.000763
-0.000762
-0.000761
-0.000760
-0.000759
-0.000758
-0.000757
-0.000756
-0.000755
-0.000754
-0.000753
-0.000752
-0.000751
-0.000750
-0.000749
-0.000747
-0.000747
-0.000745
-0.000744
-0.000743
-0.000742
-0.000741
-0.000740
-0.000738
-0.000737
-0.000736
-0.000735
-0.000734
-0.000733
-0.000731
-0.000730
-0.000729
-0.000728
-0.000727
-0.000726
-0.000724
-0.000723
-0.000722
-0.000721
-0.000719
-0.000718
-0.000717
-0.000716
-0.000714
-0.000713
-0.000712
-0.000711
-0.000709
-0.000708
-0.000706
-0.000705
-0.000704
-0.000703
-0.000701
-0.000700
-0.000698
-0.000697
-0.000696
-0.000695
-0.000693
-0.000692
-0.000690
-0.000689
-0.000687
-0.000686
-0.000685
-0.000683
-0.000682
-0.000681
-0.000679
-0.000678
-0.000676
-0.000675
-0.000673
-0.000672
-0.000670
-0.000669
-0.000667
-0.000666
-0.000664
-0.000663
-0.000661
-0.000660
-0.000658
-0.000657
-0.000655
-0.000654
-0.000652
-0.000651
-0.000649
-0.000648
-0.000646
-0.000645
-0.000643
-0.000642
-0.000640
-0.000638
-0.000637
-0.000635
-0.000633
-0.000632
-0.000630
-0.000628
-0.000627
-0.000625
-0.000623
-0.000622
-0.000621
-0.000619
-0.000617
-0.000616
-0.000614
-0.000612
-0.000611
-0.000609
-0.000607
-0.000606
-0.000604
-0.000602
-0.000601
-0.000599
-0.000597
-0.000595
-0.000593
-0.000592
-0.000590
-0.000588
-0.000587
-0.000585
-0.000583
-0.000582
-0.000580
-0.000578
-0.000576
-0.000575
-0.000573
-0.000571
-0.000569
-0.000567
-0.000565
-0.000563
-0.000561
-0.000560
-0.000558
-0.000556
-0.000554
-0.000553
-0.000551
-0.000549
-0.000547
-0.000545
-0.000543
-0.000542
-0.000540
-0.000538
-0.000536
-0.000534
-0.000532
-0.000530
-0.000528
-0.000527
-0.000525
-0.000523
-0.000521
-0.000519
-0.000517
-0.000515
-0.000513
-0.000512
-0.000510
-0.000508
-0.000506
-0.000504
-0.000502
-0.000500
-0.000498
-0.000496
-0.000494
-0.000492
-0.000490
-0.000488
-0.000487
-0.000485
-0.000483
-0.000481
