-0.090000
-0.087731
-0.085039
-0.082314
-0.079861
-0.077825
-0.076199
-0.074904
-0.073849
-0.072982
-0.072295
-0.071813
-0.071565
-0.071571
-0.071833
-0.072334
-0.073045
-0.073937
-0.074978
-0.076140
-0.077398
-0.078724
-0.080092
-0.081470
-0.082830
-0.084139
-0.085369
-0.086493
-0.087486
-0.088325
-0.088993
-0.089473
-0.089753
-0.089824
-0.089681
-0.089322
-0.088750
-0.087969
-0.086991
-0.085826
-0.084492
-0.083006
-0.081390
-0.079666
-0.077858
-0.075992
-0.074095
-0.072193
-0.070312
-0.068479
-0.066716
-0.065049
-0.063498
-0.062082
-0.060817
-0.059718
-0.058796
-0.058057
-0.057508
-0.057148
-0.056977
-0.056989
-0.057176
-0.057527
-0.058029
-0.058665
-0.059417
-0.060266
-0.061191
-0.062169
-0.063177
-0.064192
-0.065193
-0.066155
-0.067058
-0.067881
-0.068607
-0.069218
-0.069701
-0.070043
-0.070234
-0.070269
-0.070143
-0.069855
-0.069407
-0.068802
-0.068049
-0.067158
-0.066139
-0.065007
-0.063777
-0.062468
-0.061097
-0.059683
-0.058247
-0.056809
-0.055388
-0.054004
-0.052675
-0.051419
-0.050253
-0.049189
-0.048240
-0.047417
-0.046728
-0.046179
-0.045772
-0.045508
-0.045386
-0.045401
-0.045547
-0.045815
-0.046195
-0.046675
-0.047240
-0.047875
-0.048564
-0.049290
-0.050035
-0.050783
-0.051515
-0.052216
-0.052868
-0.053457
-0.053969
-0.054392
-0.054715
-0.054930
-0.055030
-0.055011
-0.054870
-0.054607
-0.054223
-0.053723
-0.053113
-0.052401
-0.051596
-0.050710
-0.049754
-0.048743
-0.047690
-0.046611
-0.045521
-0.044434
-0.043367
-0.042333
-0.041347
-0.040421
-0.039567
-0.038795
-0.038114
-0.037531
-0.037052
-0.036679
-0.036415
-0.036259
-0.036208
-0.036259
-0.036406
-0.036642
-0.036957
-0.037342
-0.037785
-0.038274
-0.038797
-0.039340
-0.039890
-0.040434
-0.040958
-0.041451
-0.041899
-0.042294
-0.042623
-0.042880
-0.043057
-0.043149
-0.043151
-0.043062
-0.042880
-0.042606
-0.042244
-0.041797
-0.041271
-0.040674
-0.040013
-0.039298
-0.038539
-0.037746
-0.036931
-0.036107
-0.035283
-0.034472
-0.033686
-0.032934
-0.032227
-0.031573
-0.030981
-0.030457
-0.030008
-0.029636
-0.029345
-0.029136
-0.029008
-0.028961
-0.028990
-0.029092
-0.029260
-0.029488
-0.029768
-0.030092
-0.030450
-0.030832
-0.031228
-0.031629
-0.032024
-0.032402
-0.032755
-0.033074
-0.033350
-0.033577
-0.033747
-0.033856
-0.033899
-0.033875
-0.033781
-0.033618
-0.033386
-0.033088
-0.032728
-0.032310
-0.031839
-0.031323
-0.030769
-0.030185
-0.029579
-0.028960
-0.028336
-0.027718
-0.027112
-0.026529
-0.025975
-0.025458
-0.024985
-0.024560
-0.024190
-0.023876
-0.023623
-0.023431
-0.023301
-0.023231
-0.023221
-0.023266
-0.023364
-0.023508
-0.023693
-0.023914
-0.024163
-0.024432
-0.024715
-0.025003
-0.025288
-0.025564
-0.025822
-0.026056
-0.026260
-0.026427
-0.026554
-0.026635
-0.026667
-0.026649
-0.026579
-0.026457
-0.026283
-0.026059
-0.025789
-0.025474
-0.025121
-0.024733
-0.024316
-0.023877
-0.023421
-0.022955
-0.022486
-0.022021
-0.021566
-0.021128
-0.020712
-0.020324
-0.019969
-0.019651
-0.019374
-0.019140
-0.018951
-0.018807
-0.018710
-0.018658
-0.018650
-0.018683
-0.018754
-0.018860
-0.018995
-0.019155
-0.019334
-0.019527
-0.019729
-0.019933
-0.020133
-0.020324
-0.020500
-0.020657
-0.020789
-0.020893
-0.020965
-0.021003
-0.021004
-0.020966
-0.020890
-0.020775
-0.020622
-0.020433
-0.020211
-0.019958
-0.019677
-0.019373
-0.019050
-0.018713
-0.018367
-0.018016
-0.017666
-0.017321
-0.016987
-0.016668
-0.016369
-0.016093
-0.015843
-0.015623
-0.015434
-0.015278
-0.015156
-0.015068
-0.015014
-0.014992
-0.015002
-0.015040
-0.015104
-0.015191
-0.015297
-0.015418
-0.015551
-0.015690
-0.015831
-0.015970
-0.016104
-0.016226
-0.016335
-0.016426
-0.016496
-0.016543
-0.016565
-0.016560
-0.016526
-0.016464
-0.016374
-0.016256
-0.016111
-0.015942
-0.015750
-0.015538
-0.015310
-0.015067
-0.014815
-0.014555
-0.014293
-0.014032
-0.013776
-0.013528
-0.013291
-0.013069
-0.012865
-0.012680
-0.012517
-0.012378
-0.012262
-0.012172
-0.012107
-0.012067
-0.012050
-0.012055
-0.012082
-0.012126
-0.012186
-0.012260
-0.012344
-0.012435
-0.012530
-0.012625
-0.012718
-0.012806
-0.012885
-0.012953
-0.013007
-0.013045
-0.013066
-0.013068
-0.013050
-0.013011
-0.012951
-0.012871
-0.012771
-0.012652
-0.012516
-0.012364
-0.012199
-0.012023
-0.011838
-0.011648
-0.011453
-0.011258
-0.011066
-0.010878
-0.010697
-0.010526
-0.010367
-0.010222
-0.010092
-0.009978
-0.009882
-0.009804
-0.009744
-0.009702
-0.009677
-0.009669
-0.009677
-0.009698
-0.009732
-0.009776
-0.009828
-0.009886
-0.009948
-0.010011
-0.010073
-0.010131
-0.010185
-0.010230
-0.010267
-0.010292
-0.010305
-0.010305
-0.010290
-0.010261
-0.010216
-0.010157
-0.010084
-0.009996
-0.009896
-0.009785
-0.009664
-0.009534
-0.009398
-0.009257
-0.009113
-0.008968
-0.008825
-0.008684
-0.008549
-0.008420
-0.008300
-0.008189
-0.008089
-0.008001
-0.007925
-0.007862
-0.007812
-0.007775
-0.007751
-0.007739
-0.007738
-0.007747
-0.007765
-0.007790
-0.007822
-0.007858
-0.007897
-0.007937
-0.007976
-0.008013
-0.008047
-0.008075
-0.008097
-0.008111
-0.008116
-0.008112
-0.008098
-0.008073
-0.008038
-0.007992
-0.007936
-0.007870
-0.007795
-0.007712
-0.007621
-0.007525
-0.007424
-0.007320
-0.007213
-0.007106
-0.007000
-0.006896
-0.006795
-0.006699
-0.006609
-0.006526
-0.006450
-0.006383
-0.006325
-0.006275
-0.006235
-0.006204
-0.006183
-0.006170
-0.006164
-0.006166
-0.006174
-0.006188
-0.006206
-0.006227
-0.006250
-0.006274
-0.006298
-0.006320
-0.006340
-0.006356
-0.006368
-0.006374
-0.006374
-0.006368
-0.006354
-0.006333
-0.006304
-0.006268
-0.006225
-0.006175
-0.006119
-0.006056
-0.005989
-0.005918
-0.005843
-0.005766
-0.005687
-0.005608
-0.005529
-0.005452
-0.005378
-0.005306
-0.005239
-0.005176
-0.005119
-0.005067
-0.005022
-0.004983
-0.004951
-0.004925
-0.004906
-0.004893
-0.004885
-0.004882
-0.004884
-0.004890
-0.004898
-0.004910
-0.004922
-0.004936
-0.004949
-0.004961
-0.004972
-0.004980
-0.004985
-0.004987
-0.004984
-0.004977
-0.004965
-0.004948
-0.004925
-0.004898
-0.004865
-0.004828
-0.004786
-0.004739
-0.004690
-0.004637
-0.004582
-0.004526
-0.004468
-0.004409
-0.004351
-0.004294
-0.004238
-0.004184
-0.004134
-0.004086
-0.004042
-0.004002
-0.003966
-0.003935
-0.003908
-0.003886
-0.003868
-0.003855
-0.003845
-0.003840
-0.003837
-0.003837
-0.003840
-0.003844
-0.003850
-0.003856
-0.003863
-0.003869
-0.003874
-0.003877
-0.003879
-0.003878
-0.003875
-0.003868
-0.003858
-0.003845
-0.003828
-0.003808
-0.003784
-0.003756
-0.003726
-0.003692
-0.003656
-0.003618
-0.003578
-0.003536
-0.003494
-0.003451
-0.003408
-0.003365
-0.003323
-0.003283
-0.003244
-0.003207
-0.003173
-0.003141
-0.003112
-0.003086
-0.003063
-0.003044
-0.003027
-0.003013
-0.003003
-0.002995
-0.002989
-0.002986
-0.002984
-0.002984
-0.002985
-0.002987
-0.002988
-0.002990
-0.002992
-0.002993
-0.002993
-0.002991
-0.002988
-0.002982
-0.002975
-0.002965
-0.002953
-0.002939
-0.002922
-0.002903
-0.002881
-0.002857
-0.002832
-0.002804
-0.002776
-0.002746
-0.002715
-0.002684
-0.002652
-0.002620
-0.002589
-0.002558
-0.002528
-0.002499
-0.002472
-0.002446
-0.002422
-0.002400
-0.002380
-0.002362
-0.002347
-0.002333
-0.002322
-0.002312
-0.002304
-0.002298
-0.002294
-0.002291
-0.002288
-0.002287
-0.002286
-0.002285
-0.002284
-0.002283
-0.002282
-0.002280
-0.002277
-0.002273
-0.002268
-0.002261
-0.002253
-0.002243
-0.002232
-0.002219
-0.002204
-0.002188
-0.002170
-0.002151
-0.002131
-0.002110
-0.002088
-0.002066
-0.002043
-0.002019
-0.001996
-0.001972
-0.001949
-0.001927
-0.001905
-0.001884
-0.001864
-0.001846
-0.001828
-0.001812
-0.001798
-0.001784
-0.001773
-0.001762
-0.001753
-0.001745
-0.001739
-0.001734
-0.001729
-0.001726
-0.001722
-0.001720
-0.001717
-0.001715
-0.001713
-0.001710
-0.001708
-0.001704
-0.001700
-0.001696
-0.001690
-0.001684
-0.001676
-0.001668
-0.001658
-0.001648
-0.001636
-0.001623
-0.001610
-0.001595
-0.001580
-0.001564
-0.001548
-0.001531
-0.001514
-0.001497
-0.001479
-0.001462
-0.001445
-0.001429
-0.001412
-0.001397
-0.001382
-0.001368
-0.001355
-0.001342
-0.001331
-0.001320
-0.001311
-0.001302
-0.001295
-0.001288
-0.001282
-0.001277
-0.001272
-0.001268
-0.001264
-0.001261
-0.001258
-0.001255
-0.001252
-0.001249
-0.001246
-0.001242
-0.001238
-0.001234
-0.001229
-0.001223
-0.001217
-0.001210
-0.001202
-0.001194
-0.001185
-0.001176
-0.001166
-0.001155
-0.001144
-0.001132
-0.001120
-0.001108
-0.001096
-0.001083
-0.001070
-0.001058
-0.001045
-0.001033
-0.001020
-0.001009
-0.000997
-0.000986
-0.000976
-0.000966
-0.000957
-0.000948
-0.000940
-0.000933
-0.000926
-0.000920
-0.000915
-0.000910
-0.000905
-0.000901
-0.000897
-0.000893
-0.000890
-0.000887
-0.000883
-0.000880
-0.000877
-0.000873
-0.000870
-0.000866
-0.000862
-0.000857
-0.000852
-0.000847
-0.000841
-0.000835
-0.000828
-0.000821
-0.000814
-0.000806
-0.000798
-0.000790
-0.000781
-0.000773
-0.000764
-0.000755
-0.000745
-0.000736
-0.000727
-0.000718
-0.000709
-0.000700
-0.000691
-0.000683
-0.000675
-0.000667
-0.000660
-0.000653
-0.000646
-0.000640
-0.000634
-0.000629
-0.000624
-0.000619
-0.000614
-0.000610
-0.000607
-0.000603
-0.000600
-0.000597
-0.000593
-0.000590
-0.000587
-0.000584
-0.000581
-0.000577
-0.000574
-0.000570
-0.000567
-0.000563
-0.000558
-0.000554
-0.000549
-0.000544
-0.000539
-0.000534
-0.000528
-0.000522
-0.000516
-0.000510
-0.000504
-0.000497
-0.000491
-0.000484
-0.000477
-0.000471
-0.000464
-0.000458
-0.000451
-0.000445
-0.000439
-0.000433
-0.000427
-0.000421
-0.000416
-0.000411
-0.000406
-0.000401
-0.000397
-0.000393
-0.000389
-0.000385
-0.000382
-0.000379
-0.000376
-0.000373
-0.000370
-0.000367
-0.000365
-0.000362
-0.000360
-0.000357
-0.000355
-0.000352
-0.000349
-0.000347
-0.000344
-0.000341
-0.000338
-0.000334
-0.000331
-0.000327
-0.000323
-0.000319
-0.000315
-0.000311
-0.000306
-0.000302
-0.000297
-0.000292
-0.000288
-0.000283
-0.000278
-0.000273
-0.000268
-0.000263
-0.000259
-0.000254
-0.000249
-0.000245
-0.000241
-0.000237
-0.000233
-0.000229
-0.000226
-0.000222
-0.000219
-0.000216
-0.000214
-0.000211
-0.000209
-0.000206
-0.000204
-0.000202
-0.000200
-0.000199
-0.000197
-0.000195
-0.000194
-0.000192
-0.000190
-0.000188
-0.000187
-0.000185
-0.000183
-0.000181
-0.000179
-0.000176
-0.000174
-0.000171
-0.000169
-0.000166
-0.000163
-0.000160
-0.000157
-0.000154
-0.000151
-0.000147
-0.000144
-0.000141
-0.000137
-0.000134
-0.000131
-0.000127
-0.000124
-0.000121
-0.000118
-0.000115
-0.000112
-0.000109
-0.000107
-0.000104
-0.000102
-0.000100
-0.000098
-0.000096
-0.000094
-0.000092
-0.000091
-0.000090
-0.000088
-0.000087
-0.000086
-0.000085
-0.000084
-0.000083
-0.000082
-0.000081
-0.000081
-0.000080
-0.000079
-0.000078
-0.000077
-0.000075
-0.000074
-0.000073
-0.000071
-0.000070
-0.000068
-0.000067
-0.000065
-0.000063
-0.000061
-0.000059
-0.000057
-0.000055
-0.000053
-0.000051
-0.000049
-0.000047
-0.000045
-0.000043
-0.000041
-0.000039
-0.000037
-0.000035
-0.000033
-0.000032
-0.000030
-0.000029
-0.000028
-0.000027
-0.000026
-0.000025
-0.000024
-0.000023
-0.000022
-0.000022
-0.000021
-0.000021
-0.000021
-0.000021
-0.000020
-0.000020
-0.000020
-0.000020
-0.000020
-0.000019
-0.000019
-0.000019
-0.000019
-0.000018
-0.000018
-0.000017
-0.000017
-0.000016
-0.000016
-0.000015
-0.000014
-0.000013
-0.000012
-0.000011
-0.000010
-0.000009
-0.000008
-0.000007
-0.000006
-0.000005
-0.000004
-0.000003
-0.000002
-0.000001
-0.000001
0.000000
0.000001
0.000001
0.000002
0.000002
0.000003
0.000003
0.000003
0.000003
0.000003
0.000003
0.000003
0.000003
0.000003
0.000002
0.000002
0.000001
0.000001
0.000001
0.000000
-0.000000
-0.000001
-0.000001
-0.000002
-0.000002
-0.000002
-0.000003
-0.000003
-0.000003
-0.000003
-0.000003
-0.000004
-0.000004
-0.000004
-0.000004
-0.000003
-0.000003
-0.000003
-0.000003
-0.000003
-0.000003
-0.000003
-0.000002
-0.000002
-0.000002
-0.000002
-0.000002
-0.000002
-0.000002
-0.000002
-0.000003
-0.000003
-0.000003
-0.000004
-0.000004
-0.000005
-0.000005
-0.000006
-0.000007
-0.000007
-0.000008
-0.000009
-0.000010
-0.000011
-0.000012
-0.000013
-0.000014
-0.000015
-0.000016
-0.000017
-0.000017
-0.000018
-0.000019
-0.000020
-0.000021
-0.000022
-0.000022
-0.000023
-0.000024
-0.000024
-0.000025
-0.000026
-0.000026
-0.000027
-0.000027
-0.000028
-0.000028
-0.000029
-0.000029
-0.000030
-0.000030
-0.000031
-0.000031
-0.000032
-0.000033
-0.000033
-0.000034
-0.000035
-0.000036
-0.000036
-0.000037
-0.000038
-0.000039
-0.000040
-0.000042
-0.000043
-0.000044
-0.000045
-0.000046
-0.000048
-0.000049
-0.000050
-0.000052
-0.000053
-0.000054
-0.000055
-0.000057
-0.000058
-0.000059
-0.000060
-0.000061
-0.000063
-0.000064
-0.000065
-0.000066
-0.000067
-0.000068
-0.000069
-0.000070
-0.000071
-0.000072
-0.000073
-0.000074
-0.000075
-0.000076
-0.000077
-0.000078
-0.000079
-0.000080
-0.000081
-0.000082
-0.000083
-0.000085
-0.000086
-0.000087
-0.000088
-0.000089
-0.000091
-0.000092
-0.000093
-0.000095
-0.000096
-0.000097
-0.000099
-0.000100
-0.000101
-0.000103
-0.000104
-0.000105
-0.000107
-0.000108
-0.000109
-0.000111
-0.000112
-0.000113
-0.000115
-0.000116
-0.000117
-0.000118
-0.000120
-0.000121
-0.000122
-0.000124
-0.000125
-0.000126
-0.000128
-0.000129
-0.000130
-0.000131
-0.000133
-0.000134
-0.000135
-0.000137
-0.000138
-0.000139
-0.000141
-0.000142
-0.000144
-0.000145
-0.000146
-0.000147
-0.000149
-0.000150
-0.000152
-0.000153
-0.000154
-0.000155
-0.000157
-0.000158
-0.000160
-0.000161
-0.000162
-0.000163
-0.000165
-0.000166
-0.000168
-0.000169
-0.000170
-0.000172
-0.000173
-0.000175
-0.000176
-0.000177
-0.000179
-0.000180
-0.000182
-0.000183
-0.000185
-0.000186
-0.000187
-0.000189
-0.000190
-0.000192
-0.000193
-0.000194
-0.000196
-0.000197
-0.000199
-0.000200
-0.000201
-0.000203
-0.000204
-0.000205
-0.000207
-0.000208
-0.000210
-0.000211
-0.000212
-0.000213
-0.000215
-0.000216
-0.000217
-0.000219
-0.000220
-0.000221
-0.000223
-0.000224
-0.000225
-0.000226
-0.000228
-0.000229
-0.000230
-0.000232
-0.000233
-0.000234
-0.000236
-0.000237
-0.000238
-0.000239
-0.000241
-0.000242
-0.000243
-0.000245
-0.000246
-0.000247
-0.000249
-0.000250
-0.000251
-0.000252
-0.000254
-0.000255
-0.000256
-0.000258
-0.000259
-0.000260
-0.000261
-0.000262
-0.000264
-0.000265
-0.000266
-0.000267
-0.000268
-0.000270
-0.000271
-0.000272
-0.000273
-0.000274
-0.000275
-0.000276
-0.000278
-0.000279
-0.000280
-0.000281
-0.000282
-0.000283
-0.000284
-0.000285
-0.000287
-0.000288
-0.000289
-0.000290
-0.000291
-0.000292
-0.000293
-0.000294
-0.000295
-0.000297
-0.000298
-0.000299
-0.000300
-0.000301
-0.000302
-0.000303
-0.000304
-0.000305
-0.000306
-0.000307
-0.000308
-0.000309
-0.000310
-0.000311
-0.000312
-0.000313
-0.000314
-0.000315
-0.000316
-0.000317
-0.000318
-0.000319
-0.000320
-0.000321
-0.000322
-0.000323
-0.000323
-0.000324
-0.000325
-0.000326
-0.000327
-0.000328
-0.000329
-0.000330
-0.000331
-0.000331
-0.000332
-0.000333
-0.000334
-0.000335
-0.000336
-0.000337
-0.000337
-0.000338
-0.000339
-0.000340
-0.000341
-0.000342
-0.000342
-0.000343
-0.000344
-0.000345
-0.000346
-0.000346
-0.000347
-0.000348
-0.000349
-0.000349
-0.000350
-0.000351
-0.000352
-0.000353
-0.000353
-0.000354
-0.000355
-0.000355
-0.000356
-0.000357
-0.000358
-0.000358
-0.000359
-0.000360
-0.000360
-0.000361
-0.000362
-0.000362
-0.000363
-0.000364
-0.000364
-0.000365
-0.000366
-0.000366
-0.000367
-0.000367
-0.000368
-0.000369
-0.000369
-0.000370
-0.000370
-0.000371
-0.000372
-0.000372
-0.000373
-0.000373
-0.000374
-0.000374
-0.000375
-0.000375
-0.000376
-0.000376
-0.000377
-0.000378
-0.000378
-0.000379
-0.000379
-0.000380
-0.000380
-0.000381
-0.000381
-0.000382
-0.000382
-0.000382
-0.000383
-0.000383
-0.000384
-0.000384
-0.000385
-0.000385
-0.000386
-0.000386
-0.000387
-0.000387
-0.000387
-0.000388
-0.000388
-0.000389
-0.000389
-0.000389
-0.000390
-0.000390
-0.000390
-0.000391
-0.000391
-0.000391
-0.000392
-0.000392
-0.000392
-0.000392
-0.000393
-0.000393
-0.000393
-0.000394
-0.000394
-0.000394
-0.000394
-0.000395
-0.000395
-0.000395
-0.000395
-0.000396
-0.000396
-0.000396
-0.000397
-0.000397
-0.000397
-0.000397
-0.000398
-0.000398
-0.000398
-0.000398
-0.000399
-0.000399
-0.000399
-0.000399
-0.000400
-0.000400
-0.000400
-0.000400
-0.000401
-0.000401
-0.000401
-0.000401
-0.000401
-0.000401
-0.000402
-0.000402
-0.000402
-0.000402
-0.000402
-0.000402
-0.000403
-0.000403
-0.000403
-0.000403
-0.000403
-0.000403
-0.000403
-0.000403
-0.000403
-0.000404
-0.000404
-0.000404
-0.000404
-0.000404
-0.000404
-0.000404
-0.000404
-0.000404
-0.000405
-0.000405
-0.000405
-0.000405
-0.000405
-0.000405
-0.000405
-0.000405
-0.000406
-0.000406
-0.000406
-0.000406
-0.000406
-0.000406
-0.000406
-0.000406
-0.000406
-0.000406
-0.000406
-0.000406
-0.000406
-0.000406
-0.000406
-0.000406
-0.000407
-0.000407
-0.000407
-0.000407
-0.000407
-0.000407
-0.000407
-0.000407
-0.000407
-0.000407
-0.000407
-0.000407
-0.000407
-0.000407
-0.000407
-0.000407
-0.000407
-0.000407
-0.000407
-0.000407
-0.000407
-0.000407
-0.000407
-0.000407
-0.000407
-0.000407
-0.000407
-0.000407
-0.000407
-0.000407
-0.000407
-0.000407
-0.000407
-0.000407
-0.000407
-0.000407
-0.000407
-0.000407
-0.000407
-0.000407
-0.000407
-0.000407
-0.000407
-0.000407
-0.000407
-0.000407
-0.000407
-0.000407
-0.000407
-0.000406
-0.000406
-0.000406
-0.000406
-0.000406
-0.000406
-0.000406
-0.000406
-0.000406
-0.000406
-0.000406
-0.000406
-0.000405
-0.000405
-0.000405
-0.000405
-0.000405
-0.000405
-0.000405
-0.000405
-0.000405
-0.000405
-0.000404
-0.000404
-0.000404
-0.000404
-0.000404
-0.000404
-0.000404
-0.000404
-0.000404
-0.000404
-0.000404
-0.000404
-0.000403
-0.000403
-0.000403
-0.000403
-0.000403
-0.000403
-0.000403
-0.000403
-0.000403
-0.000403
-0.000403
-0.000402
-0.000402
-0.000402
-0.000402
-0.000402
-0.000402
-0.000402
-0.000402
-0.000402
-0.000401
-0.000401
-0.000401
-0.000401
-0.000401
-0.000401
-0.000401
-0.000401
-0.000401
-0.000401
-0.000401
-0.000401
-0.000401
-0.000401
-0.000401
-0.000401
-0.000401
-0.000401
-0.000401
-0.000401
-0.000401
-0.000401
-0.000401
-0.000401
-0.000401
-0.000401
-0.000401
-0.000401
-0.000401
-0.000401
-0.000401
-0.000401
-0.000400
-0.000400
-0.000400
-0.000400
-0.000400
-0.000400
-0.000400
-0.000400
-0.000400
-0.000400
-0.000399
-0.000399
-0.000399
-0.000399
-0.000399
-0.000399
-0.000399
-0.000399
-0.000399
-0.000399
-0.000399
-0.000399
-0.000399
-0.000399
-0.000399
-0.000399
-0.000399
-0.000399
-0.000399
-0.000399
-0.000399
-0.000399
-0.000399
-0.000399
-0.000399
-0.000399
-0.000399
-0.000399
-0.000399
-0.000399
-0.000399
-0.000399
-0.000399
-0.000399
-0.000399
-0.000399
-0.000398
-0.000398
-0.000398
-0.000398
-0.000398
-0.000398
-0.000398
-0.000398
-0.000398
-0.000398
-0.000398
-0.000398
-0.000398
-0.000398
-0.000398
-0.000398
-0.000398
-0.000398
-0.000398
-0.000398
-0.000397
-0.000398
-0.000397
-0.000398
-0.000397
-0.000398
-0.000397
-0.000398
-0.000397
-0.000398
-0.000397
-0.000398
-0.000398
-0.000398
-0.000398
-0.000398
-0.000398
-0.000398
-0.000398
-0.000398
-0.000398
-0.000398
-0.000398
-0.000398
-0.000397
-0.000398
-0.000397
-0.000397
-0.000397
-0.000397
-0.000397
-0.000397
-0.000397
-0.000397
-0.000397
-0.000397
-0.000397
-0.000397
-0.000397
-0.000397
-0.000397
-0.000397
-0.000397
-0.000397
-0.000397
-0.000397
-0.000397
-0.000397
-0.000397
-0.000397
-0.000397
-0.000397
-0.000397
-0.000397
-0.000397
-0.000397
-0.000397
-0.000397
-0.000397
-0.000397
-0.000397
-0.000397
-0.000397
-0.000397
-0.000397
-0.000397
-0.000397
-0.000397
-0.000397
-0.000397
-0.000397
-0.000397
-0.000397
-0.000397
-0.000397
-0.000396
-0.000396
-0.000396
-0.000396
-0.000396
-0.000396
-0.000396
-0.000396
-0.000396
-0.000396
-0.000396
-0.000396
-0.000396
-0.000396
-0.000396
-0.000395
-0.000395
-0.000396
-0.000395
-0.000395
-0.000395
-0.000395
-0.000395
-0.000395
-0.000395
-0.000395
-0.000395
-0.000395
-0.000395
-0.000395
-0.000395
-0.000395
-0.000395
-0.000395
-0.000395
-0.000395
-0.000395
-0.000394
-0.000394
-0.000394
-0.000394
-0.000394
-0.000394
-0.000394
-0.000394
-0.000393
-0.000393
-0.000393
-0.000393
-0.000393
-0.000393
-0.000392
-0.000392
-0.000392
-0.000392
-0.000392
-0.000392
-0.000392
-0.000391
-0.000391
-0.000391
-0.000391
-0.000391
-0.000391
-0.000390
-0.000390
-0.000390
-0.000390
-0.000390
-0.000390
-0.000390
-0.000389
-0.000389
-0.000389
-0.000389
-0.000389
-0.000389
-0.000388
-0.000388
-0.000388
-0.000388
-0.000387
-0.000387
-0.000387
-0.000387
-0.000387
-0.000386
-0.000386
-0.000386
-0.000385
-0.000385
-0.000385
-0.000385
-0.000384
-0.000384
-0.000384
-0.000383
-0.000383
-0.000383
-0.000382
-0.000382
-0.000382
-0.000381
-0.000381
-0.000381
-0.000380
-0.000380
-0.000380
-0.000379
-0.000379
-0.000379
-0.000378
-0.000378
-0.000378
-0.000377
-0.000377
-0.000377
-0.000376
-0.000376
-0.000375
-0.000375
-0.000375
-0.000374
-0.000374
-0.000374
-0.000373
-0.000373
-0.000372
-0.000372
-0.000371
-0.000371
-0.000370
-0.000370
-0.000370
-0.000369
-0.000369
-0.000368
-0.000368
-0.000367
-0.000367
-0.000366
-0.000365
-0.000365
-0.000364
-0.000364
-0.000363
-0.000363
-0.000362
-0.000362
-0.000361
-0.000360
-0.000360
-0.000359
-0.000359
-0.000358
-0.000357
-0.000357
-0.000356
-0.000356
-0.000355
-0.000354
-0.000354
-0.000353
-0.000352
-0.000352
-0.000351
-0.000351
-0.000350
-0.000349
-0.000349
-0.000348
-0.000347
-0.000347
-0.000346
-0.000345
-0.000344
-0.000344
-0.000343
-0.000342
-0.000342
-0.000341
-0.000340
-0.000339
-0.000338
-0.000338
-0.000337
-0.000336
-0.000335
-0.000334
-0.000334
-0.000333
-0.000332
-0.000331
-0.000330
-0.000329
-0.000329
-0.000328
-0.000327
-0.000326
-0.000325
-0.000324
-0.000323
-0.000322
-0.000322
-0.000321
-0.000320
-0.000319
-0.000318
-0.000317
-0.000316
-0.000315
-0.000314
-0.000313
-0.000312
-0.000311
-0.000310
-0.000309
-0.000308
-0.000307
-0.000306
-0.000305
-0.000304
-0.000303
-0.000302
-0.000301
-0.000300
-0.000299
-0.000298
-0.000297
-0.000296
-0.000295
-0.000294
-0.000293
-0.000292
-0.000291
-0.000290
-0.000288
-0.000287
-0.000286
-0.000285
-0.000284
-0.000283
-0.000282
-0.000281
-0.000279
-0.000278
-0.000277
-0.000276
-0.000275
-0.000273
-0.000272
-0.000271
-0.000270
-0.000269
-0.000267
-0.000266
-0.000265
-0.000264
-0.000263
-0.000261
-0.000260
-0.000259
-0.000258
-0.000256
-0.000255
-0.000254
-0.000253
-0.000251
-0.000250
-0.000249
-0.000247
-0.000246
-0.000245
-0.000243
-0.000242
-0.000241
-0.000239
-0.000238
-0.000237
-0.000235
-0.000234
-0.000233
-0.000231
-0.000230
-0.000229
-0.000227
-0.000226
-0.000224
-0.000223
-0.000222
-0.000220
-0.000219
-0.000217
-0.000216
-0.000214
-0.000213
-0.000212
-0.000210
-0.000209
-0.000207
-0.000206
-0.000204
-0.000203
-0.000201
-0.000200
-0.000199
-0.000197
-0.000196
-0.000194
-0.000193
-0.000191
-0.000190
-0.000188
-0.000187
-0.000185
-0.000184
-0.000182
-0.000181
-0.000179
-0.000177
-0.000176
-0.000174
-0.000173
-0.000171
-0.000170
-0.000168
-0.000167
-0.000165
-0.000163
-0.000162
-0.000160
-0.000159
-0.000157
-0.000156
-0.000154
-0.000152
-0.000151
-0.000149
-0.000148
-0.000146
-0.000144
-0.000143
-0.000141
-0.000139
-0.000138
-0.000136
-0.000135
-0.000133
-0.000131
-0.000130
-0.000128
-0.000126
-0.000125
-0.000123
-0.000121
-0.000120
-0.000118
-0.000117
-0.000115
-0.000113
-0.000112
-0.000110
-0.000108
-0.000107
-0.000105
-0.000103
-0.000102
-0.000100
-0.000098
-0.000096
-0.000095
-0.000093
-0.000091
-0.000090
-0.000088
-0.000086
-0.000085
-0.000083
-0.000081
-0.000080
-0.000078
-0.000076
-0.000074
-0.000073
-0.000071
-0.000069
-0.000068
-0.000066
-0.000064
-0.000062
-0.000061
-0.000059
-0.000057
-0.000056
-0.000054
-0.000052
-0.000050
-0.000049
-0.000047
-0.000045
-0.000043
-0.000042
-0.000040
-0.000038
-0.000037
-0.000035
-0.000033
-0.000031
-0.000030
-0.000028
-0.000026
-0.000024
-0.000023
-0.000021
-0.000019
-0.000018
-0.000016
-0.000014
-0.000012
-0.000011
-0.000009
-0.000007
-0.000005
-0.000004
-0.000002
-0.000000
0.000002
0.000003
0.000005
0.000007
0.000008
0.000010
0.000012
0.000014
0.000015
0.000017
0.000019
0.000021
0.000022
0.000024
0.000026
0.000027
0.000029
0.000031
0.000033
0.000034
0.000036
0.000038
0.000040
0.000041
0.000043
0.000045
0.000046
0.000048
0.000050
0.000051
0.000053
0.000055
0.000057
0.000058
0.000060
0.000062
0.000063
0.000065
0.000067
0.000069
0.000070
0.000072
0.000074
0.000075
0.000077
0.000079
0.000080
0.000082
0.000084
0.000085
0.000087
0.000089
0.000090
0.000092
0.000094
0.000095
0.000097
0.000099
0.000100
0.000102
0.000104
0.000105
0.000107
0.000109
0.000110
0.000112
0.000113
0.000115
0.000117
0.000118
0.000120
0.000122
0.000123
0.000125
0.000126
0.000128
0.000130
0.000131
0.000133
0.000134
0.000136
0.000138
0.000139
0.000141
0.000142
0.000144
0.000145
0.000147
0.000149
0.000150
0.000152
0.000153
0.000155
0.000156
0.000158
0.000159
0.000161
0.000163
0.000164
0.000166
0.000167
0.000169
0.000170
0.000172
0.000173
0.000175
0.000176
0.000178
0.000179
0.000181
0.000182
0.000184
0.000185
0.000187
0.000188
0.000189
0.000191
0.000192
0.000194
0.000195
0.000197
0.000198
0.000200
0.000201
0.000202
0.000204
0.000205
0.000207
0.000208
0.000209
0.000211
0.000212
0.000214
0.000215
0.000216
0.000218
0.000219
0.000220
0.000222
0.000223
0.000224
0.000226
0.000227
0.000228
0.000229
0.000231
0.000232
0.000233
0.000235
0.000236
0.000237
0.000238
0.000239
0.000241
0.000242
0.000243
0.000244
0.000246
0.000247
0.000248
0.000249
0.000250
0.000252
0.000253
0.000254
0.000256
0.000257
0.000258
0.000259
0.000260
0.000262
0.000263
0.000264
0.000265
0.000267
0.000268
0.000269
0.000270
0.000271
0.000272
0.000274
0.000275
0.000276
0.000277
0.000278
0.000279
0.000280
0.000281
0.000283
0.000284
0.000285
0.000286
0.000287
0.000288
0.000289
0.000290
0.000291
0.000292
0.000293
0.000294
0.000295
0.000296
0.000297
0.000298
0.000299
0.000300
0.000301
0.000302
0.000303
0.000304
0.000305
0.000306
0.000307
0.000308
0.000309
0.000310
0.000311
0.000312
0.000313
0.000314
0.000315
0.000316
0.000317
0.000318
0.000319
0.000320
0.000321
0.000322
0.000323
0.000324
0.000325
0.000326
0.000327
0.000327
0.000328
0.000329
0.000330
0.000331
0.000332
0.000333
0.000334
0.000335
0.000335
0.000336
0.000337
0.000338
0.000338
0.000339
0.000340
0.000341
0.000342
0.000342
0.000343
0.000344
0.000345
0.000346
0.000346
0.000347
0.000348
0.000349
0.000350
0.000350
0.000351
0.000352
0.000353
0.000353
0.000354
0.000355
0.000356
0.000357
0.000357
0.000358
0.000359
0.000360
0.000360
0.000361
0.000362
0.000363
0.000363
0.000364
0.000365
0.000365
0.000366
0.000367
0.000367
0.000368
0.000369
0.000369
0.000370
0.000371
0.000371
0.000372
0.000373
0.000373
0.000374
0.000374
0.000375
0.000376
0.000376
0.000377
0.000377
0.000378
0.000379
0.000379
0.000380
0.000381
0.000381
0.000382
0.000383
0.000383
0.000384
0.000384
0.000385
0.000386
0.000386
0.000387
0.000387
0.000388
0.000389
0.000389
0.000390
0.000390
0.000391
0.000392
0.000392
0.000393
0.000393
0.000394
0.000394
0.000395
0.000395
0.000396
0.000396
0.000397
0.000398
0.000398
0.000399
0.000399
0.000400
0.000400
0.000401
0.000401
0.000402
0.000402
0.000403
0.000403
0.000404
0.000404
0.000405
0.000405
0.000406
0.000406
0.000407
0.000407
0.000408
0.000408
0.000409
0.000409
0.000410
0.000410
0.000411
0.000412
0.000412
0.000413
0.000413
0.000414
0.000414
0.000414
0.000415
0.000415
0.000416
0.000416
0.000417
0.000417
0.000418
0.000418
0.000419
0.000419
0.000420
0.000420
0.000421
0.000421
0.000421
0.000422
0.000422
0.000423
0.000423
0.000424
0.000424
0.000425
0.000425
0.000426
0.000426
0.000426
0.000427
0.000427
0.000428
0.000428
0.000429
0.000429
0.000430
0.000430
0.000431
0.000431
0.000431
0.000432
0.000432
0.000433
0.000433
0.000434
0.000434
0.000435
0.000435
0.000435
0.000436
0.000436
0.000437
0.000437
0.000438
0.000438
0.000438
0.000439
0.000439
0.000440
0.000440
0.000441
0.000441
0.000441
0.000442
0.000442
0.000443
0.000443
0.000443
0.000444
0.000444
0.000445
0.000445
0.000445
0.000446
0.000446
0.000447
0.000447
0.000447
0.000448
0.000448
0.000449
0.000449
0.000449
0.000450
0.000450
0.000451
0.000451
0.000452
0.000452
0.000452
0.000453
0.000453
0.000453
0.000454
0.000454
0.000455
0.000455
0.000455
0.000456
0.000456
0.000456
0.000457
0.000457
0.000458
0.000458
0.000458
0.000459
0.000459
0.000459
0.000460
0.000460
0.000460
0.000461
0.000461
0.000461
0.000462
0.000462
0.000462
0.000463
0.000463
0.000463
0.000464
0.000464
0.000464
0.000465
0.000465
0.000465
0.000466
0.000466
0.000466
0.000467
0.000467
0.000467
0.000468
0.000468
0.000468
0.000469
0.000469
0.000469
0.000469
0.000470
0.000470
0.000470
0.000471
0.000471
0.000471
0.000471
0.000472
0.000472
0.000472
0.000473
0.000473
0.000473
0.000473
0.000473
0.000474
0.000474
0.000474
0.000474
0.000475
0.000475
0.000475
0.000475
0.000476
0.000476
0.000476
0.000476
0.000476
0.000477
0.000477
0.000477
0.000477
0.000477
0.000478
0.000478
0.000478
0.000478
0.000478
0.000478
0.000479
0.000479
0.000479
0.000479
0.000479
0.000479
0.000479
0.000480
0.000480
0.000480
0.000480
0.000480
0.000480
0.000480
0.000480
0.000481
0.000481
0.000481
0.000481
0.000481
0.000481
0.000481
0.000481
0.000481
0.000481
0.000481
0.000481
0.000481
0.000481
0.000481
0.000481
0.000481
0.000481
0.000481
0.000481
0.000481
0.000481
0.000481
0.000481
0.000481
0.000481
0.000481
0.000481
0.000481
0.000481
0.000481
0.000481
0.000481
0.000481
0.000481
0.000481
0.000481
0.000480
0.000480
0.000480
0.000480
0.000480
0.000480
0.000480
0.000480
0.000479
0.000479
0.000479
0.000479
0.000479
0.000479
0.000478
0.000478
0.000478
0.000478
0.000478
0.000477
0.000477
0.000477
0.000477
0.000476
0.000476
0.000476
0.000476
0.000475
0.000475
0.000475
0.000474
0.000474
0.000474
0.000474
0.000473
0.000473
0.000473
0.000472
0.000472
0.000471
0.000471
0.000471
0.000470
0.000470
0.000470
0.000469
0.000469
0.000468
0.000468
0.000468
0.000467
0.000467
0.000466
0.000466
0.000465
0.000465
0.000464
0.000464
0.000463
0.000463
0.000462
0.000462
0.000461
0.000461
0.000460
0.000460
0.000459
0.000458
0.000458
0.000457
0.000457
0.000456
0.000455
0.000455
0.000454
0.000454
0.000453
0.000452
0.000452
0.000451
0.000450
0.000450
0.000449
0.000448
0.000448
0.000447
0.000446
0.000445
0.000445
0.000444
0.000443
0.000442
0.000442
0.000441
0.000440
0.000439
0.000438
0.000438
0.000437
0.000436
0.000435
0.000434
0.000433
0.000433
0.000432
0.000431
0.000430
0.000429
0.000428
0.000427
0.000426
0.000425
0.000424
0.000423
0.000423
0.000422
0.000421
0.000420
0.000419
0.000418
0.000417
0.000416
0.000415
0.000414
0.000413
0.000411
0.000410
0.000409
0.000408
0.000407
0.000406
0.000405
0.000404
0.000403
0.000402
0.000401
0.000399
0.000398
0.000397
0.000396
0.000395
0.000394
0.000392
0.000391
0.000390
0.000389
0.000388
0.000386
0.000385
0.000384
0.000383
0.000381
0.000380
0.000379
0.000378
0.000376
0.000375
0.000374
0.000372
0.000371
0.000370
0.000368
0.000367
0.000366
0.000364
0.000363
0.000362
0.000360
0.000359
0.000357
0.000356
0.000355
0.000353
0.000352
0.000350
0.000349
0.000347
0.000346
0.000344
0.000343
0.000342
0.000340
0.000339
0.000337
0.000336
0.000334
0.000332
0.000331
0.000329
0.000328
0.000326
0.000325
0.000323
0.000322
0.000320
0.000318
0.000317
0.000315
0.000314
0.000312
0.000310
0.000309
0.000307
0.000305
0.000304
0.000302
0.000300
0.000299
0.000297
0.000295
0.000294
0.000292
0.000290
0.000289
0.000287
0.000285
0.000283
0.000282
0.000280
0.000278
0.000276
0.000275
0.000273
0.000271
0.000269
0.000268
0.000266
0.000264
0.000262
0.000260
0.000258
0.000257
0.000255
0.000253
0.000251
0.000249
0.000247
0.000246
0.000244
0.000242
0.000240
0.000238
0.000236
0.000234
0.000233
0.000231
0.000229
0.000227
0.000225
0.000223
0.000221
0.000219
0.000217
0.000215
0.000213
0.000211
0.000209
0.000208
0.000206
0.000204
0.000202
0.000200
0.000198
0.000196
0.000194
0.000192
0.000190
0.000188
0.000186
0.000184
0.000182
0.000180
0.000178
0.000176
0.000174
0.000172
0.000170
0.000168
0.000166
0.000164
0.000162
0.000160
0.000158
0.000156
0.000153
0.000151
0.000149
0.000147
0.000145
0.000143
0.000141
0.000139
0.000137
0.000135
0.000133
0.000131
0.000129
0.000127
0.000125
0.000123
0.000120
0.000118
0.000116
0.000114
0.000112
0.000110
0.000108
0.000106
0.000104
0.000102
0.000100
0.000097
0.000095
0.000093
0.000091
0.000089
0.000087
0.000085
0.000083
0.000081
0.000079
0.000076
0.000074
0.000072
0.000070
0.000068
0.000066
0.000064
0.000062
0.000060
0.000058
0.000055
0.000053
0.000051
0.000049
0.000047
0.000045
0.000043
0.000041
0.000039
0.000037
0.000035
0.000033
0.000030
0.000028
0.000027
0.000024
0.000022
0.000020
0.000018
0.000016
0.000015
0.000013
0.000011
0.000009
0.000007
0.000005
0.000003
0.000001
-0.000001
-0.000003
-0.000005
-0.000008
-0.000009
-0.000012
-0.000014
-0.000016
-0.000018
-0.000020
-0.000022
-0.000024
-0.000026
-0.000028
-0.000030
-0.000032
-0.000034
-0.000036
-0.000038
-0.000040
-0.000042
-0.000044
-0.000046
-0.000048
-0.000050
-0.000052
-0.000054
-0.000056
-0.000058
-0.000060
-0.000062
-0.000064
-0.000066
-0.000068
-0.000070
-0.000072
-0.000074
-0.000076
-0.000078
-0.000080
-0.000082
-0.000084
-0.000086
-0.000088
-0.000090
-0.000092
-0.000093
-0.000095
-0.000097
-0.000099
-0.000101
-0.000103
-0.000105
-0.000107
-0.000109
-0.000111
-0.000112
-0.000114
-0.000116
-0.000118
-0.000120
-0.000122
-0.000123
-0.000125
-0.000127
-0.000129
-0.000131
-0.000133
-0.000134
-0.000136
-0.000138
-0.000140
-0.000141
-0.000143
-0.000145
-0.000147
-0.000149
-0.000150
-0.000152
-0.000154
-0.000156
-0.000157
-0.000159
-0.000161
-0.000162
-0.000164
-0.000166
-0.000168
-0.000169
-0.000171
-0.000173
-0.000174
-0.000176
-0.000178
-0.000179
-0.000181
-0.000182
-0.000184
-0.000186
-0.000187
-0.000189
-0.000190
-0.000192
-0.000194
-0.000195
-0.000197
-0.000198
-0.000200
-0.000201
-0.000203
-0.000204
-0.000206
-0.000207
-0.000209
-0.000210
-0.000212
-0.000213
-0.000215
-0.000216
-0.000218
-0.000219
-0.000221
-0.000222
-0.000224
-0.000225
-0.000227
-0.000228
-0.000229
-0.000231
-0.000232
-0.000234
-0.000235
-0.000236
-0.000238
-0.000239
-0.000240
-0.000242
-0.000243
-0.000244
-0.000246
-0.000247
-0.000248
-0.000250
-0.000251
-0.000252
-0.000253
-0.000255
-0.000256
-0.000257
-0.000258
-0.000260
-0.000261
-0.000262
-0.000263
-0.000265
-0.000266
-0.000267
-0.000268
-0.000269
-0.000270
-0.000272
-0.000273
-0.000274
-0.000275
-0.000276
-0.000277
-0.000278
-0.000280
-0.000281
-0.000282
-0.000283
-0.000284
-0.000285
-0.000286
-0.000287
-0.000288
-0.000289
-0.000290
-0.000291
-0.000293
-0.000294
-0.000295
-0.000296
-0.000297
-0.000298
-0.000299
-0.000300
-0.000301
-0.000302
-0.000303
-0.000304
-0.000305
-0.000306
-0.000307
-0.000308
-0.000309
-0.000310
-0.000311
-0.000312
-0.000312
-0.000313
-0.000314
-0.000315
-0.000316
-0.000317
-0.000318
-0.000319
-0.000319
-0.000320
-0.000321
-0.000322
-0.000323
-0.000323
-0.000324
-0.000325
-0.000326
-0.000327
-0.000327
-0.000328
-0.000329
-0.000330
-0.000330
-0.000331
-0.000332
-0.000333
-0.000333
-0.000334
-0.000335
-0.000335
-0.000336
-0.000337
-0.000338
-0.000338
-0.000339
-0.000340
-0.000340
-0.000341
-0.000342
-0.000342
-0.000343
-0.000344
-0.000344
-0.000345
-0.000346
-0.000346
-0.000347
-0.000347
-0.000348
-0.000349
-0.000349
-0.000350
-0.000350
-0.000351
-0.000351
-0.000352
-0.000352
-0.000353
-0.000353
-0.000354
-0.000354
-0.000355
-0.000355
-0.000355
-0.000356
-0.000356
-0.000357
-0.000357
-0.000358
-0.000358
-0.000359
-0.000359
-0.000360
-0.000360
-0.000361
-0.000361
-0.000361
-0.000362
-0.000362
-0.000363
-0.000363
-0.000364
-0.000364
-0.000364
-0.000365
-0.000365
-0.000366
-0.000366
-0.000367
-0.000367
-0.000367
-0.000368
-0.000368
-0.000368
-0.000369
-0.000369
-0.000369
-0.000370
-0.000370
-0.000370
-0.000371
-0.000371
-0.000371
-0.000371
-0.000372
-0.000372
-0.000372
-0.000372
-0.000373
-0.000373
-0.000373
-0.000374
-0.000374
-0.000374
-0.000374
-0.000375
-0.000375
-0.000375
-0.000375
-0.000376
-0.000376
-0.000376
-0.000377
-0.000377
-0.000377
-0.000377
-0.000378
-0.000378
-0.000378
-0.000378
-0.000378
-0.000379
-0.000379
-0.000379
-0.000379
-0.000379
-0.000380
-0.000380
-0.000380
-0.000380
-0.000380
-0.000381
-0.000381
-0.000381
-0.000381
-0.000381
-0.000381
-0.000381
-0.000382
-0.000382
-0.000382
-0.000382
-0.000382
-0.000382
-0.000382
-0.000383
-0.000383
-0.000383
-0.000383
-0.000383
-0.000383
-0.000383
-0.000384
-0.000384
-0.000384
-0.000384
-0.000384
-0.000384
-0.000384
-0.000384
-0.000385
-0.000385
-0.000385
-0.000385
-0.000385
-0.000385
-0.000385
-0.000385
-0.000385
-0.000386
-0.000386
-0.000386
-0.000386
-0.000386
-0.000386
-0.000386
-0.000386
-0.000386
-0.000386
-0.000386
-0.000386
-0.000386
-0.000386
-0.000386
-0.000387
-0.000387
-0.000387
-0.000387
-0.000387
-0.000387
-0.000387
-0.000387
-0.000387
-0.000387
-0.000387
-0.000387
-0.000387
-0.000387
-0.000387
-0.000387
-0.000387
-0.000387
-0.000387
-0.000387
-0.000387
-0.000387
-0.000387
-0.000387
-0.000387
-0.000387
-0.000387
-0.000387
-0.000387
-0.000387
-0.000387
-0.000387
-0.000387
-0.000387
-0.000387
-0.000387
-0.000387
-0.000387
-0.000387
-0.000387
-0.000387
-0.000387
-0.000387
-0.000387
-0.000387
-0.000386
-0.000386
-0.000386
-0.000386
-0.000386
-0.000386
-0.000386
-0.000386
-0.000386
-0.000386
-0.000386
-0.000386
-0.000386
-0.000386
-0.000386
-0.000386
-0.000386
-0.000387
-0.000387
-0.000387
-0.000387
-0.000387
-0.000387
-0.000387
-0.000387
-0.000387
-0.000387
-0.000387
-0.000387
-0.000387
-0.000387
-0.000387
-0.000387
-0.000387
-0.000387
-0.000387
-0.000387
-0.000387
-0.000387
-0.000387
-0.000387
-0.000387
-0.000387
-0.000387
-0.000387
-0.000387
-0.000387
-0.000387
-0.000387
-0.000387
-0.000387
-0.000387
-0.000387
-0.000387
-0.000387
-0.000387
-0.000387
-0.000387
-0.000387
-0.000387
-0.000387
-0.000387
-0.000387
-0.000387
-0.000387
-0.000387
-0.000387
-0.000387
-0.000387
-0.000388
-0.000388
-0.000388
-0.000388
-0.000388
-0.000388
-0.000388
-0.000388
-0.000388
-0.000388
-0.000388
-0.000388
-0.000388
-0.000388
-0.000388
-0.000388
-0.000388
-0.000388
-0.000388
-0.000388
-0.000388
-0.000388
-0.000388
-0.000388
-0.000388
-0.000388
-0.000388
-0.000388
-0.000388
-0.000388
-0.000388
-0.000388
-0.000388
-0.000388
-0.000388
-0.000388
-0.000388
-0.000388
-0.000388
-0.000388
-0.000388
-0.000388
-0.000388
-0.000388
-0.000389
-0.000389
-0.000389
-0.000389
-0.000389
-0.000389
-0.000389
-0.000389
-0.000389
-0.000389
-0.000389
-0.000389
-0.000389
-0.000389
-0.000389
-0.000389
-0.000389
-0.000389
-0.000389
-0.000389
-0.000389
-0.000389
-0.000389
-0.000389
-0.000389
-0.000389
-0.000389
-0.000389
-0.000389
-0.000389
-0.000389
-0.000389
-0.000389
-0.000389
-0.000389
-0.000389
-0.000389
-0.000389
-0.000389
-0.000389
-0.000389
-0.000389
-0.000390
-0.000390
-0.000390
-0.000390
-0.000390
-0.000390
-0.000390
-0.000390
-0.000390
-0.000390
-0.000390
-0.000390
-0.000390
-0.000390
-0.000390
-0.000390
-0.000390
-0.000390
-0.000390
-0.000390
-0.000390
-0.000390
-0.000390
-0.000390
-0.000390
-0.000390
-0.000390
-0.000390
-0.000390
-0.000390
-0.000390
-0.000390
-0.000390
-0.000390
-0.000390
-0.000390
-0.000390
-0.000390
-0.000390
-0.000390
-0.000390
-0.000390
-0.000390
-0.000390
-0.000389
-0.000389
-0.000390
-0.000389
-0.000389
-0.000389
-0.000389
-0.000389
-0.000389
-0.000389
-0.000389
-0.000389
-0.000389
-0.000389
-0.000389
-0.000389
-0.000389
-0.000389
-0.000389
-0.000389
-0.000389
-0.000389
-0.000389
-0.000389
-0.000389
-0.000389
-0.000388
-0.000388
-0.000388
-0.000388
-0.000388
-0.000388
-0.000388
-0.000388
-0.000387
-0.000387
-0.000387
-0.000387
-0.000387
-0.000387
-0.000387
-0.000386
-0.000386
-0.000386
-0.000386
-0.000386
-0.000386
-0.000386
-0.000386
-0.000385
-0.000385
-0.000385
-0.000385
-0.000385
-0.000385
-0.000385
-0.000384
-0.000384
-0.000384
-0.000384
-0.000384
-0.000384
-0.000383
-0.000383
-0.000383
-0.000383
-0.000383
-0.000382
-0.000382
-0.000382
-0.000382
-0.000381
-0.000381
-0.000381
-0.000381
-0.000380
-0.000380
-0.000380
-0.000379
-0.000379
-0.000379
-0.000379
-0.000378
-0.000378
-0.000378
-0.000377
-0.000377
-0.000377
-0.000376
-0.000376
-0.000376
-0.000375
-0.000375
-0.000375
-0.000374
-0.000374
-0.000374
-0.000373
-0.000373
-0.000373
-0.000372
-0.000372
-0.000372
-0.000371
-0.000371
-0.000370
-0.000370
-0.000370
-0.000369
-0.000369
-0.000368
-0.000368
-0.000368
-0.000367
-0.000367
-0.000366
-0.000366
-0.000365
-0.000365
-0.000364
-0.000364
-0.000363
-0.000363
-0.000362
-0.000362
-0.000361
-0.000361
-0.000360
-0.000360
-0.000359
-0.000358
-0.000358
-0.000357
-0.000357
-0.000356
-0.000356
-0.000355
-0.000354
-0.000354
-0.000353
-0.000353
-0.000352
-0.000351
-0.000351
-0.000350
-0.000350
-0.000349
-0.000348
-0.000348
-0.000347
-0.000346
-0.000346
-0.000345
-0.000344
-0.000344
-0.000343
-0.000342
-0.000342
-0.000341
-0.000340
-0.000340
-0.000339
-0.000338
-0.000337
-0.000337
-0.000336
-0.000335
-0.000334
-0.000334
-0.000333
-0.000332
-0.000331
-0.000330
-0.000329
-0.000329
-0.000328
-0.000327
-0.000326
-0.000325
-0.000324
-0.000324
-0.000323
-0.000322
-0.000321
-0.000320
-0.000319
-0.000318
-0.000317
-0.000316
-0.000316
-0.000315
-0.000314
-0.000313
-0.000312
-0.000311
-0.000310
-0.000309
-0.000308
-0.000307
-0.000306
-0.000305
-0.000304
-0.000303
-0.000302
-0.000301
-0.000300
-0.000299
-0.000298
-0.000297
-0.000296
-0.000295
-0.000294
-0.000293
-0.000292
-0.000291
-0.000290
-0.000289
-0.000288
-0.000287
-0.000285
-0.000284
-0.000283
-0.000282
-0.000281
-0.000280
-0.000279
-0.000277
-0.000276
-0.000275
-0.000274
-0.000273
-0.000272
-0.000270
-0.000269
-0.000268
-0.000267
-0.000266
-0.000264
-0.000263
-0.000262
-0.000261
-0.000260
-0.000258
-0.000257
-0.000256
-0.000255
-0.000253
-0.000252
-0.000251
-0.000250
-0.000248
-0.000247
-0.000246
-0.000244
-0.000243
-0.000242
-0.000241
-0.000239
-0.000238
-0.000237
-0.000235
-0.000234
-0.000232
-0.000231
-0.000230
-0.000228
-0.000227
-0.000226
-0.000224
-0.000223
-0.000221
-0.000220
-0.000219
-0.000217
-0.000216
-0.000214
-0.000213
-0.000212
-0.000210
-0.000209
-0.000207
-0.000206
-0.000204
-0.000203
-0.000201
-0.000200
-0.000199
-0.000197
-0.000196
-0.000194
-0.000193
-0.000191
-0.000190
-0.000188
-0.000187
-0.000185
-0.000184
-0.000182
-0.000181
-0.000179
-0.000178
-0.000176
-0.000175
-0.000173
-0.000172
-0.000170
-0.000168
-0.000167
-0.000165
-0.000164
-0.000162
-0.000161
-0.000159
-0.000157
-0.000156
-0.000154
-0.000153
-0.000151
-0.000150
-0.000148
-0.000146
-0.000145
-0.000143
-0.000142
-0.000140
-0.000138
-0.000137
-0.000135
-0.000133
-0.000132
-0.000130
-0.000129
-0.000127
-0.000125
-0.000124
-0.000122
-0.000120
-0.000119
-0.000117
-0.000115
-0.000114
-0.000112
-0.000111
-0.000109
-0.000107
-0.000106
-0.000104
-0.000102
-0.000101
-0.000099
-0.000097
-0.000095
-0.000094
-0.000092
-0.000090
-0.000089
-0.000087
-0.000085
-0.000084
-0.000082
-0.000080
-0.000079
-0.000077
-0.000075
-0.000073
-0.000072
-0.000070
-0.000068
-0.000067
-0.000065
-0.000063
-0.000061
-0.000060
-0.000058
-0.000056
-0.000055
-0.000053
-0.000051
-0.000049
-0.000048
-0.000046
-0.000044
-0.000043
-0.000041
-0.000039
-0.000037
-0.000036
-0.000034
-0.000032
-0.000031
-0.000029
-0.000027
-0.000025
-0.000024
-0.000022
-0.000020
-0.000018
-0.000017
-0.000015
-0.000013
-0.000012
-0.000010
-0.000008
-0.000006
-0.000005
-0.000003
-0.000001
0.000001
0.000002
0.000004
0.000006
0.000008
0.000009
0.000011
0.000013
0.000014
0.000016
0.000018
0.000020
0.000021
0.000023
0.000025
0.000026
0.000028
0.000030
0.000032
0.000033
0.000035
0.000037
0.000038
0.000040
0.000042
0.000044
0.000045
0.000047
0.000049
0.000050
0.000052
0.000054
0.000056
0.000057
0.000059
0.000061
0.000062
0.000064
0.000066
0.000067
0.000069
0.000071
0.000073
0.000074
0.000076
0.000078
0.000079
0.000081
0.000083
0.000084
0.000086
0.000088
0.000089
0.000091
0.000093
0.000094
0.000096
0.000098
0.000099
0.000101
0.000103
0.000104
0.000106
0.000107
0.000109
0.000111
0.000112
0.000114
0.000116
0.000117
0.000119
0.000120
0.000122
0.000124
0.000125
0.000127
0.000129
0.000130
0.000132
0.000133
0.000135
0.000136
0.000138
0.000140
0.000141
0.000143
0.000144
0.000146
0.000148
0.000149
0.000151
0.000152
0.000154
0.000155
0.000157
0.000158
0.000160
0.000161
0.000163
0.000165
0.000166
0.000168
0.000169
0.000171
0.000172
0.000174
0.000175
0.000177
0.000178
0.000180
0.000181
0.000183
0.000184
0.000185
0.000187
0.000188
0.000190
0.000191
0.000193
0.000194
0.000196
0.000197
0.000199
0.000200
0.000201
0.000203
0.000204
0.000206
0.000207
0.000208
0.000210
0.000211
0.000213
0.000214
0.000215
0.000217
0.000218
0.000220
0.000221
0.000222
0.000223
0.000225
0.000226
0.000227
0.000229
0.000230
0.000231
0.000232
0.000234
0.000235
0.000236
0.000237
0.000239
0.000240
0.000241
0.000242
0.000243
0.000245
0.000246
0.000247
0.000248
0.000250
0.000251
0.000252
0.000253
0.000255
0.000256
0.000257
0.000258
0.000260
0.000261
0.000262
0.000263
0.000264
0.000266
0.000267
0.000268
0.000269
0.000270
0.000272
0.000273
0.000274
0.000275
0.000276
0.000277
0.000278
0.000279
0.000281
0.000282
0.000283
0.000284
0.000285
0.000286
0.000287
0.000288
0.000289
0.000290
0.000291
0.000292
0.000293
0.000294
0.000296
0.000297
0.000298
0.000299
0.000300
0.000301
0.000302
0.000303
0.000304
0.000305
0.000305
0.000306
0.000308
0.000308
0.000309
0.000310
0.000311
0.000312
0.000313
0.000314
0.000315
0.000316
0.000317
0.000318
0.000319
0.000320
0.000321
0.000322
0.000323
0.000324
0.000325
0.000326
0.000327
0.000328
0.000329
0.000330
0.000330
0.000331
0.000332
0.000333
0.000334
0.000335
0.000336
0.000336
0.000337
0.000338
0.000339
0.000340
0.000340
0.000341
0.000342
0.000343
0.000343
0.000344
0.000345
0.000346
0.000347
0.000347
0.000348
0.000349
0.000350
0.000351
0.000351
0.000352
0.000353
0.000354
0.000354
0.000355
0.000356
0.000357
0.000358
0.000358
0.000359
0.000360
0.000361
0.000361
0.000362
0.000363
0.000364
0.000364
0.000365
0.000366
0.000366
0.000367
0.000368
0.000368
0.000369
0.000370
0.000370
0.000371
0.000371
0.000372
0.000373
0.000373
0.000374
0.000375
0.000375
0.000376
0.000376
0.000377
0.000378
0.000378
0.000379
0.000380
0.000380
0.000381
0.000381
0.000382
0.000383
0.000383
0.000384
0.000385
0.000385
0.000386
0.000386
0.000387
0.000388
0.000388
0.000389
0.000389
0.000390
0.000391
0.000391
0.000392
0.000392
0.000393
0.000393
0.000394
0.000395
0.000395
0.000396
0.000396
0.000397
0.000397
0.000398
0.000398
0.000399
0.000399
0.000400
0.000400
0.000401
0.000401
0.000402
0.000402
0.000403
0.000403
0.000404
0.000404
0.000405
0.000405
0.000406
0.000406
0.000407
0.000407
0.000408
0.000409
0.000409
0.000410
0.000410
0.000411
0.000411
0.000412
0.000412
0.000413
0.000413
0.000414
0.000414
0.000415
0.000415
0.000416
0.000416
0.000417
0.000417
0.000417
0.000418
0.000418
0.000419
0.000419
0.000420
0.000420
0.000421
0.000421
0.000422
0.000422
0.000422
0.000423
0.000423
0.000424
0.000424
0.000425
0.000425
0.000426
0.000426
0.000427
0.000427
0.000427
0.000428
0.000428
0.000429
0.000429
0.000430
0.000430
0.000431
0.000431
0.000432
0.000432
0.000432
0.000433
0.000433
0.000434
0.000434
0.000435
0.000435
0.000436
0.000436
0.000436
0.000437
0.000437
0.000438
0.000438
0.000439
0.000439
0.000439
0.000440
0.000440
0.000441
0.000441
0.000441
0.000442
0.000442
0.000443
0.000443
0.000443
0.000444
0.000444
0.000445
0.000445
0.000446
0.000446
0.000446
0.000447
0.000447
0.000448
0.000448
0.000448
0.000449
0.000449
0.000450
0.000450
0.000450
0.000451
0.000451
0.000452
0.000452
0.000452
0.000453
0.000453
0.000454
0.000454
0.000454
0.000455
0.000455
0.000455
0.000456
0.000456
0.000457
0.000457
0.000457
0.000458
0.000458
0.000458
0.000459
0.000459
0.000459
0.000460
0.000460
0.000460
0.000461
0.000461
0.000461
0.000462
0.000462
0.000462
0.000463
0.000463
0.000464
0.000464
0.000464
0.000465
0.000465
0.000465
0.000465
0.000466
0.000466
0.000466
0.000467
0.000467
0.000467
0.000468
0.000468
0.000468
0.000469
0.000469
0.000469
0.000470
0.000470
0.000470
0.000470
0.000471
0.000471
0.000471
0.000472
0.000472
0.000472
0.000472
0.000473
0.000473
0.000473
0.000473
0.000474
0.000474
0.000474
0.000474
0.000474
0.000475
0.000475
0.000475
0.000475
0.000476
0.000476
0.000476
0.000476
0.000476
0.000477
0.000477
0.000477
0.000477
0.000477
0.000478
0.000478
0.000478
0.000478
0.000478
0.000478
0.000479
0.000479
0.000479
0.000479
0.000479
0.000479
0.000480
0.000480
0.000480
0.000480
0.000480
0.000480
0.000480
0.000480
0.000480
0.000481
0.000481
0.000481
0.000481
0.000481
0.000481
0.000481
0.000481
0.000481
0.000481
0.000481
0.000481
0.000481
0.000481
0.000481
0.000481
0.000481
0.000481
0.000481
0.000481
0.000481
0.000481
0.000481
0.000481
0.000481
0.000481
0.000481
0.000481
0.000481
0.000481
0.000481
0.000481
0.000481
0.000481
0.000481
0.000481
0.000481
0.000480
0.000480
0.000480
0.000480
0.000480
0.000480
0.000480
0.000480
0.000479
0.000479
0.000479
0.000479
0.000479
0.000479
0.000478
0.000478
0.000478
0.000478
0.000478
0.000477
0.000477
0.000477
0.000477
0.000476
0.000476
0.000476
0.000476
0.000475
0.000475
0.000475
0.000474
0.000474
0.000474
0.000474
0.000473
0.000473
0.000473
0.000472
0.000472
0.000472
0.000471
0.000471
0.000470
0.000470
0.000470
0.000469
0.000469
0.000468
0.000468
0.000468
0.000467
0.000467
0.000466
0.000466
0.000465
0.000465
0.000464
0.000464
0.000463
0.000463
0.000462
0.000462
0.000461
0.000461
0.000460
0.000460
0.000459
0.000458
0.000458
0.000457
0.000457
0.000456
0.000455
0.000455
0.000454
0.000454
0.000453
0.000452
0.000452
0.000451
0.000450
0.000450
0.000449
0.000448
0.000448
0.000447
0.000446
0.000445
0.000445
0.000444
0.000443
0.000442
0.000442
0.000441
0.000440
0.000439
0.000438
0.000438
0.000437
0.000436
0.000435
0.000434
0.000433
0.000433
0.000432
0.000431
0.000430
0.000429
0.000428
0.000427
0.000426
0.000425
0.000424
0.000424
0.000423
0.000422
0.000421
0.000420
0.000419
0.000418
0.000417
0.000416
0.000415
0.000414
0.000413
0.000412
0.000410
0.000409
0.000408
0.000407
0.000406
0.000405
0.000404
0.000403
0.000402
0.000401
0.000399
0.000398
0.000397
0.000396
0.000395
0.000394
0.000393
0.000391
0.000390
0.000389
0.000388
0.000386
0.000385
0.000384
0.000383
0.000381
0.000380
0.000379
0.000378
0.000376
0.000375
0.000374
0.000372
0.000371
0.000370
0.000368
0.000367
0.000366
0.000364
0.000363
0.000362
0.000360
0.000359
0.000357
0.000356
0.000355
0.000353
0.000352
0.000350
0.000349
0.000347
0.000346
0.000344
0.000343
0.000342
0.000340
0.000339
0.000337
0.000336
0.000334
0.000332
0.000331
0.000329
0.000328
0.000326
0.000325
0.000323
0.000322
0.000320
0.000318
0.000317
0.000315
0.000314
0.000312
0.000310
0.000309
0.000307
0.000305
0.000304
0.000302
0.000300
0.000299
0.000297
0.000295
0.000294
0.000292
0.000290
0.000289
0.000287
0.000285
0.000283
0.000282
0.000280
0.000278
0.000276
0.000275
0.000273
0.000271
0.000269
0.000268
0.000266
0.000264
0.000262
0.000260
0.000259
0.000257
0.000255
0.000253
0.000251
0.000249
0.000248
0.000246
0.000244
0.000242
0.000240
0.000238
0.000236
0.000234
0.000233
0.000231
0.000229
0.000227
0.000225
0.000223
0.000221
0.000219
0.000217
0.000215
0.000213
0.000211
0.000209
0.000208
0.000206
0.000204
0.000202
0.000200
0.000198
0.000196
0.000194
0.000192
0.000190
0.000188
0.000186
0.000184
0.000182
0.000180
0.000178
0.000176
0.000174
0.000172
0.000170
0.000168
0.000166
0.000164
0.000162
0.000160
0.000158
0.000156
0.000153
0.000151
0.000149
0.000147
0.000145
0.000143
0.000141
0.000139
0.000137
0.000135
0.000133
0.000131
0.000129
0.000127
0.000125
0.000123
0.000120
0.000118
0.000116
0.000114
0.000112
0.000110
0.000108
0.000106
0.000104
0.000102
0.000100
0.000097
0.000095
0.000093
0.000091
0.000089
0.000087
0.000085
0.000083
0.000081
0.000079
0.000076
0.000074
0.000072
0.000070
0.000068
0.000066
0.000064
0.000062
0.000060
0.000058
0.000055
0.000053
0.000051
0.000049
0.000047
0.000045
0.000043
0.000041
0.000039
0.000037
0.000035
0.000033
0.000030
0.000028
0.000027
0.000024
0.000023
0.000020
0.000019
0.000016
0.000015
0.000013
0.000011
0.000009
0.000007
0.000005
0.000003
0.000001
-0.000001
-0.000003
-0.000005
-0.000008
-0.000009
-0.000012
-0.000014
-0.000016
-0.000018
-0.000020
-0.000022
-0.000024
-0.000026
-0.000028
-0.000030
-0.000032
-0.000034
-0.000036
-0.000038
-0.000040
-0.000042
-0.000044
-0.000046
-0.000048
-0.000050
-0.000052
-0.000054
-0.000056
-0.000058
-0.000060
-0.000062
-0.000064
-0.000066
-0.000068
-0.000070
-0.000072
-0.000074
-0.000076
-0.000078
-0.000080
-0.000082
-0.000084
-0.000086
-0.000088
-0.000090
-0.000092
-0.000093
-0.000095
-0.000097
-0.000099
-0.000101
-0.000103
-0.000105
-0.000107
-0.000109
-0.000111
-0.000112
-0.000114
-0.000116
-0.000118
-0.000120
-0.000122
-0.000123
-0.000125
-0.000127
-0.000129
-0.000131
-0.000133
-0.000134
-0.000136
-0.000138
-0.000140
-0.000141
-0.000143
-0.000145
-0.000147
-0.000149
-0.000150
-0.000152
-0.000154
-0.000156
-0.000157
-0.000159
-0.000161
-0.000162
-0.000164
-0.000166
-0.000168
-0.000169
-0.000171
-0.000173
-0.000174
-0.000176
-0.000178
-0.000179
-0.000181
-0.000182
-0.000184
-0.000186
-0.000187
-0.000189
-0.000190
-0.000192
-0.000194
-0.000195
-0.000197
-0.000198
-0.000200
-0.000201
-0.000203
-0.000204
-0.000206
-0.000207
-0.000209
-0.000210
-0.000212
-0.000213
-0.000215
-0.000216
-0.000218
-0.000219
-0.000221
-0.000222
-0.000224
-0.000225
-0.000227
-0.000228
-0.000229
-0.000231
-0.000232
-0.000234
-0.000235
-0.000236
-0.000238
-0.000239
-0.000240
-0.000242
-0.000243
-0.000244
-0.000246
-0.000247
-0.000248
-0.000250
-0.000251
-0.000252
-0.000253
-0.000255
-0.000256
-0.000257
-0.000258
-0.000260
-0.000261
-0.000262
-0.000263
-0.000265
-0.000266
-0.000267
-0.000268
-0.000269
-0.000270
-0.000272
-0.000273
-0.000274
-0.000275
-0.000276
-0.000277
-0.000278
-0.000280
-0.000281
-0.000282
-0.000283
-0.000284
-0.000285
-0.000286
-0.000287
-0.000288
-0.000289
-0.000290
-0.000291
-0.000293
-0.000294
-0.000295
-0.000296
-0.000297
-0.000298
-0.000299
-0.000300
-0.000301
-0.000302
-0.000303
-0.000304
-0.000305
-0.000306
-0.000307
-0.000308
-0.000309
-0.000310
-0.000311
-0.000312
-0.000312
-0.000313
-0.000314
-0.000315
-0.000316
-0.000317
-0.000318
-0.000319
-0.000319
-0.000320
-0.000321
-0.000322
-0.000323
-0.000323
-0.000324
-0.000325
-0.000326
-0.000327
-0.000327
-0.000328
-0.000329
-0.000330
-0.000330
-0.000331
-0.000332
-0.000333
-0.000333
-0.000334
-0.000335
-0.000335
-0.000336
-0.000337
-0.000338
-0.000338
-0.000339
-0.000340
-0.000340
-0.000341
-0.000342
-0.000342
-0.000343
-0.000344
-0.000344
-0.000345
-0.000346
-0.000346
-0.000347
-0.000347
-0.000348
-0.000348
-0.000349
-0.000350
-0.000350
-0.000351
-0.000351
-0.000352
-0.000352
-0.000353
-0.000353
-0.000354
-0.000354
-0.000355
-0.000355
-0.000355
-0.000356
-0.000356
-0.000357
-0.000357
-0.000358
-0.000358
-0.000359
-0.000359
-0.000360
-0.000360
-0.000361
-0.000361
-0.000361
-0.000362
-0.000362
-0.000363
-0.000363
-0.000364
-0.000364
-0.000364
-0.000365
-0.000365
-0.000366
-0.000366
-0.000367
-0.000367
-0.000367
-0.000368
-0.000368
-0.000368
-0.000369
-0.000369
-0.000369
-0.000370
-0.000370
-0.000370
-0.000371
-0.000371
-0.000371
-0.000371
-0.000372
-0.000372
-0.000372
-0.000372
-0.000373
-0.000373
-0.000373
-0.000374
-0.000374
-0.000374
-0.000374
-0.000375
-0.000375
-0.000375
-0.000375
-0.000376
-0.000376
-0.000376
-0.000377
-0.000377
-0.000377
-0.000377
-0.000378
-0.000378
-0.000378
-0.000378
-0.000378
-0.000379
-0.000379
-0.000379
-0.000379
-0.000379
-0.000380
-0.000380
-0.000380
-0.000380
-0.000380
-0.000381
-0.000381
-0.000381
-0.000381
-0.000381
-0.000381
-0.000381
-0.000382
-0.000382
-0.000382
-0.000382
-0.000382
-0.000382
-0.000382
-0.000383
-0.000383
-0.000383
-0.000383
-0.000383
-0.000383
-0.000383
-0.000384
-0.000384
-0.000384
-0.000384
-0.000384
-0.000384
-0.000384
-0.000384
-0.000385
-0.000385
-0.000385
-0.000385
-0.000385
-0.000385
-0.000385
-0.000385
-0.000385
-0.000386
-0.000386
-0.000386
-0.000386
-0.000386
-0.000386
-0.000386
-0.000386
-0.000386
-0.000386
-0.000386
-0.000386
-0.000386
-0.000386
-0.000386
-0.000387
-0.000387
-0.000387
-0.000387
-0.000387
-0.000387
-0.000387
-0.000387
-0.000387
-0.000387
-0.000387
-0.000387
-0.000387
-0.000387
-0.000387
-0.000387
-0.000387
-0.000387
-0.000387
-0.000387
-0.000387
-0.000387
-0.000387
-0.000387
-0.000387
-0.000387
-0.000387
-0.000387
-0.000387
-0.000387
-0.000387
-0.000387
-0.000387
-0.000387
-0.000387
-0.000387
-0.000387
-0.000387
-0.000387
-0.000387
-0.000387
-0.000387
-0.000387
-0.000387
-0.000387
-0.000386
-0.000386
-0.000386
-0.000386
-0.000386
-0.000386
-0.000386
-0.000386
-0.000386
-0.000386
-0.000386
-0.000386
-0.000386
-0.000386
-0.000386
-0.000386
-0.000386
-0.000387
-0.000387
-0.000387
-0.000387
-0.000387
-0.000387
-0.000387
-0.000387
-0.000387
-0.000387
-0.000387
-0.000387
-0.000387
-0.000387
-0.000387
-0.000387
-0.000387
-0.000387
-0.000387
-0.000387
-0.000387
-0.000387
-0.000387
-0.000387
-0.000387
-0.000387
-0.000387
-0.000387
-0.000387
-0.000387
-0.000387
-0.000387
-0.000387
-0.000387
-0.000387
-0.000387
-0.000387
-0.000387
-0.000387
-0.000387
-0.000387
-0.000387
-0.000387
-0.000387
-0.000387
-0.000387
-0.000387
-0.000387
-0.000387
-0.000387
-0.000387
-0.000387
-0.000388
-0.000388
-0.000388
-0.000388
-0.000388
-0.000388
-0.000388
-0.000388
-0.000388
-0.000388
-0.000388
-0.000388
-0.000388
-0.000388
-0.000388
-0.000388
-0.000388
-0.000388
-0.000388
-0.000388
-0.000388
-0.000388
-0.000388
-0.000388
-0.000388
-0.000388
-0.000388
-0.000388
-0.000388
-0.000388
-0.000388
-0.000388
-0.000388
-0.000388
-0.000388
-0.000388
-0.000388
-0.000388
-0.000388
-0.000388
-0.000388
-0.000388
-0.000388
-0.000388
-0.000389
-0.000389
-0.000389
-0.000389
-0.000389
-0.000389
-0.000389
-0.000389
-0.000389
-0.000389
-0.000389
-0.000389
-0.000389
-0.000389
-0.000389
-0.000389
-0.000389
-0.000389
-0.000389
-0.000389
-0.000389
-0.000389
-0.000389
-0.000389
-0.000389
-0.000389
-0.000389
-0.000389
-0.000389
-0.000389
-0.000389
-0.000389
-0.000389
-0.000389
-0.000389
-0.000389
-0.000389
-0.000389
-0.000389
-0.000389
-0.000389
-0.000389
-0.000390
-0.000390
-0.000390
-0.000390
-0.000390
-0.000390
-0.000390
-0.000390
-0.000390
-0.000390
-0.000390
-0.000390
-0.000390
-0.000390
-0.000390
-0.000390
-0.000390
-0.000390
-0.000390
-0.000390
-0.000390
-0.000390
-0.000390
-0.000390
-0.000390
-0.000390
-0.000390
-0.000390
-0.000390
-0.000390
-0.000390
-0.000390
-0.000390
-0.000390
-0.000390
-0.000390
-0.000390
-0.000390
-0.000390
-0.000390
-0.000390
-0.000390
-0.000390
-0.000390
-0.000389
-0.000389
-0.000390
-0.000389
-0.000389
-0.000389
-0.000389
-0.000389
-0.000389
-0.000389
-0.000389
-0.000389
-0.000389
-0.000389
-0.000389
-0.000389
-0.000389
-0.000389
-0.000389
-0.000389
-0.000389
-0.000389
-0.000389
-0.000389
-0.000389
-0.000389
-0.000388
-0.000388
-0.000388
-0.000388
-0.000388
-0.000388
-0.000388
-0.000388
-0.000387
-0.000387
-0.000387
-0.000387
-0.000387
-0.000387
-0.000387
-0.000386
-0.000386
-0.000386
-0.000386
-0.000386
-0.000386
-0.000386
-0.000386
-0.000385
-0.000385
-0.000385
-0.000385
-0.000385
-0.000385
-0.000385
-0.000384
-0.000384
-0.000384
-0.000384
-0.000384
-0.000384
-0.000383
-0.000383
-0.000383
-0.000383
-0.000383
-0.000382
-0.000382
-0.000382
-0.000382
-0.000381
-0.000381
-0.000381
-0.000381
-0.000380
-0.000380
-0.000380
-0.000379
-0.000379
-0.000379
-0.000379
-0.000378
-0.000378
-0.000378
-0.000377
-0.000377
-0.000377
-0.000376
-0.000376
-0.000376
-0.000375
-0.000375
-0.000375
-0.000374
-0.000374
-0.000374
-0.000373
-0.000373
-0.000373
-0.000372
-0.000372
-0.000372
-0.000371
-0.000371
-0.000370
-0.000370
-0.000370
-0.000369
-0.000369
-0.000368
-0.000368
-0.000368
-0.000367
-0.000367
-0.000366
-0.000366
-0.000365
-0.000365
-0.000364
-0.000364
-0.000363
-0.000363
-0.000362
-0.000362
-0.000361
-0.000361
-0.000360
-0.000360
-0.000359
-0.000358
-0.000358
-0.000357
-0.000357
-0.000356
-0.000356
-0.000355
-0.000354
-0.000354
-0.000353
-0.000353
-0.000352
-0.000351
-0.000351
-0.000350
-0.000350
-0.000349
-0.000348
-0.000348
-0.000347
-0.000346
-0.000346
-0.000345
-0.000344
-0.000344
-0.000343
-0.000342
-0.000342
-0.000341
-0.000340
-0.000340
-0.000339
-0.000338
-0.000337
-0.000337
-0.000336
-0.000335
-0.000334
-0.000334
-0.000333
-0.000332
-0.000331
-0.000330
-0.000329
-0.000329
-0.000328
-0.000327
-0.000326
-0.000325
-0.000324
-0.000324
-0.000323
-0.000322
-0.000321
-0.000320
-0.000319
-0.000318
-0.000317
-0.000316
-0.000316
-0.000315
-0.000314
-0.000313
-0.000312
-0.000311
-0.000310
-0.000309
-0.000308
-0.000307
-0.000306
-0.000305
-0.000304
-0.000303
-0.000302
-0.000301
-0.000300
-0.000299
-0.000298
-0.000297
-0.000296
-0.000295
-0.000294
-0.000293
-0.000292
-0.000291
-0.000290
-0.000289
-0.000288
-0.000287
-0.000285
-0.000284
-0.000283
-0.000282
-0.000281
-0.000280
-0.000279
-0.000277
-0.000276
-0.000275
-0.000274
-0.000273
-0.000272
-0.000270
-0.000269
-0.000268
-0.000267
-0.000266
-0.000264
-0.000263
-0.000262
-0.000261
-0.000260
-0.000258
-0.000257
-0.000256
-0.000255
-0.000253
-0.000252
-0.000251
-0.000250
-0.000248
-0.000247
-0.000246
-0.000244
-0.000243
-0.000242
-0.000241
-0.000239
-0.000238
-0.000237
-0.000235
-0.000234
-0.000232
-0.000231
-0.000230
-0.000228
-0.000227
-0.000226
-0.000224
-0.000223
-0.000221
-0.000220
-0.000219
-0.000217
-0.000216
-0.000214
-0.000213
-0.000212
-0.000210
-0.000209
-0.000207
-0.000206
-0.000204
-0.000203
-0.000201
-0.000200
-0.000199
-0.000197
-0.000196
-0.000194
-0.000193
-0.000191
-0.000190
-0.000188
-0.000187
-0.000185
-0.000184
-0.000182
-0.000181
-0.000179
-0.000178
-0.000176
-0.000175
-0.000173
-0.000172
-0.000170
-0.000168
-0.000167
-0.000165
-0.000164
-0.000162
-0.000161
-0.000159
-0.000157
-0.000156
-0.000154
-0.000153
-0.000151
-0.000150
-0.000148
-0.000146
-0.000145
-0.000143
-0.000142
-0.000140
-0.000138
-0.000137
-0.000135
-0.000133
-0.000132
-0.000130
-0.000129
-0.000127
-0.000125
-0.000124
-0.000122
-0.000120
-0.000119
-0.000117
-0.000115
-0.000114
-0.000112
-0.000111
-0.000109
-0.000107
-0.000106
-0.000104
-0.000102
-0.000101
-0.000099
-0.000097
-0.000095
-0.000094
-0.000092
-0.000090
-0.000089
-0.000087
-0.000085
-0.000084
-0.000082
-0.000080
-0.000079
-0.000077
-0.000075
-0.000073
-0.000072
-0.000070
-0.000068
-0.000067
-0.000065
-0.000063
-0.000061
-0.000060
-0.000058
-0.000056
-0.000055
-0.000053
-0.000051
-0.000049
-0.000048
-0.000046
-0.000044
-0.000043
-0.000041
-0.000039
-0.000037
-0.000036
-0.000034
-0.000032
-0.000031
-0.000029
-0.000027
-0.000025
-0.000024
-0.000022
-0.000020
-0.000018
-0.000017
-0.000015
-0.000013
-0.000012
-0.000010
-0.000008
-0.000006
-0.000005
-0.000003
-0.000001
0.000001
0.000002
0.000004
0.000006
0.000008
0.000009
0.000011
0.000013
0.000014
0.000016
0.000018
0.000020
0.000021
0.000023
0.000025
0.000026
0.000028
0.000030
0.000032
0.000033
0.000035
0.000037
0.000038
0.000040
0.000042
0.000044
0.000045
0.000047
0.000049
0.000050
0.000052
0.000054
0.000056
0.000057
0.000059
0.000061
0.000062
0.000064
0.000066
0.000067
0.000069
0.000071
0.000073
0.000074
0.000076
0.000078
0.000079
0.000081
0.000083
0.000084
0.000086
0.000088
0.000089
0.000091
0.000093
0.000094
0.000096
0.000098
0.000099
0.000101
0.000103
0.000104
0.000106
0.000107
0.000109
0.000111
0.000112
0.000114
0.000116
0.000117
0.000119
0.000120
0.000122
0.000124
0.000125
0.000127
0.000129
0.000130
0.000132
0.000133
0.000135
0.000136
0.000138
0.000140
0.000141
0.000143
0.000144
0.000146
0.000148
0.000149
0.000151
0.000152
0.000154
0.000155
0.000157
0.000158
0.000160
0.000161
0.000163
0.000165
0.000166
0.000168
0.000169
0.000171
0.000172
0.000174
0.000175
0.000177
0.000178
0.000180
0.000181
0.000183
0.000184
0.000185
0.000187
0.000188
0.000190
0.000191
0.000193
0.000194
0.000196
0.000197
0.000199
0.000200
0.000201
0.000203
0.000204
0.000206
0.000207
0.000208
0.000210
0.000211
0.000213
0.000214
0.000215
0.000217
0.000218
0.000220
0.000221
0.000222
0.000223
0.000225
0.000226
0.000227
0.000229
0.000230
0.000231
0.000232
0.000234
0.000235
0.000236
0.000237
0.000239
0.000240
0.000241
0.000242
0.000243
0.000245
0.000246
0.000247
0.000248
0.000250
0.000251
0.000252
0.000253
0.000255
0.000256
0.000257
0.000258
0.000260
0.000261
0.000262
0.000263
0.000264
0.000266
0.000267
0.000268
0.000269
0.000270
0.000272
0.000273
0.000274
0.000275
0.000276
0.000277
0.000278
0.000279
0.000281
0.000282
0.000283
0.000284
0.000285
0.000286
0.000287
0.000288
0.000289
0.000290
0.000291
0.000292
0.000293
0.000294
0.000296
0.000297
0.000298
0.000299
0.000300
0.000301
0.000302
0.000303
0.000304
0.000305
0.000305
0.000306
0.000308
0.000308
0.000309
0.000310
0.000311
0.000312
0.000313
0.000314
0.000315
0.000316
0.000317
0.000318
0.000319
0.000320
0.000321
0.000322
0.000323
0.000324
0.000325
0.000326
0.000327
0.000328
0.000329
0.000330
0.000330
0.000331
0.000332
0.000333
0.000334
0.000335
0.000336
0.000336
0.000337
0.000338
0.000339
0.000340
0.000340
0.000341
0.000342
0.000343
0.000343
0.000344
0.000345
0.000346
0.000347
0.000347
0.000348
0.000349
0.000350
0.000351
0.000351
0.000352
0.000353
0.000354
0.000354
0.000355
0.000356
0.000357
0.000358
0.000358
0.000359
0.000360
0.000361
0.000361
0.000362
0.000363
0.000363
0.000364
0.000365
0.000366
0.000366
0.000367
0.000368
0.000368
0.000369
0.000370
0.000370
0.000371
0.000371
0.000372
0.000373
0.000373
0.000374
0.000375
0.000375
0.000376
0.000376
0.000377
0.000378
0.000378
0.000379
0.000380
0.000380
0.000381
0.000381
0.000382
0.000383
0.000383
0.000384
0.000385
0.000385
0.000386
0.000386
0.000387
0.000388
0.000388
0.000389
0.000389
0.000390
0.000391
0.000391
0.000392
0.000392
0.000393
0.000393
0.000394
0.000395
0.000395
0.000396
0.000396
0.000397
0.000397
0.000398
0.000398
0.000399
0.000399
0.000400
0.000400
0.000401
0.000401
0.000402
0.000402
0.000403
0.000403
0.000404
0.000404
0.000405
0.000405
0.000406
0.000406
0.000407
0.000407
0.000408
0.000409
0.000409
0.000410
0.000410
0.000411
0.000411
0.000412
0.000412
0.000413
0.000413
0.000414
0.000414
0.000415
0.000415
0.000416
0.000416
0.000417
0.000417
0.000417
0.000418
0.000418
0.000419
0.000419
0.000420
0.000420
0.000421
0.000421
0.000422
0.000422
0.000422
0.000423
0.000423
0.000424
0.000424
0.000425
0.000425
0.000426
0.000426
0.000427
0.000427
0.000427
0.000428
0.000428
0.000429
0.000429
0.000430
0.000430
0.000431
0.000431
0.000432
0.000432
0.000432
0.000433
0.000433
0.000434
0.000434
0.000435
0.000435
0.000436
0.000436
0.000436
0.000437
0.000437
0.000438
0.000438
0.000439
0.000439
0.000439
0.000440
0.000440
0.000441
0.000441
0.000441
0.000442
0.000442
0.000443
0.000443
0.000443
0.000444
0.000444
0.000445
0.000445
0.000446
0.000446
0.000446
0.000447
0.000447
0.000448
0.000448
0.000448
0.000449
0.000449
0.000450
0.000450
0.000450
0.000451
0.000451
0.000452
0.000452
0.000452
0.000453
0.000453
0.000454
0.000454
0.000454
0.000455
0.000455
0.000455
0.000456
0.000456
0.000457
0.000457
0.000457
0.000458
0.000458
0.000458
0.000459
0.000459
0.000459
0.000460
0.000460
0.000460
0.000461
0.000461
0.000461
0.000462
0.000462
0.000462
0.000463
0.000463
0.000464
0.000464
0.000464
0.000465
0.000465
0.000465
0.000465
0.000466
0.000466
0.000466
0.000467
0.000467
0.000467
0.000468
0.000468
0.000468
0.000469
0.000469
0.000469
0.000470
0.000470
0.000470
0.000470
0.000471
0.000471
0.000471
0.000472
0.000472
0.000472
0.000472
0.000473
0.000473
0.000473
0.000473
0.000474
0.000474
0.000474
0.000474
0.000474
0.000475
0.000475
0.000475
0.000475
0.000476
0.000476
0.000476
0.000476
0.000476
0.000477
0.000477
0.000477
0.000477
0.000477
0.000478
0.000478
0.000478
0.000478
0.000478
0.000478
0.000479
0.000479
0.000479
0.000479
0.000479
0.000479
0.000480
0.000480
0.000480
0.000480
0.000480
0.000480
0.000480
0.000480
0.000480
0.000481
0.000481
0.000481
0.000481
0.000481
0.000481
0.000481
0.000481
0.000481
0.000481
0.000481
0.000481
0.000481
0.000481
0.000481
0.000481
0.000481
0.000481
0.000481
0.000481
0.000481
0.000481
0.000481
0.000481
0.000481
0.000481
0.000481
0.000481
0.000481
0.000481
0.000481
0.000481
0.000481
0.000481
0.000481
0.000481
0.000481
0.000480
0.000480
0.000480
0.000480
0.000480
0.000480
0.000480
0.000480
0.000479
0.000479
0.000479
0.000479
0.000479
0.000479
0.000478
0.000478
0.000478
0.000478
0.000478
0.000477
0.000477
0.000477
0.000477
0.000476
0.000476
0.000476
0.000476
0.000475
0.000475
0.000475
0.000474
0.000474
0.000474
0.000474
0.000473
0.000473
0.000473
0.000472
0.000472
0.000472
0.000471
0.000471
0.000470
0.000470
0.000470
0.000469
0.000469
0.000468
0.000468
0.000468
0.000467
0.000467
0.000466
0.000466
0.000465
0.000465
0.000464
0.000464
0.000463
0.000463
0.000462
0.000462
0.000461
0.000461
0.000460
0.000460
0.000459
0.000458
0.000458
0.000457
0.000457
0.000456
0.000455
0.000455
0.000454
0.000454
0.000453
0.000452
0.000452
0.000451
0.000450
0.000450
0.000449
0.000448
0.000448
0.000447
0.000446
0.000445
0.000445
0.000444
0.000443
0.000442
0.000442
0.000441
0.000440
0.000439
0.000438
0.000438
0.000437
0.000436
0.000435
0.000434
0.000433
0.000433
0.000432
0.000431
0.000430
0.000429
0.000428
0.000427
0.000426
0.000425
0.000424
0.000424
0.000423
0.000422
0.000421
0.000420
0.000419
0.000418
0.000417
0.000416
0.000415
0.000414
0.000413
0.000412
0.000410
0.000409
0.000408
0.000407
0.000406
0.000405
0.000404
0.000403
0.000402
0.000401
0.000399
0.000398
0.000397
0.000396
0.000395
0.000394
0.000393
0.000391
0.000390
0.000389
0.000388
0.000386
0.000385
0.000384
0.000383
0.000381
0.000380
0.000379
0.000378
0.000376
0.000375
0.000374
0.000372
0.000371
0.000370
0.000368
0.000367
0.000366
0.000364
0.000363
0.000362
0.000360
0.000359
0.000357
0.000356
0.000355
0.000353
0.000352
0.000350
0.000349
0.000347
0.000346
0.000344
0.000343
0.000342
0.000340
0.000339
0.000337
0.000336
0.000334
0.000332
0.000331
0.000329
0.000328
0.000326
0.000325
0.000323
0.000322
0.000320
0.000318
0.000317
0.000315
0.000314
0.000312
0.000310
0.000309
0.000307
0.000305
0.000304
0.000302
0.000300
0.000299
0.000297
0.000295
0.000294
0.000292
0.000290
0.000289
0.000287
0.000285
0.000283
0.000282
0.000280
0.000278
0.000276
0.000275
0.000273
0.000271
0.000269
0.000268
0.000266
0.000264
0.000262
0.000260
0.000259
0.000257
0.000255
0.000253
0.000251
0.000249
0.000248
0.000246
0.000244
0.000242
0.000240
0.000238
0.000236
0.000234
0.000233
0.000231
0.000229
0.000227
0.000225
0.000223
0.000221
0.000219
0.000217
0.000215
0.000213
0.000211
0.000210
0.000208
0.000206
0.000204
0.000202
0.000200
0.000198
0.000196
0.000194
0.000192
0.000190
0.000188
0.000186
0.000184
0.000182
0.000180
0.000178
0.000176
0.000174
0.000172
0.000170
0.000168
0.000166
0.000164
0.000162
0.000160
0.000158
0.000156
0.000154
0.000151
0.000149
0.000147
0.000145
0.000143
0.000141
0.000139
0.000137
0.000135
0.000133
0.000131
0.000129
0.000127
0.000125
0.000123
0.000120
0.000118
0.000116
0.000114
0.000112
0.000110
0.000108
0.000106
0.000104
0.000102
0.000100
0.000097
0.000095
0.000093
0.000091
0.000089
0.000087
0.000085
0.000083
0.000081
0.000079
0.000077
0.000074
0.000072
0.000070
0.000068
0.000066
0.000064
0.000062
0.000060
0.000058
0.000055
0.000053
0.000051
0.000049
0.000047
0.000045
0.000043
0.000041
0.000039
0.000037
0.000035
0.000033
0.000030
0.000029
0.000027
0.000024
0.000023
0.000020
0.000019
0.000016
0.000015
0.000013
0.000011
0.000009
0.000007
0.000005
0.000003
0.000001
-0.000001
-0.000003
-0.000005
-0.000008
-0.000009
-0.000012
-0.000014
-0.000016
-0.000018
-0.000020
-0.000022
-0.000024
-0.000026
-0.000028
-0.000030
-0.000032
-0.000034
-0.000036
-0.000038
-0.000040
-0.000042
-0.000044
-0.000046
-0.000048
-0.000050
-0.000052
-0.000054
-0.000056
-0.000058
-0.000060
-0.000062
-0.000064
-0.000066
-0.000068
-0.000070
-0.000072
-0.000074
-0.000076
-0.000078
-0.000080
-0.000082
-0.000084
-0.000086
-0.000088
-0.000090
-0.000092
-0.000093
-0.000095
-0.000097
-0.000099
-0.000101
-0.000103
-0.000105
-0.000107
-0.000109
-0.000111
-0.000112
-0.000114
-0.000116
-0.000118
-0.000120
-0.000122
-0.000123
-0.000125
-0.000127
-0.000129
-0.000131
-0.000133
-0.000134
-0.000136
-0.000138
-0.000140
-0.000141
-0.000143
-0.000145
-0.000147
-0.000149
-0.000150
-0.000152
-0.000154
-0.000156
-0.000157
-0.000159
-0.000161
-0.000162
-0.000164
-0.000166
-0.000168
-0.000169
-0.000171
-0.000173
-0.000174
-0.000176
-0.000178
-0.000179
-0.000181
-0.000182
-0.000184
-0.000186
-0.000187
-0.000189
-0.000190
-0.000192
-0.000194
-0.000195
-0.000197
-0.000198
-0.000200
-0.000201
-0.000203
-0.000204
-0.000206
-0.000207
-0.000209
-0.000210
-0.000212
-0.000213
-0.000215
-0.000216
-0.000218
-0.000219
-0.000221
-0.000222
-0.000224
-0.000225
-0.000227
-0.000228
-0.000229
-0.000231
-0.000232
-0.000234
-0.000235
-0.000236
-0.000238
-0.000239
-0.000240
-0.000242
-0.000243
-0.000244
-0.000246
-0.000247
-0.000248
-0.000250
-0.000251
-0.000252
-0.000253
-0.000255
-0.000256
-0.000257
-0.000258
-0.000260
-0.000261
-0.000262
-0.000263
-0.000265
-0.000266
-0.000267
-0.000268
-0.000269
-0.000270
-0.000272
-0.000273
-0.000274
-0.000275
-0.000276
-0.000277
-0.000278
-0.000280
-0.000281
-0.000282
-0.000283
-0.000284
-0.000285
-0.000286
-0.000287
-0.000288
-0.000289
-0.000290
-0.000291
-0.000293
-0.000294
-0.000295
-0.000296
-0.000297
-0.000298
-0.000299
-0.000300
-0.000301
-0.000302
-0.000303
-0.000304
-0.000305
-0.000306
-0.000307
-0.000308
-0.000309
-0.000310
-0.000311
-0.000312
-0.000312
-0.000313
-0.000314
-0.000315
-0.000316
-0.000317
-0.000318
-0.000319
-0.000319
-0.000320
-0.000321
-0.000322
-0.000323
-0.000323
-0.000324
-0.000325
-0.000326
-0.000327
-0.000327
-0.000328
-0.000329
-0.000330
-0.000330
-0.000331
-0.000332
-0.000333
-0.000333
-0.000334
-0.000335
-0.000335
-0.000336
-0.000337
-0.000338
-0.000338
-0.000339
-0.000340
-0.000340
-0.000341
-0.000342
-0.000342
-0.000343
-0.000344
-0.000344
-0.000345
-0.000346
-0.000346
-0.000347
-0.000347
-0.000348
-0.000348
-0.000349
-0.000350
-0.000350
-0.000351
-0.000351
-0.000352
-0.000352
-0.000353
-0.000353
-0.000354
-0.000354
-0.000354
-0.000355
-0.000355
-0.000356
-0.000356
-0.000357
-0.000357
-0.000358
-0.000358
-0.000359
-0.000359
-0.000360
-0.000360
-0.000361
-0.000361
-0.000361
-0.000362
-0.000362
-0.000363
-0.000363
-0.000364
-0.000364
-0.000364
-0.000365
-0.000365
-0.000366
-0.000366
-0.000367
-0.000367
-0.000367
-0.000368
-0.000368
-0.000368
-0.000369
-0.000369
-0.000369
-0.000370
-0.000370
-0.000370
-0.000371
-0.000371
-0.000371
-0.000371
-0.000372
-0.000372
-0.000372
-0.000372
-0.000373
-0.000373
-0.000373
-0.000374
-0.000374
-0.000374
-0.000374
-0.000375
-0.000375
-0.000375
-0.000375
-0.000376
-0.000376
-0.000376
-0.000377
-0.000377
-0.000377
-0.000377
-0.000378
-0.000378
-0.000378
-0.000378
-0.000378
-0.000379
-0.000379
-0.000379
-0.000379
-0.000379
-0.000380
-0.000380
-0.000380
-0.000380
-0.000380
-0.000381
-0.000381
-0.000381
-0.000381
-0.000381
-0.000381
-0.000381
-0.000382
-0.000382
-0.000382
-0.000382
-0.000382
-0.000382
-0.000382
-0.000383
-0.000383
-0.000383
-0.000383
-0.000383
-0.000383
-0.000383
-0.000384
-0.000384
-0.000384
-0.000384
-0.000384
-0.000384
-0.000384
-0.000384
-0.000385
-0.000385
-0.000385
-0.000385
-0.000385
-0.000385
-0.000385
-0.000385
-0.000385
-0.000386
-0.000386
-0.000386
-0.000386
-0.000386
-0.000386
-0.000386
-0.000386
-0.000386
-0.000386
-0.000386
-0.000386
-0.000386
-0.000386
-0.000386
-0.000387
-0.000387
-0.000387
-0.000387
-0.000387
-0.000387
-0.000387
-0.000387
-0.000387
-0.000387
-0.000387
-0.000387
-0.000387
-0.000387
-0.000387
-0.000387
-0.000387
-0.000387
-0.000387
-0.000387
-0.000387
-0.000387
-0.000387
-0.000387
-0.000387
-0.000387
-0.000387
-0.000387
-0.000387
-0.000387
-0.000387
-0.000387
-0.000387
-0.000387
-0.000387
-0.000387
-0.000387
-0.000387
-0.000387
-0.000387
-0.000387
-0.000387
-0.000387
-0.000387
-0.000387
-0.000386
-0.000386
-0.000386
-0.000386
-0.000386
-0.000386
-0.000386
-0.000386
-0.000386
-0.000386
-0.000386
-0.000386
-0.000386
-0.000386
-0.000386
-0.000386
-0.000386
-0.000387
-0.000387
-0.000387
-0.000387
-0.000387
-0.000387
-0.000387
-0.000387
-0.000387
-0.000387
-0.000387
-0.000387
-0.000387
-0.000387
-0.000387
-0.000387
-0.000387
-0.000387
-0.000387
-0.000387
-0.000387
-0.000387
-0.000387
-0.000387
-0.000387
-0.000387
-0.000387
-0.000387
-0.000387
-0.000387
-0.000387
-0.000387
-0.000387
-0.000387
-0.000387
-0.000387
-0.000387
-0.000387
-0.000387
-0.000387
-0.000387
-0.000387
-0.000387
-0.000387
-0.000387
-0.000387
-0.000387
-0.000387
-0.000387
-0.000387
-0.000387
-0.000387
-0.000388
-0.000388
-0.000388
-0.000388
-0.000388
-0.000388
-0.000388
-0.000388
-0.000388
-0.000388
-0.000388
-0.000388
-0.000388
-0.000388
-0.000388
-0.000388
-0.000388
-0.000388
-0.000388
-0.000388
-0.000388
-0.000388
-0.000388
-0.000388
-0.000388
-0.000388
-0.000388
-0.000388
-0.000388
-0.000388
-0.000388
-0.000388
-0.000388
-0.000388
-0.000388
-0.000388
-0.000388
-0.000388
-0.000388
-0.000388
-0.000388
-0.000388
-0.000388
-0.000388
-0.000389
-0.000389
-0.000389
-0.000389
-0.000389
-0.000389
-0.000389
-0.000389
-0.000389
-0.000389
-0.000389
-0.000389
-0.000389
-0.000389
-0.000389
-0.000389
-0.000389
-0.000389
-0.000389
-0.000389
-0.000389
-0.000389
-0.000389
-0.000389
-0.000389
-0.000389
-0.000389
-0.000389
-0.000389
-0.000389
-0.000389
-0.000389
-0.000389
-0.000389
-0.000389
-0.000389
-0.000389
-0.000389
-0.000389
-0.000389
-0.000389
-0.000389
-0.000390
-0.000390
-0.000390
-0.000390
-0.000390
-0.000390
-0.000390
-0.000390
-0.000390
-0.000390
-0.000390
-0.000390
-0.000390
-0.000390
-0.000390
-0.000390
-0.000390
-0.000390
-0.000390
-0.000390
-0.000390
-0.000390
-0.000390
-0.000390
-0.000390
-0.000390
-0.000390
-0.000390
-0.000390
-0.000390
-0.000390
-0.000390
-0.000390
-0.000390
-0.000390
-0.000390
-0.000390
-0.000390
-0.000390
-0.000390
-0.000390
-0.000390
-0.000390
-0.000390
-0.000389
-0.000389
-0.000390
-0.000389
-0.000389
-0.000389
-0.000389
-0.000389
-0.000389
-0.000389
-0.000389
-0.000389
-0.000389
-0.000389
-0.000389
-0.000389
-0.000389
-0.000389
-0.000389
-0.000389
-0.000389
-0.000389
-0.000389
-0.000389
-0.000389
-0.000389
-0.000388
-0.000388
-0.000388
-0.000388
-0.000388
-0.000388
-0.000388
-0.000388
-0.000387
-0.000387
-0.000387
-0.000387
-0.000387
-0.000387
-0.000387
-0.000386
-0.000386
-0.000386
-0.000386
-0.000386
-0.000386
-0.000386
-0.000386
-0.000385
-0.000385
-0.000385
-0.000385
-0.000385
-0.000385
-0.000385
-0.000384
-0.000384
-0.000384
-0.000384
-0.000384
-0.000384
-0.000383
-0.000383
-0.000383
-0.000383
-0.000383
-0.000382
-0.000382
-0.000382
-0.000382
-0.000381
-0.000381
-0.000381
-0.000381
-0.000380
-0.000380
-0.000380
-0.000379
-0.000379
-0.000379
-0.000379
-0.000378
-0.000378
-0.000378
-0.000377
-0.000377
-0.000377
-0.000376
-0.000376
-0.000376
-0.000375
-0.000375
-0.000375
-0.000374
-0.000374
-0.000374
-0.000373
-0.000373
-0.000373
-0.000372
-0.000372
-0.000372
-0.000371
-0.000371
-0.000370
-0.000370
-0.000370
-0.000369
-0.000369
-0.000368
-0.000368
-0.000368
-0.000367
-0.000367
-0.000366
-0.000366
-0.000365
-0.000365
-0.000364
-0.000364
-0.000363
-0.000363
-0.000362
-0.000362
-0.000361
-0.000361
-0.000360
-0.000360
-0.000359
-0.000358
-0.000358
-0.000357
-0.000357
-0.000356
-0.000356
-0.000355
-0.000354
-0.000354
-0.000353
-0.000353
-0.000352
-0.000351
-0.000351
-0.000350
-0.000350
-0.000349
-0.000348
-0.000348
-0.000347
-0.000346
-0.000346
-0.000345
-0.000344
-0.000344
-0.000343
-0.000342
-0.000342
-0.000341
-0.000340
-0.000340
-0.000339
-0.000338
-0.000337
-0.000337
-0.000336
-0.000335
-0.000334
-0.000334
-0.000333
-0.000332
-0.000331
-0.000330
-0.000329
-0.000329
-0.000328
-0.000327
-0.000326
-0.000325
-0.000324
-0.000324
-0.000323
-0.000322
-0.000321
-0.000320
-0.000319
-0.000318
-0.000317
-0.000316
-0.000316
-0.000315
-0.000314
-0.000313
-0.000312
-0.000311
-0.000310
-0.000309
-0.000308
-0.000307
-0.000306
-0.000305
-0.000304
-0.000303
-0.000302
-0.000301
-0.000300
-0.000299
-0.000298
-0.000297
-0.000296
-0.000295
-0.000294
-0.000293
-0.000292
-0.000291
-0.000290
-0.000289
-0.000288
-0.000287
-0.000285
-0.000284
-0.000283
-0.000282
-0.000281
-0.000280
-0.000279
-0.000277
-0.000276
-0.000275
-0.000274
-0.000273
-0.000272
-0.000270
-0.000269
-0.000268
-0.000267
-0.000266
-0.000264
-0.000263
-0.000262
-0.000261
-0.000260
-0.000258
-0.000257
-0.000256
-0.000255
-0.000253
-0.000252
-0.000251
-0.000250
-0.000248
-0.000247
-0.000246
-0.000244
-0.000243
-0.000242
-0.000241
-0.000239
-0.000238
-0.000237
-0.000235
-0.000234
-0.000232
-0.000231
-0.000230
-0.000228
-0.000227
-0.000226
-0.000224
-0.000223
-0.000221
-0.000220
-0.000219
-0.000217
-0.000216
-0.000214
-0.000213
-0.000212
-0.000210
-0.000209
-0.000207
-0.000206
-0.000204
-0.000203
-0.000201
-0.000200
-0.000199
-0.000197
-0.000196
-0.000194
-0.000193
-0.000191
-0.000190
-0.000188
-0.000187
-0.000185
-0.000184
-0.000182
-0.000181
-0.000179
-0.000178
-0.000176
-0.000175
-0.000173
-0.000172
-0.000170
-0.000168
-0.000167
-0.000165
-0.000164
-0.000162
-0.000161
-0.000159
-0.000157
-0.000156
-0.000154
-0.000153
-0.000151
-0.000150
-0.000148
-0.000146
-0.000145
-0.000143
-0.000142
-0.000140
-0.000138
-0.000137
-0.000135
-0.000133
-0.000132
-0.000130
-0.000129
-0.000127
-0.000125
-0.000124
-0.000122
-0.000120
-0.000119
-0.000117
-0.000115
-0.000114
-0.000112
-0.000111
-0.000109
-0.000107
-0.000106
-0.000104
-0.000102
-0.000101
-0.000099
-0.000097
-0.000095
-0.000094
-0.000092
-0.000090
-0.000089
-0.000087
-0.000085
-0.000084
-0.000082
-0.000080
-0.000079
-0.000077
-0.000075
-0.000073
-0.000072
-0.000070
-0.000068
-0.000067
-0.000065
-0.000063
-0.000061
-0.000060
-0.000058
-0.000056
-0.000055
-0.000053
-0.000051
-0.000049
-0.000048
-0.000046
-0.000044
-0.000043
-0.000041
-0.000039
-0.000037
-0.000036
-0.000034
-0.000032
-0.000031
-0.000029
-0.000027
-0.000025
-0.000024
-0.000022
-0.000020
-0.000018
-0.000017
-0.000015
-0.000013
-0.000012
-0.000010
-0.000008
-0.000006
-0.000005
-0.000003
-0.000001
0.000001
0.000002
0.000004
0.000006
0.000008
0.000009
0.000011
0.000013
0.000014
0.000016
0.000018
0.000020
0.000021
0.000023
0.000025
0.000026
0.000028
0.000030
0.000032
0.000033
0.000035
0.000037
0.000038
0.000040
0.000042
0.000044
0.000045
0.000047
0.000049
0.000050
0.000052
0.000054
0.000056
0.000057
0.000059
0.000061
0.000062
0.000064
0.000066
0.000067
0.000069
0.000071
0.000073
0.000074
0.000076
0.000078
0.000079
0.000081
0.000083
0.000084
0.000086
0.000088
0.000089
0.000091
0.000093
0.000094
0.000096
0.000098
0.000099
0.000101
0.000103
0.000104
0.000106
0.000107
0.000109
0.000111
0.000112
0.000114
0.000116
0.000117
0.000119
0.000120
0.000122
0.000124
0.000125
0.000127
0.000129
0.000130
0.000132
0.000133
0.000135
0.000136
0.000138
0.000140
0.000141
0.000143
0.000144
0.000146
0.000148
0.000149
0.000151
0.000152
0.000154
0.000155
0.000157
0.000158
0.000160
0.000161
0.000163
0.000165
0.000166
0.000168
0.000169
0.000171
0.000172
0.000174
0.000175
0.000177
0.000178
0.000180
0.000181
0.000183
0.000184
0.000185
0.000187
0.000188
0.000190
0.000191
0.000193
0.000194
0.000196
0.000197
0.000199
0.000200
0.000201
0.000203
0.000204
0.000206
0.000207
0.000208
0.000210
0.000211
0.000213
0.000214
0.000215
0.000217
0.000218
0.000220
0.000221
0.000222
0.000223
0.000225
0.000226
0.000227
0.000229
0.000230
0.000231
0.000232
0.000234
0.000235
0.000236
0.000237
0.000239
0.000240
0.000241
0.000242
0.000243
0.000245
0.000246
0.000247
0.000248
0.000250
0.000251
0.000252
0.000253
0.000255
0.000256
0.000257
0.000258
0.000260
0.000261
0.000262
0.000263
0.000264
0.000266
0.000267
0.000268
0.000269
0.000270
0.000272
0.000273
0.000274
0.000275
0.000276
0.000277
0.000278
0.000279
0.000281
0.000282
0.000283
0.000284
0.000285
0.000286
0.000287
0.000288
0.000289
0.000290
0.000291
0.000292
0.000293
0.000294
0.000296
0.000297
0.000298
0.000299
0.000300
0.000301
0.000302
0.000303
0.000304
0.000305
0.000305
0.000306
0.000308
0.000308
0.000309
0.000310
0.000311
0.000312
0.000313
0.000314
0.000315
0.000316
0.000317
0.000318
0.000319
0.000320
0.000321
0.000322
0.000323
0.000324
0.000325
0.000326
0.000327
0.000328
0.000329
0.000330
0.000330
0.000331
0.000332
0.000333
0.000334
0.000335
0.000336
0.000336
0.000337
0.000338
0.000339
0.000340
0.000340
0.000341
0.000342
0.000343
0.000343
0.000344
0.000345
0.000346
0.000347
0.000347
0.000348
0.000349
0.000350
0.000351
0.000351
0.000352
0.000353
0.000354
0.000354
0.000355
0.000356
0.000357
0.000358
0.000358
0.000359
0.000360
0.000361
0.000361
0.000362
0.000363
0.000363
0.000364
0.000365
0.000366
0.000366
0.000367
0.000368
0.000368
0.000369
0.000370
0.000370
0.000371
0.000371
0.000372
0.000373
0.000373
0.000374
0.000375
0.000375
0.000376
0.000376
0.000377
0.000378
0.000378
0.000379
0.000380
0.000380
0.000381
0.000381
0.000382
0.000383
0.000383
0.000384
0.000385
0.000385
0.000386
0.000386
0.000387
0.000388
0.000388
0.000389
0.000389
0.000390
0.000391
0.000391
0.000392
0.000392
0.000393
0.000393
0.000394
0.000395
0.000395
0.000396
0.000396
0.000397
0.000397
0.000398
0.000398
0.000399
0.000399
0.000400
0.000400
0.000401
0.000401
0.000402
0.000402
0.000403
0.000403
0.000404
0.000404
0.000405
0.000405
0.000406
0.000406
0.000407
0.000407
0.000408
0.000409
0.000409
0.000410
0.000410
0.000411
0.000411
0.000412
0.000412
0.000413
0.000413
0.000414
0.000414
0.000415
0.000415
0.000416
0.000416
0.000417
0.000417
0.000417
0.000418
0.000418
0.000419
0.000419
0.000420
0.000420
0.000421
0.000421
0.000422
0.000422
0.000422
0.000423
0.000423
0.000424
0.000424
0.000425
0.000425
0.000426
0.000426
0.000427
0.000427
0.000427
0.000428
0.000428
0.000429
0.000429
0.000430
0.000430
0.000431
0.000431
0.000432
0.000432
0.000432
0.000433
0.000433
0.000434
0.000434
0.000435
0.000435
0.000436
0.000436
0.000436
0.000437
0.000437
0.000438
0.000438
0.000439
0.000439
0.000439
0.000440
0.000440
0.000441
0.000441
0.000441
0.000442
0.000442
0.000443
0.000443
0.000443
0.000444
0.000444
0.000445
0.000445
0.000446
0.000446
0.000446
0.000447
0.000447
0.000448
0.000448
0.000448
0.000449
0.000449
0.000450
0.000450
0.000450
0.000451
0.000451
0.000452
0.000452
0.000452
0.000453
0.000453
0.000454
0.000454
0.000454
0.000455
0.000455
0.000455
0.000456
0.000456
0.000457
0.000457
0.000457
0.000458
0.000458
0.000458
0.000459
0.000459
0.000459
0.000460
0.000460
0.000460
0.000461
0.000461
0.000461
0.000462
0.000462
0.000462
0.000463
0.000463
0.000464
0.000464
0.000464
0.000465
0.000465
0.000465
0.000465
0.000466
0.000466
0.000466
0.000467
0.000467
0.000467
0.000468
0.000468
0.000468
0.000469
0.000469
0.000469
0.000470
0.000470
0.000470
0.000470
0.000471
0.000471
0.000471
0.000472
0.000472
0.000472
0.000472
0.000473
0.000473
0.000473
0.000473
0.000474
0.000474
0.000474
0.000474
0.000474
0.000475
0.000475
0.000475
0.000475
0.000476
0.000476
0.000476
0.000476
0.000476
0.000477
0.000477
0.000477
0.000477
0.000477
0.000478
0.000478
0.000478
0.000478
0.000478
0.000478
0.000479
0.000479
0.000479
0.000479
0.000479
0.000479
0.000480
0.000480
0.000480
0.000480
0.000480
0.000480
0.000480
0.000480
0.000480
0.000481
0.000481
0.000481
0.000481
0.000481
0.000481
0.000481
0.000481
0.000481
0.000481
0.000481
0.000481
0.000481
0.000481
0.000481
0.000481
0.000481
0.000481
0.000481
0.000481
0.000481
0.000481
0.000481
0.000481
0.000481
0.000481
0.000481
0.000481
0.000481
0.000481
0.000481
0.000481
0.000481
0.000481
0.000481
0.000481
0.000481
0.000480
0.000480
0.000480
0.000480
0.000480
0.000480
0.000480
0.000480
0.000479
0.000479
0.000479
0.000479
0.000479
0.000479
0.000478
0.000478
0.000478
0.000478
0.000478
0.000477
0.000477
0.000477
0.000477
0.000476
0.000476
0.000476
0.000476
0.000475
0.000475
0.000475
0.000474
0.000474
0.000474
0.000474
0.000473
0.000473
0.000473
0.000472
0.000472
0.000472
0.000471
0.000471
0.000470
0.000470
0.000470
0.000469
0.000469
0.000468
0.000468
0.000468
0.000467
0.000467
0.000466
0.000466
0.000465
0.000465
0.000464
0.000464
0.000463
0.000463
0.000462
0.000462
0.000461
0.000461
0.000460
0.000460
0.000459
0.000458
0.000458
0.000457
0.000457
0.000456
0.000455
0.000455
0.000454
0.000454
0.000453
0.000452
0.000452
0.000451
0.000450
0.000450
0.000449
0.000448
0.000448
0.000447
0.000446
0.000445
0.000445
0.000444
0.000443
0.000442
0.000442
0.000441
0.000440
0.000439
0.000438
0.000438
0.000437
0.000436
0.000435
0.000434
0.000433
0.000433
0.000432
0.000431
0.000430
0.000429
0.000428
0.000427
0.000426
0.000425
0.000424
0.000424
0.000423
0.000422
0.000421
0.000420
0.000419
0.000418
0.000417
0.000416
0.000415
0.000414
0.000413
0.000412
0.000410
0.000409
0.000408
0.000407
0.000406
0.000405
0.000404
0.000403
0.000402
0.000401
0.000399
0.000398
0.000397
0.000396
0.000395
0.000394
0.000393
0.000391
0.000390
0.000389
0.000388
0.000386
0.000385
0.000384
0.000383
0.000381
0.000380
0.000379
0.000378
0.000376
0.000375
0.000374
0.000372
0.000371
0.000370
0.000368
0.000367
0.000366
0.000364
0.000363
0.000362
0.000360
0.000359
0.000357
0.000356
0.000355
0.000353
0.000352
0.000350
0.000349
0.000347
0.000346
0.000345
0.000343
0.000342
0.000340
0.000339
0.000337
0.000336
0.000334
0.000332
0.000331
0.000329
0.000328
0.000326
0.000325
0.000323
0.000322
0.000320
0.000318
0.000317
0.000315
0.000314
0.000312
0.000310
0.000309
0.000307
0.000305
0.000304
0.000302
0.000300
0.000299
0.000297
0.000295
0.000294
0.000292
0.000290
0.000289
0.000287
0.000285
0.000283
0.000282
0.000280
0.000278
0.000276
0.000275
0.000273
0.000271
0.000269
0.000268
0.000266
0.000264
0.000262
0.000260
0.000259
0.000257
0.000255
0.000253
0.000251
0.000249
0.000248
0.000246
0.000244
0.000242
0.000240
0.000238
0.000236
0.000234
0.000233
0.000231
0.000229
0.000227
0.000225
0.000223
0.000221
0.000219
0.000217
0.000215
0.000213
0.000211
0.000210
0.000208
0.000206
0.000204
0.000202
0.000200
0.000198
0.000196
0.000194
0.000192
0.000190
0.000188
0.000186
0.000184
0.000182
0.000180
0.000178
0.000176
0.000174
0.000172
0.000170
0.000168
0.000166
0.000164
0.000162
0.000160
0.000158
0.000156
0.000154
0.000151
0.000149
0.000147
0.000145
0.000143
0.000141
0.000139
0.000137
0.000135
0.000133
0.000131
0.000129
0.000127
0.000125
0.000123
0.000120
0.000118
0.000116
0.000114
0.000112
0.000110
0.000108
0.000106
0.000104
0.000102
0.000100
0.000097
0.000095
0.000093
0.000091
0.000089
0.000087
0.000085
0.000083
0.000081
0.000079
0.000077
0.000074
0.000072
0.000070
0.000068
0.000066
0.000064
0.000062
0.000060
0.000058
0.000055
0.000053
0.000051
0.000049
0.000047
0.000045
0.000043
0.000041
0.000039
0.000037
0.000035
0.000033
0.000030
0.000029
0.000027
0.000024
0.000023
0.000020
0.000019
0.000016
0.000015
0.000013
0.000011
0.000009
0.000007
0.000005
0.000003
0.000001
-0.000001
-0.000003
-0.000005
-0.000008
-0.000009
-0.000012
-0.000014
-0.000016
-0.000018
-0.000020
-0.000022
-0.000024
-0.000026
-0.000028
-0.000030
-0.000032
-0.000034
-0.000036
-0.000038
-0.000040
-0.000042
-0.000044
-0.000046
-0.000048
-0.000050
-0.000052
-0.000054
-0.000056
-0.000058
-0.000060
-0.000062
-0.000064
-0.000066
-0.000068
-0.000070
-0.000072
-0.000074
-0.000076
-0.000078
-0.000080
-0.000082
-0.000084
-0.000086
-0.000088
-0.000090
-0.000092
-0.000093
-0.000095
-0.000097
-0.000099
-0.000101
-0.000103
-0.000105
-0.000107
-0.000109
-0.000111
-0.000112
-0.000114
-0.000116
-0.000118
-0.000120
-0.000122
-0.000123
-0.000125
-0.000127
-0.000129
-0.000131
-0.000133
-0.000134
-0.000136
-0.000138
-0.000140
-0.000141
-0.000143
-0.000145
-0.000147
-0.000149
-0.000150
-0.000152
-0.000154
-0.000156
-0.000157
-0.000159
-0.000161
-0.000162
-0.000164
-0.000166
-0.000168
-0.000169
-0.000171
-0.000173
-0.000174
-0.000176
-0.000178
-0.000179
-0.000181
-0.000182
-0.000184
-0.000186
-0.000187
-0.000189
-0.000190
-0.000192
-0.000194
-0.000195
-0.000197
-0.000198
-0.000200
-0.000201
-0.000203
-0.000204
-0.000206
-0.000207
-0.000209
-0.000210
-0.000212
-0.000213
-0.000215
-0.000216
-0.000218
-0.000219
-0.000221
-0.000222
-0.000224
-0.000225
-0.000227
-0.000228
-0.000229
-0.000231
-0.000232
-0.000234
-0.000235
-0.000236
-0.000238
-0.000239
-0.000240
-0.000242
-0.000243
-0.000244
-0.000246
-0.000247
-0.000248
-0.000250
-0.000251
-0.000252
-0.000253
-0.000255
-0.000256
-0.000257
-0.000258
-0.000260
-0.000261
-0.000262
-0.000263
-0.000265
-0.000266
-0.000267
-0.000268
-0.000269
-0.000270
-0.000272
-0.000273
-0.000274
-0.000275
-0.000276
-0.000277
-0.000278
-0.000280
-0.000281
-0.000282
-0.000283
-0.000284
-0.000285
-0.000286
-0.000287
-0.000288
-0.000289
-0.000290
-0.000291
-0.000293
-0.000294
-0.000295
-0.000296
-0.000297
-0.000298
-0.000299
-0.000300
-0.000301
-0.000302
-0.000303
-0.000304
-0.000305
-0.000306
-0.000307
-0.000308
-0.000309
-0.000310
-0.000311
-0.000312
-0.000312
-0.000313
-0.000314
-0.000315
-0.000316
-0.000317
-0.000318
-0.000319
-0.000319
-0.000320
-0.000321
-0.000322
-0.000323
-0.000323
-0.000324
-0.000325
-0.000326
-0.000327
-0.000327
-0.000328
-0.000329
-0.000330
-0.000330
-0.000331
-0.000332
-0.000333
-0.000333
-0.000334
-0.000335
-0.000335
-0.000336
-0.000337
-0.000338
-0.000338
-0.000339
-0.000340
-0.000340
-0.000341
-0.000342
-0.000342
-0.000343
-0.000344
-0.000344
-0.000345
-0.000346
-0.000346
-0.000347
-0.000347
-0.000348
-0.000348
-0.000349
-0.000350
-0.000350
-0.000351
-0.000351
-0.000352
-0.000352
-0.000353
-0.000353
-0.000354
-0.000354
-0.000354
-0.000355
-0.000355
-0.000356
-0.000356
-0.000357
-0.000357
-0.000358
-0.000358
-0.000359
-0.000359
-0.000360
-0.000360
-0.000361
-0.000361
-0.000361
-0.000362
-0.000362
-0.000363
-0.000363
-0.000364
-0.000364
-0.000364
-0.000365
-0.000365
-0.000366
-0.000366
-0.000367
-0.000367
-0.000367
-0.000368
-0.000368
-0.000368
-0.000369
-0.000369
-0.000369
-0.000370
-0.000370
-0.000370
-0.000371
-0.000371
-0.000371
-0.000371
-0.000372
-0.000372
-0.000372
-0.000372
-0.000373
-0.000373
-0.000373
-0.000374
-0.000374
-0.000374
-0.000374
-0.000375
-0.000375
-0.000375
-0.000375
-0.000376
-0.000376
-0.000376
-0.000377
-0.000377
-0.000377
-0.000377
-0.000378
-0.000378
-0.000378
-0.000378
-0.000378
-0.000379
-0.000379
-0.000379
-0.000379
-0.000379
-0.000380
-0.000380
-0.000380
-0.000380
-0.000380
-0.000381
-0.000381
-0.000381
-0.000381
-0.000381
-0.000381
-0.000381
-0.000382
-0.000382
-0.000382
-0.000382
-0.000382
-0.000382
-0.000382
-0.000383
-0.000383
-0.000383
-0.000383
-0.000383
-0.000383
-0.000383
-0.000384
-0.000384
-0.000384
-0.000384
-0.000384
-0.000384
-0.000384
-0.000384
-0.000385
-0.000385
-0.000385
-0.000385
-0.000385
-0.000385
-0.000385
-0.000385
-0.000385
-0.000386
-0.000386
-0.000386
-0.000386
-0.000386
-0.000386
-0.000386
-0.000386
-0.000386
-0.000386
-0.000386
-0.000386
-0.000386
-0.000386
-0.000386
-0.000387
-0.000387
-0.000387
-0.000387
-0.000387
-0.000387
-0.000387
-0.000387
-0.000387
-0.000387
-0.000387
-0.000387
-0.000387
-0.000387
-0.000387
-0.000387
-0.000387
-0.000387
-0.000387
-0.000387
-0.000387
-0.000387
-0.000387
-0.000387
-0.000387
-0.000387
-0.000387
-0.000387
-0.000387
-0.000387
-0.000387
-0.000387
-0.000387
-0.000387
-0.000387
-0.000387
-0.000387
-0.000387
-0.000387
-0.000387
-0.000387
-0.000387
-0.000387
-0.000387
-0.000387
-0.000386
-0.000386
-0.000386
-0.000386
-0.000386
-0.000386
-0.000386
-0.000386
-0.000386
-0.000386
-0.000386
-0.000386
-0.000386
-0.000386
-0.000386
-0.000386
-0.000386
-0.000387
-0.000387
-0.000387
-0.000387
-0.000387
-0.000387
-0.000387
-0.000387
-0.000387
-0.000387
-0.000387
-0.000387
-0.000387
-0.000387
-0.000387
-0.000387
-0.000387
-0.000387
-0.000387
-0.000387
-0.000387
-0.000387
-0.000387
-0.000387
-0.000387
-0.000387
-0.000387
-0.000387
-0.000387
-0.000387
-0.000387
-0.000387
-0.000387
-0.000387
-0.000387
-0.000387
-0.000387
-0.000387
-0.000387
-0.000387
-0.000387
-0.000387
-0.000387
-0.000387
-0.000387
-0.000387
-0.000387
-0.000387
-0.000387
-0.000387
-0.000387
-0.000387
-0.000388
-0.000388
-0.000388
-0.000388
-0.000388
-0.000388
-0.000388
-0.000388
-0.000388
-0.000388
-0.000388
-0.000388
-0.000388
-0.000388
-0.000388
-0.000388
-0.000388
-0.000388
-0.000388
-0.000388
-0.000388
-0.000388
-0.000388
-0.000388
-0.000388
-0.000388
-0.000388
-0.000388
-0.000388
-0.000388
-0.000388
-0.000388
-0.000388
-0.000388
-0.000388
-0.000388
-0.000388
-0.000388
-0.000388
-0.000388
-0.000388
-0.000388
-0.000388
-0.000388
-0.000389
-0.000389
-0.000389
-0.000389
-0.000389
-0.000389
-0.000389
-0.000389
-0.000389
-0.000389
-0.000389
-0.000389
-0.000389
-0.000389
-0.000389
-0.000389
-0.000389
-0.000389
-0.000389
-0.000389
-0.000389
-0.000389
-0.000389
-0.000389
-0.000389
-0.000389
-0.000389
-0.000389
-0.000389
-0.000389
-0.000389
-0.000389
-0.000389
-0.000389
-0.000389
-0.000389
-0.000389
-0.000389
-0.000389
-0.000389
-0.000389
-0.000389
-0.000390
-0.000390
-0.000390
-0.000390
-0.000390
-0.000390
-0.000390
-0.000390
-0.000390
-0.000390
-0.000390
-0.000390
-0.000390
-0.000390
-0.000390
-0.000390
-0.000390
-0.000390
-0.000390
-0.000390
-0.000390
-0.000390
-0.000390
-0.000390
-0.000390
-0.000390
-0.000390
-0.000390
-0.000390
-0.000390
-0.000390
-0.000390
-0.000390
-0.000390
-0.000390
-0.000390
-0.000390
-0.000390
-0.000390
-0.000390
-0.000390
-0.000390
-0.000390
-0.000390
-0.000389
-0.000389
-0.000390
-0.000389
-0.000389
-0.000389
-0.000389
-0.000389
-0.000389
-0.000389
-0.000389
-0.000389
-0.000389
-0.000389
-0.000389
-0.000389
-0.000389
-0.000389
-0.000389
-0.000389
-0.000389
-0.000389
-0.000389
-0.000389
-0.000389
-0.000389
-0.000388
-0.000388
-0.000388
-0.000388
-0.000388
-0.000388
-0.000388
-0.000388
-0.000387
-0.000387
-0.000387
-0.000387
-0.000387
-0.000387
-0.000387
-0.000386
-0.000386
-0.000386
-0.000386
-0.000386
-0.000386
-0.000386
-0.000386
-0.000385
-0.000385
-0.000385
-0.000385
-0.000385
-0.000385
-0.000385
-0.000384
-0.000384
-0.000384
-0.000384
-0.000384
-0.000384
-0.000383
-0.000383
