0.090000
0.089302
0.088181
0.087026
0.086144
0.085678
0.085623
0.085898
0.086414
0.087117
0.088001
0.089088
0.090410
0.091986
0.093817
0.095887
0.098167
0.100628
0.103237
0.105968
0.108793
0.111687
0.114622
0.117567
0.120493
0.123369
0.126165
0.128854
0.131411
0.133815
0.136047
0.138090
0.139934
0.141568
0.142987
0.144189
0.145178
0.145958
0.146539
0.146934
0.147158
0.147231
0.147172
0.147004
0.146753
0.146443
0.146101
0.145752
0.145425
0.145144
0.144934
0.144817
0.144816
0.144950
0.145234
0.145683
0.146307
0.147115
0.148111
0.149295
0.150668
0.152222
0.153951
0.155842
0.157884
0.160058
0.162348
0.164734
0.167194
0.169707
0.172248
0.174796
0.177328
0.179820
0.182252
0.184604
0.186857
0.188994
0.191001
0.192866
0.194579
0.196135
0.197528
0.198759
0.199827
0.200739
0.201500
0.202122
0.202615
0.202993
0.203273
0.203471
0.203606
0.203697
0.203765
0.203829
0.203908
0.204024
0.204193
0.204433
0.204761
0.205190
0.205733
0.206401
0.207200
0.208137
0.209216
0.210435
0.211795
0.213291
0.214916
0.216661
0.218517
0.220470
0.222507
0.224612
0.226769
0.228962
0.231173
0.233384
0.235577
0.237737
0.239847
0.241892
0.243858
0.245733
0.247507
0.249170
0.250717
0.252142
0.253444
0.254621
0.255676
0.256613
0.257438
0.258158
0.258784
0.259326
0.259797
0.260210
0.260580
0.260921
0.261248
0.261578
0.261924
0.262302
0.262726
0.263207
0.263758
0.264389
0.265109
0.265925
0.266841
0.267863
0.268990
0.270223
0.271560
0.272996
0.274525
0.276141
0.277834
0.279594
0.281410
0.283269
0.285160
0.287069
0.288982
0.290887
0.292770
0.294618
0.296420
0.298165
0.299843
0.301446
0.302966
0.304398
0.305738
0.306984
0.308135
0.309192
0.310157
0.311035
0.311832
0.312554
0.313210
0.313809
0.314361
0.314878
0.315369
0.315847
0.316324
0.316812
0.317320
0.317860
0.318442
0.319075
0.319767
0.320524
0.321353
0.322256
0.323237
0.324298
0.325436
0.326653
0.327942
0.329302
0.330725
0.332204
0.333733
0.335303
0.336903
0.338525
0.340158
0.341792
0.343417
0.345023
0.346601
0.348141
0.349635
0.351076
0.352458
0.353776
0.355025
0.356204
0.357309
0.358342
0.359303
0.360195
0.361021
0.361785
0.362495
0.363156
0.363775
0.364361
0.364922
0.365466
0.366003
0.366541
0.367089
0.367656
0.368248
0.368875
0.369541
0.370254
0.371016
0.371833
0.372706
0.373636
0.374625
0.375672
0.376774
0.377928
0.379131
0.380377
0.381661
0.382977
0.384317
0.385674
0.387041
0.388410
0.389772
0.391122
0.392450
0.393750
0.395016
0.396243
0.397424
0.398557
0.399638
0.400664
0.401634
0.402549
0.403408
0.404214
0.404969
0.405677
0.406342
0.406968
0.407562
0.408130
0.408677
0.409211
0.409737
0.410264
0.410797
0.411343
0.411907
0.412495
0.413113
0.413764
0.414451
0.415178
0.415946
0.416755
0.417607
0.418500
0.419433
0.420404
0.421408
0.422443
0.423503
0.424584
0.425681
0.426787
0.427898
0.429007
0.430109
0.431197
0.432266
0.433312
0.434329
0.435314
0.436263
0.437173
0.438042
0.438869
0.439654
0.440395
0.441094
0.441753
0.442375
0.442961
0.443516
0.444043
0.444547
0.445033
0.445505
0.445969
0.446429
0.446890
0.447358
0.447837
0.448330
0.448843
0.449378
0.449938
0.450525
0.451141
0.451787
0.452462
0.453167
0.453900
0.454660
0.455444
0.456250
0.457074
0.457913
0.458762
0.459619
0.460477
0.461334
0.462184
0.463024
0.463849
0.464655
0.465440
0.466199
0.466930
0.467632
0.468302
0.468940
0.469544
0.470116
0.470656
0.471164
0.471643
0.472096
0.472524
0.472930
0.473318
0.473692
0.474054
0.474409
0.474761
0.475112
0.475467
0.475829
0.476202
0.476587
0.476987
0.477405
0.477842
0.478298
0.478774
0.479271
0.479788
0.480325
0.480878
0.481448
0.482032
0.482627
0.483230
0.483839
0.484450
0.485061
0.485668
0.486267
0.486857
0.487433
0.487993
0.488535
0.489057
0.489556
0.490031
0.490482
0.490907
0.491307
0.491682
0.492032
0.492358
0.492663
0.492947
0.493213
0.493463
0.493700
0.493926
0.494144
0.494357
0.494566
0.494776
0.494989
0.495206
0.495430
0.495663
0.495907
0.496163
0.496431
0.496712
0.497007
0.497315
0.497635
0.497968
0.498311
0.498663
0.499022
0.499387
0.499755
0.500125
0.500493
0.500858
0.501216
0.501567
0.501907
0.502235
0.502549
0.502847
0.503127
0.503390
0.503633
0.503857
0.504061
0.504245
0.504409
0.504556
0.504684
0.504797
0.504894
0.504979
0.505051
0.505115
0.505170
0.505220
0.505266
0.505310
0.505355
0.505401
0.505450
0.505504
0.505564
0.505631
0.505706
0.505788
0.505879
0.505978
0.506084
0.506197
0.506317
0.506442
0.506571
0.506703
0.506835
0.506967
0.507097
0.507224
0.507344
0.507458
0.507563
0.507658
0.507742
0.507812
0.507870
0.507912
0.507940
0.507952
0.507949
0.507930
0.507896
0.507848
0.507785
0.507709
0.507621
0.507523
0.507414
0.507298
0.507174
0.507045
0.506911
0.506775
0.506637
0.506499
0.506362
0.506227
0.506095
0.505966
0.505841
0.505720
0.505604
0.505492
0.505384
0.505279
0.505178
0.505079
0.504981
0.504883
0.504785
0.504686
0.504583
0.504477
0.504365
0.504247
0.504121
0.503987
0.503843
0.503690
0.503525
0.503348
0.503160
0.502959
0.502746
0.502520
0.502283
0.502033
0.501772
0.501501
0.501220
0.500930
0.500631
0.500325
0.500013
0.499696
0.499374
0.499048
0.498721
0.498391
0.498061
0.497731
0.497401
0.497072
0.496745
0.496419
0.496095
0.495772
0.495451
0.495132
0.494813
0.494494
0.494175
0.493855
0.493533
0.493208
0.492881
0.492549
0.492212
0.491870
0.491521
0.491165
0.490802
0.490429
0.490048
0.489657
0.489257
0.488846
0.488426
0.487996
0.487556
0.487106
0.486648
0.486180
0.485704
0.485220
0.484729
0.484232
0.483729
0.483220
0.482707
0.482191
0.481671
0.481148
0.480624
0.480098
0.479570
0.479043
0.478515
0.477986
0.477458
0.476929
0.476400
0.475871
0.475341
0.474810
0.474278
0.473744
0.473207
0.472668
0.472125
0.471578
0.471027
0.470471
0.469910
0.469342
0.468767
0.468186
0.467598
0.467001
0.466397
0.465785
0.465165
0.464536
0.463900
0.463256
0.462603
0.461944
0.461277
0.460604
0.459924
0.459238
0.458547
0.457851
0.457150
0.456446
0.455737
0.455026
0.454311
0.453595
0.452876
0.452155
0.451433
0.450709
0.449984
0.449258
0.448531
0.447802
0.447071
0.446339
0.445605
0.444869
0.444130
0.443389
0.442644
0.441895
0.441142
0.440385
0.439624
0.438857
0.438085
0.437307
0.436523
0.435734
0.434937
0.434134
0.433325
0.432509
0.431686
0.430856
0.430020
0.429178
0.428329
0.427475
0.426615
0.425750
0.424880
0.424004
0.423125
0.422241
0.421353
0.420462
0.419568
0.418670
0.417770
0.416868
0.415963
0.415056
0.414147
0.413236
0.412323
0.411409
0.410492
0.409573
0.408652
0.407729
0.406803
0.405874
0.404943
0.404008
0.403070
0.402128
0.401182
0.400232
0.399278
0.398319
0.397355
0.396386
0.395413
0.394434
0.393449
0.392459
0.391464
0.390463
0.389456
0.388444
0.387427
0.386405
0.385378
0.384347
0.383310
0.382269
0.381224
0.380175
0.379122
0.378065
0.377005
0.375942
0.374876
0.373807
0.372736
0.371662
0.370585
0.369507
0.368426
0.367343
0.366258
0.365170
0.364080
0.362988
0.361894
0.360798
0.359698
0.358596
0.357491
0.356383
0.355271
0.354157
0.353038
0.351917
0.350791
0.349661
0.348528
0.347390
0.346248
0.345102
0.343951
0.342796
0.341636
0.340472
0.339303
0.338130
0.336953
0.335772
0.334587
0.333398
0.332205
0.331008
0.329808
0.328604
0.327397
0.326187
0.324974
0.323758
0.322540
0.321318
0.320095
0.318869
0.317641
0.316410
0.315177
0.313943
0.312706
0.311466
0.310225
0.308982
0.307736
0.306488
0.305238
0.303985
0.302730
0.301472
0.300211
0.298948
0.297681
0.296412
0.295139
0.293863
0.292584
0.291302
0.290016
0.288727
0.287434
0.286138
0.284838
0.283535
0.282228
0.280918
0.279604
0.278288
0.276968
0.275645
0.274318
0.272989
0.271657
0.270322
0.268985
0.267644
0.266301
0.264956
0.263609
0.262259
0.260907
0.259553
0.258197
0.256839
0.255479
0.254117
0.252753
0.251387
0.250020
0.248651
0.247279
0.245906
0.244531
0.243154
0.241775
0.240394
0.239010
0.237624
0.236236
0.234846
0.233453
0.232058
0.230661
0.229261
0.227858
0.226453
0.225045
0.223634
0.222221
0.220805
0.219387
0.217966
0.216543
0.215117
0.213689
0.212258
0.210825
0.209390
0.207953
0.206513
0.205071
0.203627
0.202181
0.200733
0.199284
0.197832
0.196379
0.194924
0.193468
0.192010
0.190550
0.189089
0.187627
0.186163
0.184697
0.183231
0.181762
0.180293
0.178822
0.177349
0.175875
0.174399
0.172922
0.171444
0.169964
0.168482
0.166998
0.165513
0.164026
0.162537
0.161047
0.159555
0.158061
0.156565
0.155068
0.153569
0.152068
0.150565
0.149061
0.147555
0.146047
0.144538
0.143027
0.141515
0.140001
0.138485
0.136968
0.135449
0.133930
0.132409
0.130886
0.129363
0.127838
0.126312
0.124785
0.123257
0.121728
0.120198
0.118667
0.117135
0.115602
0.114068
0.112534
0.110998
0.109462
0.107925
0.106387
0.104848
0.103308
0.101768
0.100226
0.098684
0.097141
0.095597
0.094052
0.092506
0.090959
0.089411
0.087862
0.086313
0.084762
0.083210
0.081657
0.080104
0.078549
0.076994
0.075437
0.073880
0.072322
0.070763
0.069203
0.067642
0.066081
0.064518
0.062955
0.061392
0.059828
0.058263
0.056698
0.055132
0.053565
0.051999
0.050432
0.048864
0.047296
0.045728
0.044160
0.042591
0.041022
0.039453
0.037884
0.036315
0.034745
0.033175
0.031605
0.030035
0.028465
0.026895
0.025324
0.023753
0.022182
0.020611
0.019040
0.017468
0.015897
0.014325
0.012753
0.011181
0.009608
0.008036
0.006463
0.004890
0.003317
0.001744
0.000170
-0.001403
-0.002977
-0.004551
-0.006125
-0.007698
-0.009272
-0.010846
-0.012420
-0.013993
-0.015567
-0.017140
-0.018713
-0.020286
-0.021859
-0.023431
-0.025003
-0.026575
-0.028146
-0.029717
-0.031287
-0.032857
-0.034427
-0.035996
-0.037564
-0.039132
-0.040700
-0.042267
-0.043833
-0.045399
-0.046964
-0.048529
-0.050093
-0.051657
-0.053220
-0.054783
-0.056345
-0.057906
-0.059467
-0.061027
-0.062587
-0.064146
-0.065704
-0.067262
-0.068820
-0.070376
-0.071933
-0.073488
-0.075043
-0.076597
-0.078151
-0.079704
-0.081256
-0.082807
-0.084358
-0.085908
-0.087457
-0.089005
-0.090553
-0.092099
-0.093645
-0.095189
-0.096733
-0.098275
-0.099817
-0.101357
-0.102896
-0.104435
-0.105972
-0.107508
-0.109043
-0.110576
-0.112108
-0.113640
-0.115170
-0.116698
-0.118226
-0.119752
-0.121277
-0.122800
-0.124323
-0.125844
-0.127364
-0.128882
-0.130399
-0.131915
-0.133430
-0.134943
-0.136455
-0.137966
-0.139476
-0.140984
-0.142490
-0.143996
-0.145500
-0.147003
-0.148504
-0.150004
-0.151502
-0.152999
-0.154495
-0.155989
-0.157481
-0.158973
-0.160462
-0.161950
-0.163436
-0.164921
-0.166404
-0.167885
-0.169365
-0.170843
-0.172319
-0.173794
-0.175267
-0.176737
-0.178206
-0.179674
-0.181139
-0.182602
-0.184064
-0.185524
-0.186981
-0.188437
-0.189891
-0.191343
-0.192793
-0.194241
-0.195687
-0.197131
-0.198574
-0.200014
-0.201452
-0.202888
-0.204322
-0.205755
-0.207185
-0.208613
-0.210039
-0.211463
-0.212885
-0.214305
-0.215723
-0.217139
-0.218553
-0.219965
-0.221374
-0.222782
-0.224187
-0.225590
-0.226991
-0.228389
-0.229786
-0.231180
-0.232572
-0.233961
-0.235348
-0.236733
-0.238116
-0.239496
-0.240873
-0.242249
-0.243621
-0.244992
-0.246360
-0.247725
-0.249088
-0.250448
-0.251806
-0.253161
-0.254514
-0.255864
-0.257211
-0.258556
-0.259898
-0.261238
-0.262575
-0.263910
-0.265242
-0.266571
-0.267897
-0.269221
-0.270543
-0.271861
-0.273178
-0.274491
-0.275802
-0.277110
-0.278415
-0.279717
-0.281017
-0.282314
-0.283609
-0.284900
-0.286189
-0.287475
-0.288758
-0.290039
-0.291316
-0.292591
-0.293863
-0.295131
-0.296397
-0.297660
-0.298920
-0.300177
-0.301432
-0.302683
-0.303931
-0.305176
-0.306417
-0.307656
-0.308892
-0.310125
-0.311354
-0.312581
-0.313804
-0.315024
-0.316241
-0.317455
-0.318666
-0.319873
-0.321077
-0.322278
-0.323476
-0.324671
-0.325863
-0.327051
-0.328236
-0.329418
-0.330597
-0.331772
-0.332944
-0.334113
-0.335279
-0.336441
-0.337600
-0.338756
-0.339909
-0.341058
-0.342203
-0.343346
-0.344485
-0.345620
-0.346752
-0.347881
-0.349006
-0.350128
-0.351247
-0.352362
-0.353473
-0.354581
-0.355685
-0.356786
-0.357884
-0.358977
-0.360068
-0.361154
-0.362237
-0.363317
-0.364392
-0.365465
-0.366533
-0.367598
-0.368659
-0.369717
-0.370771
-0.371821
-0.372868
-0.373911
-0.374950
-0.375986
-0.377018
-0.378046
-0.379070
-0.380091
-0.381108
-0.382121
-0.383131
-0.384137
-0.385138
-0.386136
-0.387131
-0.388121
-0.389108
-0.390091
-0.391069
-0.392044
-0.393016
-0.393983
-0.394946
-0.395906
-0.396861
-0.397813
-0.398761
-0.399705
-0.400644
-0.401580
-0.402512
-0.403440
-0.404364
-0.405284
-0.406200
-0.407112
-0.408020
-0.408924
-0.409824
-0.410719
-0.411611
-0.412499
-0.413382
-0.414262
-0.415137
-0.416009
-0.416876
-0.417739
-0.418598
-0.419453
-0.420304
-0.421150
-0.421993
-0.422831
-0.423665
-0.424495
-0.425320
-0.426142
-0.426959
-0.427772
-0.428581
-0.429385
-0.430186
-0.430982
-0.431773
-0.432561
-0.433344
-0.434123
-0.434898
-0.435668
-0.436434
-0.437196
-0.437954
-0.438707
-0.439456
-0.440200
-0.440941
-0.441676
-0.442408
-0.443135
-0.443858
-0.444576
-0.445290
-0.446000
-0.446705
-0.447406
-0.448102
-0.448794
-0.449482
-0.450165
-0.450844
-0.451518
-0.452188
-0.452853
-0.453514
-0.454170
-0.454822
-0.455469
-0.456112
-0.456751
-0.457384
-0.458014
-0.458638
-0.459259
-0.459874
-0.460486
-0.461092
-0.461694
-0.462292
-0.462885
-0.463473
-0.464057
-0.464636
-0.465211
-0.465781
-0.466347
-0.466907
-0.467464
-0.468015
-0.468563
-0.469105
-0.469643
-0.470176
-0.470705
-0.471229
-0.471748
-0.472262
-0.472773
-0.473278
-0.473778
-0.474274
-0.474766
-0.475252
-0.475734
-0.476211
-0.476684
-0.477152
-0.477615
-0.478073
-0.478527
-0.478976
-0.479420
-0.479860
-0.480295
-0.480725
-0.481150
-0.481570
-0.481986
-0.482397
-0.482803
-0.483205
-0.483602
-0.483993
-0.484381
-0.484763
-0.485141
-0.485513
-0.485882
-0.486245
-0.486603
-0.486957
-0.487306
-0.487650
-0.487989
-0.488323
-0.488653
-0.488978
-0.489298
-0.489613
-0.489923
-0.490229
-0.490530
-0.490825
-0.491116
-0.491402
-0.491684
-0.491960
-0.492232
-0.492499
-0.492760
-0.493017
-0.493270
-0.493517
-0.493759
-0.493997
-0.494229
-0.494457
-0.494680
-0.494898
-0.495111
-0.495320
-0.495523
-0.495721
-0.495915
-0.496104
-0.496287
-0.496466
-0.496640
-0.496809
-0.496974
-0.497133
-0.497287
-0.497437
-0.497581
-0.497721
-0.497856
-0.497986
-0.498111
-0.498231
-0.498346
-0.498456
-0.498561
-0.498661
-0.498757
-0.498847
-0.498933
-0.499014
-0.499089
-0.499160
-0.499226
-0.499287
-0.499343
-0.499394
-0.499440
-0.499482
-0.499518
-0.499549
-0.499576
-0.499597
-0.499614
-0.499626
-0.499633
-0.499634
-0.499631
-0.499623
-0.499610
-0.499592
-0.499570
-0.499542
-0.499509
-0.499472
-0.499429
-0.499382
-0.499329
-0.499272
-0.499210
-0.499143
-0.499071
-0.498994
-0.498912
-0.498825
-0.498733
-0.498636
-0.498535
-0.498428
-0.498317
-0.498201
-0.498079
-0.497953
-0.497822
-0.497686
-0.497545
-0.497399
-0.497248
-0.497093
-0.496932
-0.496767
-0.496596
-0.496421
-0.496241
-0.496056
-0.495866
-0.495671
-0.495471
-0.495267
-0.495057
-0.494843
-0.494624
-0.494399
-0.494170
-0.493936
-0.493698
-0.493454
-0.493206
-0.492952
-0.492694
-0.492431
-0.492163
-0.491890
-0.491613
-0.491330
-0.491043
-0.490751
-0.490454
-0.490152
-0.489845
-0.489534
-0.489217
-0.488896
-0.488570
-0.488239
-0.487903
-0.487563
-0.487218
-0.486867
-0.486512
-0.486153
-0.485788
-0.485419
-0.485045
-0.484666
-0.484282
-0.483893
-0.483500
-0.483102
-0.482699
-0.482292
-0.481879
-0.481462
-0.481040
-0.480614
-0.480183
-0.479746
-0.479306
-0.478860
-0.478410
-0.477955
-0.477495
-0.477031
-0.476562
-0.476088
-0.475610
-0.475126
-0.474639
-0.474146
-0.473649
-0.473147
-0.472640
-0.472129
-0.471613
-0.471093
-0.470567
-0.470037
-0.469503
-0.468964
-0.468420
-0.467872
-0.467319
-0.466761
-0.466199
-0.465632
-0.465060
-0.464484
-0.463904
-0.463318
-0.462729
-0.462134
-0.461535
-0.460932
-0.460324
-0.459711
-0.459094
-0.458472
-0.457846
-0.457215
-0.456580
-0.455940
-0.455296
-0.454648
-0.453994
-0.453337
-0.452675
-0.452008
-0.451337
-0.450661
-0.449981
-0.449297
-0.448608
-0.447915
-0.447217
-0.446515
-0.445809
-0.445098
-0.444382
-0.443663
-0.442938
-0.442210
-0.441477
-0.440740
-0.439998
-0.439252
-0.438502
-0.437748
-0.436989
-0.436225
-0.435458
-0.434686
-0.433910
-0.433130
-0.432345
-0.431556
-0.430763
-0.429965
-0.429164
-0.428358
-0.427547
-0.426733
-0.425914
-0.425091
-0.424264
-0.423433
-0.422598
-0.421758
-0.420915
-0.420067
-0.419215
-0.418358
-0.417498
-0.416634
-0.415765
-0.414893
-0.414016
-0.413135
-0.412250
-0.411361
-0.410468
-0.409571
-0.408670
-0.407765
-0.406856
-0.405942
-0.405025
-0.404104
-0.403179
-0.402250
-0.401317
-0.400379
-0.399438
-0.398493
-0.397545
-0.396592
-0.395635
-0.394674
-0.393710
-0.392741
-0.391769
-0.390792
-0.389812
-0.388828
-0.387841
-0.386849
-0.385854
-0.384854
-0.383851
-0.382844
-0.381834
-0.380819
-0.379801
-0.378779
-0.377753
-0.376724
-0.375691
-0.374654
-0.373613
-0.372569
-0.371521
-0.370470
-0.369415
-0.368356
-0.367293
-0.366227
-0.365157
-0.364084
-0.363007
-0.361926
-0.360842
-0.359755
-0.358663
-0.357568
-0.356470
-0.355368
-0.354263
-0.353154
-0.352041
-0.350926
-0.349806
-0.348683
-0.347557
-0.346427
-0.345294
-0.344158
-0.343018
-0.341874
-0.340728
-0.339577
-0.338424
-0.337267
-0.336107
-0.334944
-0.333777
-0.332607
-0.331433
-0.330257
-0.329077
-0.327894
-0.326708
-0.325518
-0.324325
-0.323129
-0.321930
-0.320728
-0.319522
-0.318314
-0.317102
-0.315887
-0.314669
-0.313448
-0.312224
-0.310996
-0.309766
-0.308532
-0.307296
-0.306056
-0.304814
-0.303568
-0.302319
-0.301068
-0.299813
-0.298555
-0.297295
-0.296031
-0.294765
-0.293496
-0.292224
-0.290948
-0.289670
-0.288389
-0.287106
-0.285819
-0.284530
-0.283238
-0.281943
-0.280645
-0.279344
-0.278041
-0.276735
-0.275426
-0.274115
-0.272800
-0.271484
-0.270164
-0.268842
-0.267517
-0.266189
-0.264859
-0.263526
-0.262191
-0.260853
-0.259512
-0.258169
-0.256824
-0.255476
-0.254125
-0.252772
-0.251416
-0.250058
-0.248697
-0.247334
-0.245968
-0.244600
-0.243230
-0.241857
-0.240481
-0.239104
-0.237724
-0.236341
-0.234957
-0.233570
-0.232180
-0.230789
-0.229395
-0.227998
-0.226600
-0.225199
-0.223796
-0.222391
-0.220984
-0.219574
-0.218162
-0.216749
-0.215333
-0.213915
-0.212494
-0.211072
-0.209647
-0.208221
-0.206792
-0.205362
-0.203929
-0.202495
-0.201058
-0.199619
-0.198179
-0.196736
-0.195292
-0.193845
-0.192397
-0.190947
-0.189495
-0.188041
-0.186585
-0.185127
-0.183667
-0.182206
-0.180743
-0.179278
-0.177811
-0.176343
-0.174873
-0.173401
-0.171927
-0.170452
-0.168974
-0.167496
-0.166015
-0.164533
-0.163050
-0.161564
-0.160077
-0.158589
-0.157099
-0.155607
-0.154114
-0.152619
-0.151123
-0.149626
-0.148126
-0.146626
-0.145124
-0.143620
-0.142115
-0.140609
-0.139101
-0.137592
-0.136082
-0.134570
-0.133057
-0.131542
-0.130027
-0.128510
-0.126991
-0.125472
-0.123951
-0.122429
-0.120906
-0.119381
-0.117856
-0.116329
-0.114801
-0.113272
-0.111742
-0.110211
-0.108678
-0.107145
-0.105610
-0.104075
-0.102538
-0.101001
-0.099462
-0.097923
-0.096382
-0.094841
-0.093298
-0.091755
-0.090210
-0.088665
-0.087119
-0.085572
-0.084024
-0.082476
-0.080926
-0.079376
-0.077825
-0.076273
-0.074721
-0.073167
-0.071613
-0.070059
-0.068503
-0.066947
-0.065391
-0.063833
-0.062275
-0.060717
-0.059158
-0.057598
-0.056038
-0.054477
-0.052915
-0.051353
-0.049791
-0.048228
-0.046664
-0.045101
-0.043536
-0.041971
-0.040406
-0.038841
-0.037275
-0.035708
-0.034142
-0.032575
-0.031007
-0.029439
-0.027871
-0.026303
-0.024735
-0.023166
-0.021597
-0.020028
-0.018458
-0.016889
-0.015319
-0.013749
-0.012179
-0.010609
-0.009038
-0.007468
-0.005898
-0.004327
-0.002757
-0.001186
0.000385
0.001955
0.003526
0.005096
0.006667
0.008237
0.009807
0.011378
0.012948
0.014518
0.016087
0.017657
0.019226
0.020796
0.022365
0.023934
0.025502
0.027071
0.028639
0.030207
0.031774
0.033341
0.034908
0.036475
0.038041
0.039607
0.041172
0.042737
0.044302
0.045866
0.047429
0.048993
0.050555
0.052118
0.053679
0.055241
0.056801
0.058361
0.059921
0.061480
0.063038
0.064596
0.066153
0.067709
0.069265
0.070820
0.072375
0.073928
0.075481
0.077033
0.078585
0.080135
0.081685
0.083234
0.084782
0.086329
0.087876
0.089421
0.090966
0.092510
0.094053
0.095595
0.097136
0.098676
0.100215
0.101753
0.103290
0.104826
0.106361
0.107895
0.109428
0.110960
0.112491
0.114020
0.115549
0.117076
0.118602
0.120127
0.121651
0.123174
0.124695
0.126216
0.127735
0.129252
0.130769
0.132284
0.133798
0.135310
0.136821
0.138331
0.139839
0.141346
0.142852
0.144356
0.145859
0.147360
0.148860
0.150359
0.151856
0.153351
0.154845
0.156337
0.157828
0.159318
0.160805
0.162291
0.163776
0.165259
0.166740
0.168220
0.169697
0.171174
0.172648
0.174121
0.175592
0.177062
0.178529
0.179995
0.181459
0.182922
0.184382
0.185841
0.187298
0.188753
0.190206
0.191657
0.193106
0.194554
0.195999
0.197443
0.198885
0.200324
0.201762
0.203198
0.204631
0.206063
0.207493
0.208920
0.210346
0.211769
0.213191
0.214610
0.216027
0.217442
0.218855
0.220265
0.221674
0.223080
0.224484
0.225886
0.227286
0.228683
0.230078
0.231471
0.232861
0.234250
0.235636
0.237019
0.238401
0.239779
0.241156
0.242530
0.243902
0.245271
0.246638
0.248003
0.249365
0.250724
0.252081
0.253436
0.254788
0.256138
0.257485
0.258829
0.260171
0.261511
0.262847
0.264182
0.265513
0.266842
0.268169
0.269492
0.270813
0.272132
0.273447
0.274760
0.276071
0.277378
0.278683
0.279985
0.281284
0.282581
0.283874
0.285165
0.286453
0.287738
0.289021
0.290300
0.291577
0.292851
0.294122
0.295390
0.296655
0.297917
0.299176
0.300432
0.301685
0.302936
0.304183
0.305427
0.306669
0.307907
0.309142
0.310374
0.311603
0.312829
0.314052
0.315272
0.316489
0.317702
0.318913
0.320120
0.321324
0.322525
0.323723
0.324917
0.326109
0.327297
0.328482
0.329663
0.330842
0.332017
0.333189
0.334357
0.335523
0.336685
0.337843
0.338998
0.340150
0.341299
0.342444
0.343586
0.344724
0.345859
0.346991
0.348119
0.349244
0.350365
0.351483
0.352598
0.353708
0.354816
0.355920
0.357020
0.358117
0.359210
0.360300
0.361386
0.362469
0.363548
0.364623
0.365695
0.366763
0.367828
0.368889
0.369946
0.371000
0.372050
0.373097
0.374139
0.375178
0.376214
0.377245
0.378273
0.379297
0.380318
0.381334
0.382347
0.383356
0.384361
0.385363
0.386361
0.387355
0.388345
0.389331
0.390313
0.391292
0.392266
0.393237
0.394204
0.395167
0.396126
0.397081
0.398033
0.398980
0.399923
0.400863
0.401798
0.402730
0.403658
0.404581
0.405501
0.406416
0.407328
0.408235
0.409139
0.410038
0.410934
0.411825
0.412713
0.413596
0.414475
0.415350
0.416221
0.417088
0.417951
0.418809
0.419664
0.420514
0.421360
0.422202
0.423040
0.423874
0.424703
0.425529
0.426350
0.427167
0.427979
0.428788
0.429592
0.430392
0.431188
0.431979
0.432767
0.433550
0.434328
0.435103
0.435873
0.436639
0.437400
0.438157
0.438910
0.439659
0.440403
0.441143
0.441878
0.442609
0.443336
0.444058
0.444776
0.445490
0.446199
0.446904
0.447604
0.448300
0.448992
0.449679
0.450362
0.451040
0.451714
0.452383
0.453048
0.453708
0.454364
0.455016
0.455663
0.456305
0.456943
0.457576
0.458205
0.458830
0.459450
0.460065
0.460676
0.461282
0.461884
0.462481
0.463073
0.463661
0.464245
0.464824
0.465398
0.465968
0.466533
0.467093
0.467649
0.468200
0.468747
0.469289
0.469826
0.470359
0.470887
0.471411
0.471929
0.472443
0.472953
0.473458
0.473958
0.474453
0.474944
0.475430
0.475912
0.476388
0.476860
0.477328
0.477790
0.478248
0.478701
0.479150
0.479594
0.480033
0.480467
0.480896
0.481321
0.481741
0.482156
0.482567
0.482973
0.483374
0.483770
0.484161
0.484548
0.484930
0.485307
0.485679
0.486047
0.486409
0.486767
0.487120
0.487469
0.487812
0.488151
0.488485
0.488814
0.489138
0.489457
0.489772
0.490082
0.490387
0.490687
0.490982
0.491272
0.491558
0.491839
0.492114
0.492385
0.492652
0.492913
0.493169
0.493421
0.493668
0.493909
0.494146
0.494378
0.494605
0.494828
0.495045
0.495258
0.495465
0.495668
0.495866
0.496059
0.496247
0.496430
0.496609
0.496782
0.496950
0.497114
0.497273
0.497427
0.497575
0.497719
0.497858
0.497993
0.498122
0.498246
0.498366
0.498480
0.498590
0.498694
0.498794
0.498889
0.498979
0.499064
0.499144
0.499219
0.499289
0.499355
0.499415
0.499471
0.499521
0.499567
0.499607
0.499643
0.499674
0.499700
0.499721
0.499737
0.499748
0.499754
0.499756
0.499752
0.499743
0.499730
0.499711
0.499688
0.499659
0.499626
0.499588
0.499545
0.499497
0.499444
0.499386
0.499323
0.499255
0.499182
0.499105
0.499022
0.498934
0.498842
0.498745
0.498642
0.498535
0.498423
0.498306
0.498184
0.498057
0.497926
0.497789
0.497648
0.497501
0.497350
0.497193
0.497032
0.496866
0.496695
0.496519
0.496338
0.496153
0.495962
0.495767
0.495566
0.495361
0.495151
0.494936
0.494716
0.494491
0.494262
0.494027
0.493788
0.493543
0.493294
0.493040
0.492781
0.492518
0.492249
0.491976
0.491697
0.491414
0.491126
0.490833
0.490535
0.490233
0.489925
0.489613
0.489296
0.488974
0.488647
0.488316
0.487979
0.487638
0.487292
0.486941
0.486586
0.486225
0.485860
0.485490
0.485115
0.484736
0.484351
0.483962
0.483568
0.483170
0.482766
0.482358
0.481945
0.481527
0.481105
0.480678
0.480246
0.479809
0.479368
0.478922
0.478471
0.478015
0.477555
0.477090
0.476620
0.476146
0.475667
0.475183
0.474694
0.474201
0.473703
0.473201
0.472693
0.472182
0.471665
0.471144
0.470618
0.470087
0.469552
0.469012
0.468468
0.467919
0.467365
0.466807
0.466244
0.465676
0.465104
0.464528
0.463946
0.463361
0.462770
0.462175
0.461576
0.460972
0.460363
0.459750
0.459132
0.458510
0.457883
0.457252
0.456616
0.455976
0.455331
0.454682
0.454028
0.453370
0.452707
0.452040
0.451368
0.450692
0.450012
0.449327
0.448637
0.447943
0.447245
0.446542
0.445835
0.445124
0.444408
0.443687
0.442963
0.442234
0.441500
0.440762
0.440020
0.439274
0.438523
0.437768
0.437008
0.436244
0.435476
0.434704
0.433927
0.433146
0.432361
0.431571
0.430778
0.429980
0.429177
0.428371
0.427560
0.426745
0.425926
0.425103
0.424275
0.423443
0.422607
0.421767
0.420923
0.420075
0.419222
0.418365
0.417505
0.416640
0.415770
0.414897
0.414020
0.413139
0.412253
0.411364
0.410470
0.409572
0.408671
0.407765
0.406855
0.405941
0.405023
0.404102
0.403176
0.402246
0.401312
0.400375
0.399433
0.398487
0.397538
0.396584
0.395627
0.394666
0.393701
0.392731
0.391759
0.390782
0.389801
0.388817
0.387828
0.386836
0.385840
0.384840
0.383837
0.382829
0.381818
0.380803
0.379784
0.378762
0.377736
0.376706
0.375672
0.374635
0.373594
0.372549
0.371500
0.370448
0.369392
0.368333
0.367270
0.366203
0.365133
0.364059
0.362981
0.361900
0.360816
0.359727
0.358636
0.357540
0.356441
0.355339
0.354233
0.353124
0.352011
0.350894
0.349774
0.348651
0.347524
0.346394
0.345261
0.344124
0.342983
0.341839
0.340692
0.339542
0.338388
0.337231
0.336070
0.334906
0.333739
0.332569
0.331395
0.330218
0.329037
0.327854
0.326667
0.325477
0.324284
0.323087
0.321888
0.320685
0.319479
0.318270
0.317058
0.315842
0.314624
0.313402
0.312177
0.310949
0.309718
0.308484
0.307247
0.306007
0.304764
0.303518
0.302269
0.301017
0.299762
0.298504
0.297243
0.295979
0.294712
0.293443
0.292170
0.290894
0.289616
0.288335
0.287051
0.285764
0.284474
0.283181
0.281886
0.280588
0.279287
0.277983
0.276677
0.275368
0.274056
0.272741
0.271424
0.270104
0.268781
0.267456
0.266128
0.264798
0.263465
0.262129
0.260790
0.259449
0.258106
0.256760
0.255411
0.254060
0.252707
0.251350
0.249992
0.248631
0.247267
0.245901
0.244533
0.243162
0.241789
0.240413
0.239035
0.237655
0.236272
0.234887
0.233500
0.232110
0.230718
0.229324
0.227927
0.226529
0.225128
0.223724
0.222319
0.220911
0.219502
0.218090
0.216675
0.215259
0.213841
0.212420
0.210998
0.209573
0.208146
0.206718
0.205287
0.203854
0.202419
0.200982
0.199543
0.198102
0.196660
0.195215
0.193768
0.192320
0.190869
0.189417
0.187962
0.186506
0.185048
0.183589
0.182127
0.180664
0.179199
0.177732
0.176263
0.174792
0.173320
0.171846
0.170371
0.168894
0.167415
0.165934
0.164452
0.162968
0.161483
0.159996
0.158507
0.157017
0.155525
0.154032
0.152537
0.151041
0.149543
0.148044
0.146543
0.145041
0.143537
0.142032
0.140526
0.139018
0.137509
0.135999
0.134487
0.132974
0.131459
0.129943
0.128426
0.126908
0.125388
0.123867
0.122345
0.120822
0.119298
0.117772
0.116245
0.114717
0.113188
0.111658
0.110127
0.108594
0.107061
0.105526
0.103991
0.102454
0.100917
0.099378
0.097838
0.096298
0.094756
0.093214
0.091671
0.090126
0.088581
0.087035
0.085489
0.083941
0.082392
0.080843
0.079293
0.077742
0.076190
0.074638
0.073085
0.071531
0.069976
0.068421
0.066865
0.065308
0.063751
0.062193
0.060635
0.059076
0.057516
0.055956
0.054395
0.052834
0.051272
0.049710
0.048147
0.046584
0.045020
0.043456
0.041891
0.040326
0.038761
0.037195
0.035629
0.034062
0.032495
0.030928
0.029361
0.027793
0.026225
0.024657
0.023088
0.021519
0.019950
0.018381
0.016812
0.015242
0.013673
0.012103
0.010533
0.008963
0.007393
0.005823
0.004252
0.002682
0.001112
-0.000458
-0.002029
-0.003599
-0.005169
-0.006739
-0.008309
-0.009879
-0.011449
-0.013019
-0.014589
-0.016158
-0.017727
-0.019297
-0.020866
-0.022434
-0.024003
-0.025571
-0.027139
-0.028707
-0.030274
-0.031842
-0.033408
-0.034975
-0.036541
-0.038107
-0.039672
-0.041237
-0.042802
-0.044366
-0.045930
-0.047493
-0.049056
-0.050618
-0.052180
-0.053742
-0.055302
-0.056863
-0.058422
-0.059981
-0.061540
-0.063098
-0.064655
-0.066212
-0.067768
-0.069323
-0.070877
-0.072431
-0.073985
-0.075537
-0.077089
-0.078640
-0.080190
-0.081739
-0.083288
-0.084835
-0.086382
-0.087928
-0.089473
-0.091018
-0.092561
-0.094103
-0.095645
-0.097185
-0.098725
-0.100264
-0.101801
-0.103338
-0.104873
-0.106408
-0.107941
-0.109474
-0.111005
-0.112535
-0.114064
-0.115592
-0.117119
-0.118645
-0.120169
-0.121693
-0.123215
-0.124736
-0.126255
-0.127774
-0.129291
-0.130807
-0.132321
-0.133835
-0.135347
-0.136857
-0.138366
-0.139874
-0.141381
-0.142886
-0.144390
-0.145892
-0.147393
-0.148892
-0.150390
-0.151886
-0.153381
-0.154874
-0.156366
-0.157856
-0.159345
-0.160832
-0.162318
-0.163802
-0.165284
-0.166765
-0.168244
-0.169721
-0.171197
-0.172671
-0.174143
-0.175614
-0.177082
-0.178549
-0.180015
-0.181478
-0.182940
-0.184400
-0.185858
-0.187314
-0.188769
-0.190221
-0.191672
-0.193121
-0.194567
-0.196012
-0.197455
-0.198896
-0.200335
-0.201773
-0.203208
-0.204641
-0.206072
-0.207501
-0.208928
-0.210353
-0.211775
-0.213196
-0.214615
-0.216031
-0.217446
-0.218858
-0.220268
-0.221676
-0.223081
-0.224485
-0.225886
-0.227285
-0.228682
-0.230076
-0.231469
-0.232859
-0.234246
-0.235632
-0.237015
-0.238395
-0.239774
-0.241150
-0.242523
-0.243894
-0.245263
-0.246629
-0.247993
-0.249355
-0.250714
-0.252070
-0.253424
-0.254776
-0.256125
-0.257471
-0.258815
-0.260156
-0.261495
-0.262831
-0.264165
-0.265496
-0.266824
-0.268150
-0.269473
-0.270793
-0.272111
-0.273426
-0.274739
-0.276048
-0.277355
-0.278659
-0.279961
-0.281259
-0.282555
-0.283848
-0.285139
-0.286426
-0.287711
-0.288992
-0.290271
-0.291547
-0.292821
-0.294091
-0.295358
-0.296623
-0.297884
-0.299143
-0.300398
-0.301651
-0.302901
-0.304148
-0.305391
-0.306632
-0.307870
-0.309104
-0.310336
-0.311564
-0.312790
-0.314012
-0.315231
-0.316447
-0.317660
-0.318870
-0.320077
-0.321281
-0.322481
-0.323678
-0.324872
-0.326063
-0.327251
-0.328435
-0.329616
-0.330794
-0.331968
-0.333140
-0.334308
-0.335473
-0.336634
-0.337792
-0.338947
-0.340098
-0.341246
-0.342391
-0.343532
-0.344670
-0.345805
-0.346936
-0.348063
-0.349188
-0.350308
-0.351426
-0.352540
-0.353650
-0.354757
-0.355860
-0.356960
-0.358056
-0.359149
-0.360239
-0.361324
-0.362406
-0.363485
-0.364560
-0.365631
-0.366699
-0.367763
-0.368824
-0.369881
-0.370934
-0.371984
-0.373029
-0.374072
-0.375110
-0.376145
-0.377176
-0.378204
-0.379227
-0.380247
-0.381263
-0.382276
-0.383285
-0.384289
-0.385290
-0.386288
-0.387281
-0.388271
-0.389257
-0.390239
-0.391217
-0.392192
-0.393162
-0.394129
-0.395091
-0.396050
-0.397005
-0.397956
-0.398903
-0.399846
-0.400785
-0.401721
-0.402652
-0.403579
-0.404502
-0.405422
-0.406337
-0.407248
-0.408155
-0.409059
-0.409958
-0.410853
-0.411744
-0.412631
-0.413514
-0.414393
-0.415268
-0.416138
-0.417005
-0.417867
-0.418725
-0.419580
-0.420430
-0.421276
-0.422117
-0.422955
-0.423788
-0.424618
-0.425443
-0.426264
-0.427080
-0.427893
-0.428701
-0.429505
-0.430305
-0.431100
-0.431891
-0.432678
-0.433461
-0.434240
-0.435014
-0.435784
-0.436549
-0.437310
-0.438067
-0.438820
-0.439568
-0.440312
-0.441052
-0.441787
-0.442518
-0.443245
-0.443967
-0.444685
-0.445398
-0.446107
-0.446812
-0.447512
-0.448208
-0.448899
-0.449586
-0.450269
-0.450947
-0.451621
-0.452290
-0.452955
-0.453615
-0.454271
-0.454922
-0.455569
-0.456211
-0.456849
-0.457483
-0.458112
-0.458736
-0.459356
-0.459971
-0.460582
-0.461188
-0.461790
-0.462387
-0.462979
-0.463567
-0.464151
-0.464729
-0.465304
-0.465873
-0.466438
-0.466999
-0.467555
-0.468106
-0.468653
-0.469194
-0.469732
-0.470265
-0.470793
-0.471316
-0.471835
-0.472349
-0.472859
-0.473364
-0.473864
-0.474359
-0.474850
-0.475336
-0.475818
-0.476295
-0.476767
-0.477234
-0.477697
-0.478155
-0.478608
-0.479057
-0.479501
-0.479940
-0.480374
-0.480804
-0.481229
-0.481649
-0.482064
-0.482475
-0.482881
-0.483282
-0.483678
-0.484070
-0.484457
-0.484839
-0.485216
-0.485588
-0.485956
-0.486319
-0.486677
-0.487030
-0.487379
-0.487722
-0.488061
-0.488395
-0.488725
-0.489049
-0.489369
-0.489684
-0.489994
-0.490299
-0.490599
-0.490894
-0.491185
-0.491471
-0.491752
-0.492028
-0.492299
-0.492566
-0.492827
-0.493084
-0.493336
-0.493583
-0.493825
-0.494062
-0.494294
-0.494522
-0.494744
-0.494962
-0.495175
-0.495383
-0.495586
-0.495784
-0.495977
-0.496166
-0.496349
-0.496528
-0.496702
-0.496870
-0.497034
-0.497193
-0.497347
-0.497497
-0.497641
-0.497780
-0.497915
-0.498044
-0.498169
-0.498289
-0.498404
-0.498513
-0.498618
-0.498718
-0.498814
-0.498904
-0.498989
-0.499069
-0.499145
-0.499215
-0.499281
-0.499342
-0.499398
-0.499448
-0.499494
-0.499535
-0.499571
-0.499602
-0.499629
-0.499650
-0.499666
-0.499678
-0.499684
-0.499686
-0.499682
-0.499674
-0.499661
-0.499643
-0.499620
-0.499592
-0.499559
-0.499521
-0.499478
-0.499431
-0.499378
-0.499321
-0.499258
-0.499191
-0.499119
-0.499041
-0.498959
-0.498872
-0.498780
-0.498683
-0.498581
-0.498475
-0.498363
-0.498246
-0.498125
-0.497999
-0.497867
-0.497731
-0.497590
-0.497444
-0.497293
-0.497137
-0.496976
-0.496810
-0.496640
-0.496464
-0.496284
-0.496099
-0.495909
-0.495714
-0.495514
-0.495309
-0.495099
-0.494885
-0.494665
-0.494441
-0.494212
-0.493977
-0.493739
-0.493495
-0.493246
-0.492993
-0.492734
-0.492471
-0.492203
-0.491930
-0.491652
-0.491369
-0.491082
-0.490790
-0.490492
-0.490190
-0.489883
-0.489572
-0.489255
-0.488934
-0.488607
-0.488276
-0.487941
-0.487600
-0.487254
-0.486904
-0.486549
-0.486189
-0.485824
-0.485455
-0.485080
-0.484701
-0.484317
-0.483929
-0.483535
-0.483137
-0.482734
-0.482326
-0.481914
-0.481497
-0.481075
-0.480648
-0.480216
-0.479780
-0.479339
-0.478894
-0.478443
-0.477988
-0.477528
-0.477064
-0.476595
-0.476121
-0.475642
-0.475159
-0.474671
-0.474178
-0.473681
-0.473178
-0.472672
-0.472160
-0.471644
-0.471124
-0.470598
-0.470068
-0.469534
-0.468994
-0.468450
-0.467902
-0.467349
-0.466791
-0.466228
-0.465661
-0.465090
-0.464513
-0.463933
-0.463347
-0.462757
-0.462163
-0.461564
-0.460960
-0.460352
-0.459739
-0.459122
-0.458500
-0.457874
-0.457243
-0.456608
-0.455968
-0.455324
-0.454675
-0.454022
-0.453364
-0.452702
-0.452035
-0.451364
-0.450688
-0.450008
-0.449323
-0.448634
-0.447941
-0.447243
-0.446541
-0.445834
-0.445123
-0.444408
-0.443688
-0.442964
-0.442235
-0.441502
-0.440765
-0.440023
-0.439277
-0.438527
-0.437772
-0.437013
-0.436250
-0.435482
-0.434710
-0.433934
-0.433153
-0.432369
-0.431580
-0.430786
-0.429989
-0.429187
-0.428381
-0.427571
-0.426756
-0.425937
-0.425114
-0.424287
-0.423456
-0.422620
-0.421781
-0.420937
-0.420089
-0.419237
-0.418381
-0.417520
-0.416656
-0.415787
-0.414914
-0.414038
-0.413157
-0.412272
-0.411382
-0.410489
-0.409592
-0.408691
-0.407786
-0.406877
-0.405963
-0.405046
-0.404125
-0.403199
-0.402270
-0.401337
-0.400400
-0.399459
-0.398513
-0.397565
-0.396612
-0.395655
-0.394694
-0.393729
-0.392761
-0.391788
-0.390812
-0.389832
-0.388848
-0.387860
-0.386868
-0.385873
-0.384873
-0.383870
-0.382863
-0.381852
-0.380838
-0.379820
-0.378797
-0.377772
-0.376742
-0.375709
-0.374672
-0.373632
-0.372587
-0.371539
-0.370488
-0.369432
-0.368373
-0.367311
-0.366245
-0.365175
-0.364101
-0.363024
-0.361944
-0.360859
-0.359772
-0.358680
-0.357585
-0.356487
-0.355385
-0.354280
-0.353171
-0.352058
-0.350942
-0.349823
-0.348700
-0.347573
-0.346444
-0.345310
-0.344174
-0.343034
-0.341890
-0.340743
-0.339593
-0.338440
-0.337283
-0.336123
-0.334959
-0.333792
-0.332622
-0.331449
-0.330272
-0.329092
-0.327909
-0.326723
-0.325533
-0.324340
-0.323144
-0.321945
-0.320743
-0.319537
-0.318328
-0.317117
-0.315902
-0.314684
-0.313462
-0.312238
-0.311011
-0.309780
-0.308547
-0.307310
-0.306070
-0.304828
-0.303582
-0.302333
-0.301082
-0.299827
-0.298569
-0.297309
-0.296045
-0.294779
-0.293509
-0.292237
-0.290962
-0.289684
-0.288403
-0.287119
-0.285833
-0.284543
-0.283251
-0.281956
-0.280658
-0.279358
-0.278054
-0.276748
-0.275439
-0.274128
-0.272813
-0.271496
-0.270177
-0.268855
-0.267530
-0.266202
-0.264872
-0.263539
-0.262203
-0.260866
-0.259525
-0.258182
-0.256836
-0.255488
-0.254137
-0.252784
-0.251428
-0.250070
-0.248709
-0.247346
-0.245980
-0.244612
-0.243241
-0.241869
-0.240493
-0.239116
-0.237735
-0.236353
-0.234968
-0.233581
-0.232192
-0.230800
-0.229406
-0.228010
-0.226611
-0.225211
-0.223808
-0.222402
-0.220995
-0.219585
-0.218174
-0.216760
-0.215344
-0.213926
-0.212505
-0.211083
-0.209658
-0.208232
-0.206803
-0.205373
-0.203940
-0.202505
-0.201069
-0.199630
-0.198189
-0.196747
-0.195302
-0.193856
-0.192407
-0.190957
-0.189505
-0.188051
-0.186595
-0.185137
-0.183678
-0.182216
-0.180753
-0.179288
-0.177821
-0.176353
-0.174883
-0.173411
-0.171937
-0.170462
-0.168984
-0.167506
-0.166025
-0.164543
-0.163059
-0.161574
-0.160087
-0.158599
-0.157108
-0.155617
-0.154124
-0.152629
-0.151133
-0.149635
-0.148136
-0.146635
-0.145133
-0.143630
-0.142125
-0.140618
-0.139110
-0.137601
-0.136091
-0.134579
-0.133066
-0.131551
-0.130036
-0.128519
-0.127000
-0.125481
-0.123960
-0.122438
-0.120915
-0.119390
-0.117865
-0.116338
-0.114810
-0.113281
-0.111751
-0.110219
-0.108687
-0.107154
-0.105619
-0.104084
-0.102547
-0.101009
-0.099471
-0.097931
-0.096390
-0.094849
-0.093306
-0.091763
-0.090219
-0.088673
-0.087127
-0.085580
-0.084033
-0.082484
-0.080934
-0.079384
-0.077833
-0.076281
-0.074729
-0.073175
-0.071621
-0.070067
-0.068511
-0.066955
-0.065399
-0.063841
-0.062283
-0.060725
-0.059165
-0.057606
-0.056045
-0.054484
-0.052923
-0.051361
-0.049798
-0.048235
-0.046672
-0.045108
-0.043544
-0.041979
-0.040414
-0.038848
-0.037282
-0.035716
-0.034149
-0.032582
-0.031014
-0.029447
-0.027879
-0.026310
-0.024742
-0.023173
-0.021604
-0.020035
-0.018465
-0.016896
-0.015326
-0.013756
-0.012186
-0.010616
-0.009045
-0.007475
-0.005905
-0.004334
-0.002763
-0.001193
0.000378
0.001948
0.003519
0.005089
0.006660
0.008230
0.009801
0.011371
0.012941
0.014511
0.016081
0.017650
0.019220
0.020789
0.022358
0.023927
0.025496
0.027064
0.028632
0.030200
0.031768
0.033335
0.034902
0.036468
0.038034
0.039600
0.041166
0.042731
0.044295
0.045859
0.047423
0.048986
0.050549
0.052111
0.053673
0.055234
0.056795
0.058355
0.059915
0.061474
0.063032
0.064590
0.066147
0.067703
0.069259
0.070814
0.072368
0.073922
0.075475
0.077027
0.078579
0.080129
0.081679
0.083228
0.084776
0.086324
0.087870
0.089416
0.090960
0.092504
0.094047
0.095589
0.097130
0.098670
0.100209
0.101747
0.103284
0.104821
0.106356
0.107890
0.109423
0.110954
0.112485
0.114015
0.115543
0.117071
0.118597
0.120122
0.121646
0.123169
0.124690
0.126210
0.127729
0.129247
0.130763
0.132278
0.133792
0.135305
0.136816
0.138326
0.139834
0.141341
0.142847
0.144351
0.145854
0.147355
0.148855
0.150354
0.151851
0.153346
0.154840
0.156332
0.157823
0.159312
0.160800
0.162286
0.163771
0.165254
0.166735
0.168215
0.169692
0.171169
0.172643
0.174116
0.175587
0.177057
0.178524
0.179990
0.181454
0.182917
0.184377
0.185836
0.187293
0.188748
0.190201
0.191652
0.193102
0.194549
0.195995
0.197438
0.198880
0.200320
0.201757
0.203193
0.204627
0.206058
0.207488
0.208916
0.210341
0.211765
0.213186
0.214605
0.216022
0.217437
0.218850
0.220261
0.221669
0.223076
0.224480
0.225882
0.227281
0.228679
0.230074
0.231467
0.232857
0.234245
0.235631
0.237015
0.238396
0.239775
0.241152
0.242526
0.243898
0.245267
0.246634
0.247998
0.249361
0.250720
0.252077
0.253432
0.254784
0.256134
0.257481
0.258825
0.260167
0.261507
0.262843
0.264178
0.265509
0.266838
0.268165
0.269488
0.270809
0.272128
0.273443
0.274756
0.276067
0.277374
0.278679
0.279981
0.281280
0.282577
0.283870
0.285161
0.286449
0.287735
0.289017
0.290297
0.291573
0.292847
0.294118
0.295386
0.296651
0.297913
0.299172
0.300429
0.301682
0.302932
0.304179
0.305424
0.306665
0.307903
0.309138
0.310371
0.311600
0.312826
0.314049
0.315268
0.316485
0.317699
0.318909
0.320116
0.321321
0.322522
0.323719
0.324914
0.326105
0.327293
0.328478
0.329660
0.330838
0.332014
0.333185
0.334354
0.335519
0.336681
0.337840
0.338995
0.340147
0.341296
0.342441
0.343583
0.344721
0.345856
0.346988
0.348116
0.349241
0.350362
0.351480
0.352594
0.353705
0.354813
0.355917
0.357017
0.358114
0.359207
0.360297
0.361383
0.362466
0.363545
0.364620
0.365692
0.366760
0.367825
0.368886
0.369944
0.370997
0.372047
0.373094
0.374136
0.375175
0.376211
0.377242
0.378270
0.379294
0.380315
0.381331
0.382344
0.383353
0.384359
0.385360
0.386358
0.387352
0.388342
0.389328
0.390310
0.391289
0.392264
0.393234
0.394201
0.395164
0.396124
0.397079
0.398030
0.398977
0.399921
0.400860
0.401796
0.402727
0.403655
0.404579
0.405498
0.406414
0.407325
0.408233
0.409136
0.410036
0.410931
0.411823
0.412710
0.413593
0.414473
0.415348
0.416219
0.417086
0.417948
0.418807
0.419661
0.420512
0.421358
0.422200
0.423038
0.423872
0.424701
0.425527
0.426348
0.427165
0.427977
0.428786
0.429590
0.430390
0.431186
0.431977
0.432765
0.433547
0.434326
0.435101
0.435871
0.436636
0.437398
0.438155
0.438908
0.439657
0.440401
0.441141
0.441876
0.442607
0.443334
0.444056
0.444774
0.445488
0.446197
0.446902
0.447602
0.448298
0.448990
0.449677
0.450360
0.451038
0.451712
0.452381
0.453046
0.453706
0.454362
0.455014
0.455661
0.456303
0.456941
0.457575
0.458204
0.458828
0.459448
0.460063
0.460674
0.461280
0.461882
0.462479
0.463072
0.463660
0.464243
0.464822
0.465396
0.465966
0.466531
0.467092
0.467647
0.468199
0.468745
0.469287
0.469825
0.470357
0.470886
0.471409
0.471928
0.472442
0.472952
0.473456
0.473956
0.474452
0.474943
0.475429
0.475910
0.476387
0.476859
0.477326
0.477789
0.478247
0.478700
0.479149
0.479592
0.480031
0.480465
0.480895
0.481320
0.481740
0.482155
0.482566
0.482971
0.483372
0.483769
0.484160
0.484547
0.484929
0.485306
0.485678
0.486046
0.486408
0.486766
0.487119
0.487468
0.487811
0.488150
0.488484
0.488813
0.489137
0.489456
0.489771
0.490081
0.490386
0.490686
0.490981
0.491271
0.491557
0.491838
0.492114
0.492385
0.492651
0.492912
0.493168
0.493420
0.493667
0.493908
0.494145
0.494377
0.494605
0.494827
0.495044
0.495257
0.495465
0.495667
0.495865
0.496058
0.496246
0.496430
0.496608
0.496781
0.496950
0.497113
0.497272
0.497426
0.497575
0.497719
0.497858
0.497992
0.498121
0.498246
0.498365
0.498479
0.498589
0.498694
0.498793
0.498888
0.498978
0.499063
0.499143
0.499219
0.499289
0.499354
0.499415
0.499470
0.499521
0.499566
0.499607
0.499643
0.499674
0.499700
0.499721
0.499737
0.499748
0.499754
0.499755
0.499752
0.499743
0.499729
0.499711
0.499688
0.499659
0.499626
0.499588
0.499544
0.499496
0.499443
0.499385
0.499323
0.499255
0.499182
0.499104
0.499022
0.498934
0.498842
0.498745
0.498642
0.498535
0.498423
0.498306
0.498184
0.498057
0.497926
0.497789
0.497647
0.497501
0.497350
0.497193
0.497032
0.496866
0.496695
0.496519
0.496338
0.496153
0.495962
0.495767
0.495566
0.495361
0.495151
0.494936
0.494716
0.494491
0.494262
0.494027
0.493788
0.493544
0.493294
0.493040
0.492782
0.492518
0.492249
0.491976
0.491697
0.491414
0.491126
0.490833
0.490536
0.490233
0.489926
0.489613
0.489296
0.488974
0.488648
0.488316
0.487980
0.487639
0.487293
0.486942
0.486586
0.486226
0.485860
0.485490
0.485116
0.484736
0.484352
0.483963
0.483569
0.483170
0.482767
0.482358
0.481946
0.481528
0.481106
0.480678
0.480246
0.479810
0.479368
0.478922
0.478471
0.478016
0.477556
0.477091
0.476621
0.476147
0.475667
0.475184
0.474695
0.474202
0.473704
0.473201
0.472694
0.472182
0.471666
0.471144
0.470619
0.470088
0.469553
0.469013
0.468469
0.467919
0.467366
0.466808
0.466245
0.465677
0.465105
0.464528
0.463947
0.463361
0.462771
0.462176
0.461577
0.460972
0.460364
0.459751
0.459133
0.458511
0.457884
0.457253
0.456617
0.455977
0.455332
0.454683
0.454029
0.453371
0.452708
0.452041
0.451369
0.450693
0.450013
0.449328
0.448638
0.447944
0.447246
0.446543
0.445836
0.445125
0.444409
0.443688
0.442964
0.442235
0.441501
0.440763
0.440021
0.439275
0.438524
0.437769
0.437009
0.436245
0.435477
0.434705
0.433928
0.433147
0.432362
0.431573
0.430779
0.429981
0.429178
0.428372
0.427561
0.426746
0.425927
0.425104
0.424276
0.423445
0.422609
0.421769
0.420924
0.420076
0.419223
0.418367
0.417506
0.416641
0.415772
0.414899
0.414021
0.413140
0.412254
0.411365
0.410471
0.409574
0.408672
0.407766
0.406856
0.405943
0.405025
0.404103
0.403177
0.402248
0.401314
0.400376
0.399434
0.398489
0.397539
0.396586
0.395628
0.394667
0.393702
0.392733
0.391760
0.390783
0.389803
0.388818
0.387830
0.386838
0.385842
0.384842
0.383838
0.382831
0.381820
0.380805
0.379786
0.378763
0.377737
0.376707
0.375674
0.374636
0.373595
0.372550
0.371502
0.370450
0.369394
0.368335
0.367272
0.366205
0.365135
0.364061
0.362983
0.361902
0.360817
0.359729
0.358637
0.357542
0.356443
0.355341
0.354235
0.353125
0.352012
0.350896
0.349776
0.348653
0.347526
0.346396
0.345262
0.344125
0.342985
0.341841
0.340694
0.339544
0.338390
0.337232
0.336072
0.334908
0.333741
0.332570
0.331397
0.330220
0.329039
0.327856
0.326669
0.325479
0.324286
0.323089
0.321890
0.320687
0.319481
0.318272
0.317059
0.315844
0.314626
0.313404
0.312179
0.310951
0.309720
0.308486
0.307249
0.306009
0.304766
0.303520
0.302271
0.301019
0.299764
0.298506
0.297245
0.295981
0.294714
0.293445
0.292172
0.290896
0.289618
0.288337
0.287053
0.285766
0.284476
0.283184
0.281888
0.280590
0.279289
0.277985
0.276679
0.275370
0.274058
0.272743
0.271426
0.270106
0.268784
0.267458
0.266130
0.264800
0.263467
0.262131
0.260793
0.259452
0.258108
0.256762
0.255413
0.254062
0.252709
0.251353
0.249994
0.248633
0.247269
0.245903
0.244535
0.243164
0.241791
0.240415
0.239037
0.237657
0.236274
0.234889
0.233502
0.232112
0.230720
0.229326
0.227930
0.226531
0.225130
0.223727
0.222321
0.220914
0.219504
0.218092
0.216678
0.215262
0.213843
0.212423
0.211000
0.209575
0.208149
0.206720
0.205289
0.203856
0.202421
0.200984
0.199546
0.198105
0.196662
0.195217
0.193771
0.192322
0.190871
0.189419
0.187965
0.186509
0.185051
0.183591
0.182129
0.180666
0.179201
0.177734
0.176265
0.174795
0.173323
0.171849
0.170373
0.168896
0.167417
0.165937
0.164454
0.162971
0.161485
0.159998
0.158510
0.157019
0.155528
0.154034
0.152540
0.151043
0.149546
0.148046
0.146546
0.145044
0.143540
0.142035
0.140529
0.139021
0.137512
0.136001
0.134489
0.132976
0.131462
0.129946
0.128429
0.126910
0.125391
0.123870
0.122348
0.120825
0.119300
0.117774
0.116248
0.114720
0.113191
0.111660
0.110129
0.108597
0.107063
0.105529
0.103993
0.102457
0.100919
0.099381
0.097841
0.096300
0.094759
0.093217
0.091673
0.090129
0.088584
0.087038
0.085491
0.083943
0.082395
0.080846
0.079295
0.077745
0.076193
0.074640
0.073087
0.071533
0.069979
0.068424
0.066868
0.065311
0.063754
0.062196
0.060638
0.059078
0.057519
0.055959
0.054398
0.052836
0.051275
0.049712
0.048150
0.046586
0.045022
0.043458
0.041894
0.040329
0.038763
0.037197
0.035631
0.034065
0.032498
0.030931
0.029363
0.027795
0.026227
0.024659
0.023091
0.021522
0.019953
0.018384
0.016814
0.015245
0.013675
0.012105
0.010536
0.008966
0.007395
0.005825
0.004255
0.002685
0.001115
-0.000456
-0.002026
-0.003596
-0.005166
-0.006737
-0.008307
-0.009877
-0.011447
-0.013016
-0.014586
-0.016155
-0.017725
-0.019294
-0.020863
-0.022432
-0.024000
-0.025568
-0.027137
-0.028704
-0.030272
-0.031839
-0.033406
-0.034972
-0.036538
-0.038104
-0.039670
-0.041235
-0.042799
-0.044364
-0.045927
-0.047491
-0.049053
-0.050616
-0.052178
-0.053739
-0.055300
-0.056860
-0.058420
-0.059979
-0.061537
-0.063095
-0.064652
-0.066209
-0.067765
-0.069320
-0.070875
-0.072429
-0.073982
-0.075534
-0.077086
-0.078637
-0.080187
-0.081736
-0.083285
-0.084833
-0.086380
-0.087926
-0.089471
-0.091015
-0.092558
-0.094101
-0.095642
-0.097183
-0.098722
-0.100261
-0.101799
-0.103335
-0.104871
-0.106405
-0.107939
-0.109471
-0.111003
-0.112533
-0.114062
-0.115590
-0.117117
-0.118642
-0.120167
-0.121690
-0.123212
-0.124733
-0.126253
-0.127771
-0.129288
-0.130804
-0.132319
-0.133832
-0.135344
-0.136855
-0.138364
-0.139872
-0.141378
-0.142883
-0.144387
-0.145889
-0.147390
-0.148889
-0.150387
-0.151884
-0.153378
-0.154872
-0.156364
-0.157854
-0.159343
-0.160830
-0.162315
-0.163799
-0.165282
-0.166762
-0.168241
-0.169719
-0.171194
-0.172668
-0.174141
-0.175611
-0.177080
-0.178547
-0.180012
-0.181476
-0.182938
-0.184397
-0.185856
-0.187312
-0.188766
-0.190219
-0.191669
-0.193118
-0.194565
-0.196010
-0.197453
-0.198894
-0.200333
-0.201770
-0.203205
-0.204638
-0.206069
-0.207498
-0.208925
-0.210350
-0.211773
-0.213194
-0.214612
-0.216029
-0.217443
-0.218856
-0.220266
-0.221673
-0.223079
-0.224483
-0.225884
-0.227283
-0.228680
-0.230074
-0.231466
-0.232856
-0.234244
-0.235629
-0.237012
-0.238393
-0.239771
-0.241147
-0.242521
-0.243892
-0.245261
-0.246627
-0.247991
-0.249352
-0.250711
-0.252068
-0.253422
-0.254773
-0.256122
-0.257469
-0.258813
-0.260154
-0.261493
-0.262829
-0.264163
-0.265494
-0.266822
-0.268148
-0.269471
-0.270791
-0.272109
-0.273424
-0.274736
-0.276046
-0.277353
-0.278657
-0.279958
-0.281257
-0.282553
-0.283846
-0.285136
-0.286424
-0.287708
-0.288990
-0.290269
-0.291545
-0.292818
-0.294089
-0.295356
-0.296621
-0.297882
-0.299141
-0.300396
-0.301649
-0.302899
-0.304145
-0.305389
-0.306630
-0.307868
-0.309102
-0.310334
-0.311562
-0.312788
-0.314010
-0.315229
-0.316445
-0.317658
-0.318868
-0.320075
-0.321279
-0.322479
-0.323676
-0.324870
-0.326061
-0.327249
-0.328433
-0.329614
-0.330792
-0.331967
-0.333138
-0.334306
-0.335471
-0.336632
-0.337790
-0.338945
-0.340096
-0.341244
-0.342389
-0.343530
-0.344668
-0.345803
-0.346934
-0.348061
-0.349186
-0.350306
-0.351424
-0.352538
-0.353648
-0.354755
-0.355858
-0.356958
-0.358055
-0.359147
-0.360237
-0.361322
-0.362405
-0.363483
-0.364558
-0.365630
-0.366697
-0.367761
-0.368822
-0.369879
-0.370932
-0.371982
-0.373028
-0.374070
-0.375108
-0.376143
-0.377174
-0.378202
-0.379226
-0.380246
-0.381262
-0.382274
-0.383283
-0.384288
-0.385289
-0.386286
-0.387280
-0.388269
-0.389255
-0.390237
-0.391215
-0.392190
-0.393160
-0.394127
-0.395090
-0.396049
-0.397003
-0.397955
-0.398902
-0.399845
-0.400784
-0.401719
-0.402650
-0.403578
-0.404501
-0.405420
-0.406335
-0.407247
-0.408154
-0.409057
-0.409956
-0.410851
-0.411742
-0.412630
-0.413512
-0.414391
-0.415266
-0.416137
-0.417003
-0.417866
-0.418724
-0.419578
-0.420428
-0.421274
-0.422116
-0.422954
-0.423787
-0.424616
-0.425441
-0.426262
-0.427079
-0.427891
-0.428699
-0.429504
-0.430303
-0.431099
-0.431890
-0.432677
-0.433460
-0.434238
-0.435012
-0.435782
-0.436548
-0.437309
-0.438066
-0.438819
-0.439567
-0.440311
-0.441051
-0.441786
-0.442517
-0.443244
-0.443966
-0.444684
-0.445397
-0.446106
-0.446811
-0.447511
-0.448207
-0.448898
-0.449585
-0.450268
-0.450946
-0.451620
-0.452289
-0.452954
-0.453614
-0.454270
-0.454921
-0.455568
-0.456210
-0.456848
-0.457482
-0.458110
-0.458735
-0.459355
-0.459970
-0.460581
-0.461187
-0.461788
-0.462386
-0.462978
-0.463566
-0.464150
-0.464728
-0.465303
-0.465872
-0.466437
-0.466998
-0.467554
-0.468105
-0.468652
-0.469194
-0.469731
-0.470264
-0.470792
-0.471315
-0.471834
-0.472348
-0.472858
-0.473363
-0.473863
-0.474359
-0.474849
-0.475336
-0.475817
-0.476294
-0.476766
-0.477233
-0.477696
-0.478154
-0.478607
-0.479056
-0.479500
-0.479939
-0.480373
-0.480803
-0.481228
-0.481648
-0.482063
-0.482474
-0.482880
-0.483281
-0.483677
-0.484069
-0.484456
-0.484838
-0.485215
-0.485588
-0.485955
-0.486318
-0.486676
-0.487030
-0.487378
-0.487722
-0.488061
-0.488395
-0.488724
-0.489049
-0.489368
-0.489683
-0.489993
-0.490298
-0.490598
-0.490894
-0.491185
-0.491470
-0.491751
-0.492027
-0.492299
-0.492565
-0.492827
-0.493083
-0.493335
-0.493582
-0.493824
-0.494061
-0.494294
-0.494521
-0.494744
-0.494962
-0.495174
-0.495382
-0.495585
-0.495784
-0.495977
-0.496165
-0.496349
-0.496527
-0.496701
-0.496870
-0.497034
-0.497193
-0.497347
-0.497496
-0.497641
-0.497780
-0.497915
-0.498044
-0.498169
-0.498288
-0.498403
-0.498513
-0.498618
-0.498718
-0.498814
-0.498904
-0.498989
-0.499069
-0.499145
-0.499215
-0.499281
-0.499342
-0.499397
-0.499448
-0.499494
-0.499535
-0.499571
-0.499602
-0.499629
-0.499650
-0.499666
-0.499678
-0.499684
-0.499686
-0.499682
-0.499674
-0.499661
-0.499643
-0.499620
-0.499592
-0.499559
-0.499521
-0.499478
-0.499431
-0.499378
-0.499321
-0.499258
-0.499191
-0.499119
-0.499041
-0.498959
-0.498872
-0.498780
-0.498683
-0.498582
-0.498475
-0.498363
-0.498247
-0.498125
-0.497999
-0.497868
-0.497731
-0.497590
-0.497444
-0.497293
-0.497137
-0.496976
-0.496811
-0.496640
-0.496465
-0.496284
-0.496099
-0.495909
-0.495714
-0.495514
-0.495309
-0.495100
-0.494885
-0.494665
-0.494441
-0.494212
-0.493978
-0.493739
-0.493495
-0.493247
-0.492993
-0.492735
-0.492471
-0.492203
-0.491930
-0.491653
-0.491370
-0.491082
-0.490790
-0.490493
-0.490191
-0.489884
-0.489572
-0.489256
-0.488934
-0.488608
-0.488277
-0.487941
-0.487600
-0.487255
-0.486905
-0.486549
-0.486190
-0.485825
-0.485455
-0.485081
-0.484702
-0.484318
-0.483929
-0.483536
-0.483138
-0.482735
-0.482327
-0.481915
-0.481497
-0.481075
-0.480649
-0.480217
-0.479781
-0.479340
-0.478894
-0.478444
-0.477989
-0.477529
-0.477065
-0.476595
-0.476121
-0.475643
-0.475159
-0.474671
-0.474179
-0.473681
-0.473179
-0.472673
-0.472161
-0.471645
-0.471124
-0.470599
-0.470069
-0.469534
-0.468995
-0.468451
-0.467903
-0.467350
-0.466792
-0.466229
-0.465662
-0.465091
-0.464514
-0.463934
-0.463348
-0.462758
-0.462164
-0.461565
-0.460961
-0.460353
-0.459740
-0.459123
-0.458501
-0.457875
-0.457244
-0.456609
-0.455969
-0.455325
-0.454676
-0.454023
-0.453365
-0.452703
-0.452036
-0.451365
-0.450689
-0.450009
-0.449325
-0.448636
-0.447942
-0.447244
-0.446542
-0.445836
-0.445124
-0.444409
-0.443689
-0.442965
-0.442236
-0.441503
-0.440766
-0.440024
-0.439278
-0.438528
-0.437773
-0.437014
-0.436251
-0.435483
-0.434711
-0.433935
-0.433155
-0.432370
-0.431581
-0.430788
-0.429990
-0.429188
-0.428382
-0.427572
-0.426757
-0.425939
-0.425116
-0.424289
-0.423457
-0.422622
-0.421782
-0.420938
-0.420090
-0.419238
-0.418382
-0.417522
-0.416657
-0.415789
-0.414916
-0.414039
-0.413158
-0.412273
-0.411384
-0.410491
-0.409594
-0.408693
-0.407787
-0.406878
-0.405965
-0.405048
-0.404126
-0.403201
-0.402272
-0.401339
-0.400401
-0.399460
-0.398515
-0.397566
-0.396613
-0.395656
-0.394696
-0.393731
-0.392762
-0.391790
-0.390814
-0.389833
-0.388849
-0.387862
-0.386870
-0.385874
-0.384875
-0.383872
-0.382865
-0.381854
-0.380839
-0.379821
-0.378799
-0.377773
-0.376744
-0.375711
-0.374674
-0.373633
-0.372589
-0.371541
-0.370489
-0.369434
-0.368375
-0.367313
-0.366246
-0.365177
-0.364103
-0.363026
-0.361945
-0.360861
-0.359774
-0.358682
-0.357587
-0.356489
-0.355387
-0.354281
-0.353172
-0.352060
-0.350944
-0.349825
-0.348702
-0.347575
-0.346445
-0.345312
-0.344176
-0.343036
-0.341892
-0.340745
-0.339595
-0.338442
-0.337285
-0.336125
-0.334961
-0.333794
-0.332624
-0.331451
-0.330274
-0.329094
-0.327911
-0.326725
-0.325535
-0.324342
-0.323146
-0.321947
-0.320745
-0.319539
-0.318331
-0.317119
-0.315904
-0.314686
-0.313464
-0.312240
-0.311013
-0.309782
-0.308549
-0.307312
-0.306072
-0.304830
-0.303584
-0.302336
-0.301084
-0.299829
-0.298572
-0.297311
-0.296047
-0.294781
-0.293512
-0.292239
-0.290964
-0.289686
-0.288405
-0.287121
-0.285835
-0.284545
-0.283253
-0.281958
-0.280660
-0.279360
-0.278056
-0.276750
-0.275441
-0.274130
-0.272816
-0.271499
-0.270179
-0.268857
-0.267532
-0.266204
-0.264874
-0.263541
-0.262206
-0.260868
-0.259527
-0.258184
-0.256838
-0.255490
-0.254139
-0.252786
-0.251430
-0.250072
-0.248711
-0.247348
-0.245982
-0.244614
-0.243244
-0.241871
-0.240496
-0.239118
-0.237738
-0.236355
-0.234971
-0.233584
-0.232194
-0.230802
-0.229408
-0.228012
-0.226614
-0.225213
-0.223810
-0.222405
-0.220997
-0.219588
-0.218176
-0.216762
-0.215346
-0.213928
-0.212508
-0.211085
-0.209661
-0.208234
-0.206806
-0.205375
-0.203942
-0.202508
-0.201071
-0.199632
-0.198192
-0.196749
-0.195305
-0.193858
-0.192410
-0.190960
-0.189507
-0.188053
-0.186597
-0.185140
-0.183680
-0.182219
-0.180756
-0.179291
-0.177824
-0.176355
-0.174885
-0.173413
-0.171939
-0.170464
-0.168987
-0.167508
-0.166028
-0.164546
-0.163062
-0.161577
-0.160090
-0.158601
-0.157111
-0.155619
-0.154126
-0.152631
-0.151135
-0.149638
-0.148138
-0.146638
-0.145136
-0.143632
-0.142127
-0.140621
-0.139113
-0.137604
-0.136093
-0.134582
-0.133068
-0.131554
-0.130038
-0.128521
-0.127003
-0.125483
-0.123962
-0.122441
-0.120917
-0.119393
-0.117867
-0.116341
-0.114812
-0.113284
-0.111753
-0.110222
-0.108690
-0.107156
-0.105622
-0.104086
-0.102549
-0.101012
-0.099473
-0.097934
-0.096393
-0.094852
-0.093309
-0.091766
-0.090221
-0.088676
-0.087130
-0.085583
-0.084035
-0.082486
-0.080937
-0.079387
-0.077836
-0.076284
-0.074731
-0.073178
-0.071624
-0.070069
-0.068514
-0.066958
-0.065401
-0.063844
-0.062286
-0.060727
-0.059168
-0.057608
-0.056048
-0.054487
-0.052926
-0.051364
-0.049801
-0.048238
-0.046675
-0.045111
-0.043546
-0.041982
-0.040416
-0.038851
-0.037285
-0.035718
-0.034152
-0.032585
-0.031017
-0.029449
-0.027881
-0.026313
-0.024745
-0.023176
-0.021607
-0.020037
-0.018468
-0.016898
-0.015329
-0.013759
-0.012189
-0.010618
-0.009048
-0.007478
-0.005907
-0.004337
-0.002766
-0.001196
0.000375
0.001946
0.003516
0.005087
0.006657
0.008228
0.009798
0.011368
0.012938
0.014508
0.016078
0.017648
0.019217
0.020786
0.022356
0.023924
0.025493
0.027061
0.028629
0.030197
0.031765
0.033332
0.034899
0.036466
0.038032
0.039598
0.041163
0.042728
0.044293
0.045857
0.047421
0.048984
0.050547
0.052109
0.053671
0.055232
0.056793
0.058353
0.059912
0.061471
0.063029
0.064587
0.066144
0.067701
0.069256
0.070812
0.072366
0.073920
0.075472
0.077025
0.078576
0.080127
0.081676
0.083225
0.084774
0.086321
0.087867
0.089413
0.090958
0.092502
0.094045
0.095586
0.097128
0.098668
0.100207
0.101745
0.103282
0.104818
0.106353
0.107887
0.109420
0.110952
0.112483
0.114012
0.115541
0.117068
0.118594
0.120119
0.121643
0.123166
0.124687
0.126208
0.127727
0.129244
0.130761
0.132276
0.133790
0.135302
0.136813
0.138323
0.139832
0.141339
0.142844
0.144349
0.145851
0.147353
0.148853
0.150351
0.151848
0.153344
0.154837
0.156330
0.157821
0.159310
0.160798
0.162284
0.163768
0.165251
0.166732
0.168212
0.169690
0.171166
0.172641
0.174114
0.175585
0.177054
0.178522
0.179988
0.181452
0.182914
0.184375
0.185833
0.187290
0.188745
0.190199
0.191650
0.193099
0.194547
0.195992
0.197436
0.198877
0.200317
0.201755
0.203191
0.204624
0.206056
0.207486
0.208913
0.210339
0.211762
0.213184
0.214603
0.216020
0.217435
0.218848
0.220258
0.221667
0.223073
0.224477
0.225879
0.227279
0.228676
0.230071
0.231464
0.232855
0.234243
0.235629
0.237013
0.238394
0.239773
0.241149
0.242524
0.243895
0.245265
0.246632
0.247996
0.249358
0.250718
0.252075
0.253430
0.254782
0.256131
0.257478
0.258823
0.260165
0.261504
0.262841
0.264175
0.265507
0.266836
0.268162
0.269486
0.270807
0.272125
0.273441
0.274754
0.276064
0.277372
0.278677
0.279979
0.281278
0.282575
0.283868
0.285159
0.286447
0.287732
0.289015
0.290294
0.291571
0.292845
0.294116
0.295384
0.296649
0.297911
0.299170
0.300426
0.301680
0.302930
0.304177
0.305422
0.306663
0.307901
0.309136
0.310368
0.311598
0.312824
0.314047
0.315266
0.316483
0.317697
0.318907
0.320114
0.321319
0.322520
0.323717
0.324912
0.326103
0.327291
0.328476
0.329658
0.330836
0.332012
0.333184
0.334352
0.335517
0.336679
0.337838
0.338993
0.340145
0.341294
0.342439
0.343581
0.344719
0.345854
0.346986
0.348114
0.349239
0.350360
0.351478
0.352593
0.353703
0.354811
0.355915
0.357015
0.358112
0.359205
0.360295
0.361381
0.362464
0.363543
0.364619
0.365690
0.366759
0.367823
0.368884
0.369942
0.370996
0.372046
0.373092
0.374135
0.375174
0.376209
0.377241
0.378268
0.379293
0.380313
0.381330
0.382343
0.383352
0.384357
0.385358
0.386356
0.387350
0.388340
0.389326
0.390309
0.391287
0.392262
0.393233
0.394200
0.395163
0.396122
0.397077
0.398028
0.398976
0.399919
0.400859
0.401794
0.402726
0.403653
0.404577
0.405497
0.406412
0.407324
0.408231
0.409135
0.410034
0.410930
0.411821
0.412709
0.413592
0.414471
0.415346
0.416217
0.417084
0.417947
0.418805
0.419660
0.420510
0.421357
0.422199
0.423037
0.423870
0.424700
0.425525
0.426346
0.427163
0.427976
0.428784
0.429589
0.430389
0.431184
0.431976
0.432763
0.433546
0.434325
0.435099
0.435869
0.436635
0.437397
0.438154
0.438907
0.439655
0.440399
0.441139
0.441875
0.442606
0.443333
0.444055
0.444773
0.445487
0.446196
0.446901
0.447601
0.448297
0.448989
0.449676
0.450359
0.451037
0.451711
0.452380
0.453045
0.453705
0.454361
0.455013
0.455660
0.456302
0.456940
0.457574
0.458203
0.458827
0.459447
0.460062
0.460673
0.461279
0.461881
0.462478
0.463071
0.463659
0.464242
0.464821
0.465395
0.465965
0.466530
0.467091
0.467647
0.468198
0.468744
0.469286
0.469824
0.470357
0.470885
0.471408
0.471927
0.472441
0.472951
0.473455
0.473956
0.474451
0.474942
0.475428
0.475909
0.476386
0.476858
0.477326
0.477788
0.478246
0.478699
0.479148
0.479591
0.480030
0.480465
0.480894
0.481319
0.481739
0.482154
0.482565
0.482971
0.483372
0.483768
0.484159
0.484546
0.484928
0.485305
0.485677
0.486045
0.486408
0.486766
0.487119
0.487467
0.487811
0.488149
0.488483
0.488812
0.489136
0.489456
0.489771
0.490080
0.490385
0.490685
0.490981
0.491271
0.491557
0.491837
0.492113
0.492384
0.492650
0.492912
0.493168
0.493420
0.493666
0.493908
0.494145
0.494377
0.494604
0.494827
0.495044
0.495257
0.495464
0.495667
0.495865
0.496058
0.496246
0.496429
0.496608
0.496781
0.496949
0.497113
0.497272
0.497426
0.497575
0.497718
0.497858
0.497992
0.498121
0.498245
0.498365
0.498479
0.498589
0.498694
0.498793
0.498888
0.498978
0.499063
0.499143
0.499219
0.499289
0.499354
0.499415
0.499470
0.499521
0.499566
0.499607
0.499643
0.499674
0.499700
0.499721
0.499737
0.499748
0.499754
0.499755
0.499752
0.499743
0.499730
0.499711
0.499688
0.499659
0.499626
0.499588
0.499545
0.499496
0.499444
0.499385
0.499323
0.499255
0.499182
0.499104
0.499022
0.498934
0.498842
0.498745
0.498643
0.498535
0.498423
0.498306
0.498184
0.498058
0.497926
0.497789
0.497648
0.497501
0.497350
0.497194
0.497032
0.496866
0.496695
0.496520
0.496339
0.496153
0.495963
0.495767
0.495567
0.495362
0.495151
0.494936
0.494717
0.494492
0.494262
0.494028
0.493788
0.493544
0.493295
0.493041
0.492782
0.492518
0.492250
0.491976
0.491698
0.491415
0.491127
0.490834
0.490536
0.490234
0.489926
0.489614
0.489297
0.488975
0.488648
0.488317
0.487980
0.487639
0.487293
0.486942
0.486587
0.486226
0.485861
0.485491
0.485116
0.484737
0.484352
0.483963
0.483569
0.483171
0.482767
0.482359
0.481946
0.481529
0.481106
0.480679
0.480247
0.479811
0.479369
0.478923
0.478472
0.478017
0.477556
0.477091
0.476622
0.476147
0.475668
0.475184
0.474696
0.474203
0.473705
0.473202
0.472695
0.472183
0.471667
0.471145
0.470619
0.470089
0.469554
0.469014
0.468469
0.467920
0.467367
0.466808
0.466246
0.465678
0.465106
0.464529
0.463948
0.463362
0.462772
0.462177
0.461578
0.460974
0.460365
0.459752
0.459134
0.458512
0.457885
0.457254
0.456618
0.455978
0.455333
0.454684
0.454030
0.453372
0.452709
0.452042
0.451370
0.450694
0.450014
0.449329
0.448639
0.447946
0.447247
0.446544
0.445837
0.445126
0.444410
0.443690
0.442965
0.442236
0.441502
0.440765
0.440022
0.439276
0.438525
0.437770
0.437010
0.436247
0.435479
0.434706
0.433930
0.433149
0.432363
0.431574
0.430780
0.429982
0.429180
0.428373
0.427563
0.426748
0.425929
0.425105
0.424278
0.423446
0.422610
0.421770
0.420926
0.420077
0.419225
0.418368
0.417507
0.416642
0.415773
0.414900
0.414023
0.413141
0.412256
0.411366
0.410473
0.409575
0.408674
0.407768
0.406858
0.405944
0.405026
0.404105
0.403179
0.402249
0.401315
0.400378
0.399436
0.398490
0.397541
0.396587
0.395630
0.394669
0.393704
0.392735
0.391762
0.390785
0.389804
0.388820
0.387831
0.386839
0.385843
0.384843
0.383840
0.382832
0.381821
0.380806
0.379788
0.378765
0.377739
0.376709
0.375675
0.374638
0.373597
0.372552
0.371504
0.370452
0.369396
0.368337
0.367273
0.366207
0.365136
0.364063
0.362985
0.361904
0.360819
0.359731
0.358639
0.357544
0.356445
0.355343
0.354237
0.353127
0.352014
0.350898
0.349778
0.348655
0.347528
0.346398
0.345264
0.344127
0.342987
0.341843
0.340696
0.339546
0.338392
0.337234
0.336074
0.334910
0.333743
0.332572
0.331399
0.330222
0.329041
0.327858
0.326671
0.325481
0.324288
0.323091
0.321892
0.320689
0.319483
0.318274
0.317062
0.315846
0.314628
0.313406
0.312181
0.310953
0.309722
0.308489
0.307252
0.306011
0.304768
0.303522
0.302273
0.301021
0.299766
0.298508
0.297247
0.295983
0.294716
0.293447
0.292174
0.290899
0.289620
0.288339
0.287055
0.285768
0.284478
0.283186
0.281890
0.280592
0.279291
0.277988
0.276681
0.275372
0.274060
0.272746
0.271428
0.270108
0.268786
0.267461
0.266133
0.264802
0.263469
0.262133
0.260795
0.259454
0.258110
0.256764
0.255416
0.254065
0.252711
0.251355
0.249996
0.248635
0.247272
0.245906
0.244537
0.243167
0.241793
0.240418
0.239040
0.237659
0.236277
0.234892
0.233504
0.232115
0.230723
0.229328
0.227932
0.226533
0.225132
0.223729
0.222324
0.220916
0.219506
0.218094
0.216680
0.215264
0.213846
0.212425
0.211002
0.209578
0.208151
0.206722
0.205291
0.203859
0.202424
0.200987
0.199548
0.198107
0.196664
0.195220
0.193773
0.192324
0.190874
0.189422
0.187967
0.186511
0.185053
0.183594
0.182132
0.180669
0.179203
0.177737
0.176268
0.174797
0.173325
0.171851
0.170376
0.168899
0.167420
0.165939
0.164457
0.162973
0.161488
0.160001
0.158512
0.157022
0.155530
0.154037
0.152542
0.151046
0.149548
0.148049
0.146548
0.145046
0.143542
0.142037
0.140531
0.139023
0.137514
0.136004
0.134492
0.132979
0.131464
0.129948
0.128431
0.126913
0.125393
0.123872
0.122350
0.120827
0.119303
0.117777
0.116250
0.114722
0.113193
0.111663
0.110132
0.108599
0.107066
0.105531
0.103996
0.102459
0.100922
0.099383
0.097844
0.096303
0.094762
0.093219
0.091676
0.090132
0.088587
0.087041
0.085494
0.083946
0.082398
0.080848
0.079298
0.077747
0.076196
0.074643
0.073090
0.071536
0.069982
0.068426
0.066870
0.065314
0.063756
0.062199
0.060640
0.059081
0.057521
0.055961
0.054400
0.052839
0.051277
0.049715
0.048152
0.046589
0.045025
0.043461
0.041896
0.040331
0.038766
0.037200
0.035634
0.034067
0.032501
0.030933
0.029366
0.027798
0.026230
0.024662
0.023093
0.021524
0.019956
0.018386
0.016817
0.015248
0.013678
0.012108
0.010538
0.008968
0.007398
0.005828
0.004258
0.002688
0.001117
-0.000453
-0.002023
-0.003594
-0.005164
-0.006734
-0.008304
-0.009874
-0.011444
-0.013014
-0.014583
-0.016153
-0.017722
-0.019291
-0.020860
-0.022429
-0.023998
-0.025566
-0.027134
-0.028702
-0.030269
-0.031836
-0.033403
-0.034970
-0.036536
-0.038102
-0.039667
-0.041232
-0.042797
-0.044361
-0.045925
-0.047488
-0.049051
-0.050613
-0.052175
-0.053736
-0.055297
-0.056857
-0.058417
-0.059976
-0.061535
-0.063093
-0.064650
-0.066206
-0.067762
-0.069318
-0.070872
-0.072426
-0.073979
-0.075532
-0.077083
-0.078634
-0.080184
-0.081734
-0.083282
-0.084830
-0.086377
-0.087923
-0.089468
-0.091012
-0.092556
-0.094098
-0.095640
-0.097180
-0.098720
-0.100258
-0.101796
-0.103333
-0.104868
-0.106403
-0.107936
-0.109469
-0.111000
-0.112530
-0.114059
-0.115587
-0.117114
-0.118640
-0.120164
-0.121688
-0.123210
-0.124731
-0.126250
-0.127769
-0.129286
-0.130802
-0.132316
-0.133830
-0.135342
-0.136852
-0.138361
-0.139869
-0.141376
-0.142881
-0.144384
-0.145887
-0.147388
-0.148887
-0.150385
-0.151881
-0.153376
-0.154869
-0.156361
-0.157851
-0.159340
-0.160827
-0.162313
-0.163797
-0.165279
-0.166760
-0.168239
-0.169716
-0.171192
-0.172666
-0.174138
-0.175609
-0.177077
-0.178545
-0.180010
-0.181473
-0.182935
-0.184395
-0.185853
-0.187309
-0.188764
-0.190216
-0.191667
-0.193116
-0.194563
-0.196008
-0.197451
-0.198892
-0.200331
-0.201768
-0.203203
-0.204636
-0.206067
-0.207496
-0.208923
-0.210348
-0.211771
-0.213191
-0.214610
-0.216027
-0.217441
-0.218853
-0.220263
-0.221671
-0.223077
-0.224480
-0.225881
-0.227280
-0.228677
-0.230072
-0.231464
-0.232854
-0.234242
-0.235627
-0.237010
-0.238391
-0.239769
-0.241145
-0.242518
-0.243890
-0.245258
-0.246625
-0.247989
-0.249350
-0.250709
-0.252066
-0.253420
-0.254771
-0.256120
-0.257466
-0.258810
-0.260152
-0.261491
-0.262827
-0.264160
-0.265491
-0.266820
-0.268145
-0.269469
-0.270789
-0.272107
-0.273422
-0.274734
-0.276044
-0.277351
-0.278655
-0.279956
-0.281255
-0.282551
-0.283844
-0.285134
-0.286422
-0.287706
-0.288988
-0.290267
-0.291543
-0.292816
-0.294087
-0.295354
-0.296618
-0.297880
-0.299139
-0.300394
-0.301647
-0.302897
-0.304143
-0.305387
-0.306628
-0.307865
-0.309100
-0.310332
-0.311560
-0.312786
-0.314008
-0.315227
-0.316443
-0.317656
-0.318866
-0.320073
-0.321277
-0.322477
-0.323674
-0.324868
-0.326059
-0.327247
-0.328431
-0.329612
-0.330790
-0.331965
-0.333136
-0.334304
-0.335469
-0.336630
-0.337788
-0.338943
-0.340094
-0.341242
-0.342387
-0.343528
-0.344666
-0.345801
-0.346932
-0.348060
-0.349184
-0.350305
-0.351422
-0.352536
-0.353646
-0.354753
-0.355856
-0.356956
-0.358053
-0.359146
-0.360235
-0.361321
-0.362403
-0.363481
-0.364556
-0.365628
-0.366696
-0.367760
-0.368820
-0.369877
-0.370930
-0.371980
-0.373026
-0.374068
-0.375107
-0.376142
-0.377173
-0.378200
-0.379224
-0.380244
-0.381260
-0.382272
-0.383281
-0.384286
-0.385287
-0.386284
-0.387278
-0.388268
-0.389254
-0.390236
-0.391214
-0.392188
-0.393159
-0.394125
-0.395088
-0.396047
-0.397002
-0.397953
-0.398900
-0.399843
-0.400782
-0.401718
-0.402649
-0.403576
-0.404499
-0.405419
-0.406334
-0.407245
-0.408152
-0.409056
-0.409955
-0.410850
-0.411741
-0.412628
-0.413511
-0.414390
-0.415265
-0.416135
-0.417002
-0.417864
-0.418723
-0.419577
-0.420427
-0.421273
-0.422115
-0.422952
-0.423786
-0.424615
-0.425440
-0.426261
-0.427077
-0.427890
-0.428698
-0.429502
-0.430302
-0.431097
-0.431889
-0.432676
-0.433458
-0.434237
-0.435011
-0.435781
-0.436547
-0.437308
-0.438065
-0.438817
-0.439566
-0.440310
-0.441049
-0.441785
-0.442516
-0.443242
-0.443964
-0.444682
-0.445396
-0.446105
-0.446810
-0.447510
-0.448206
-0.448897
-0.449584
-0.450267
-0.450945
-0.451619
-0.452288
-0.452953
-0.453613
-0.454269
-0.454920
-0.455567
-0.456209
-0.456847
-0.457480
-0.458109
-0.458734
-0.459354
-0.459969
-0.460580
-0.461186
-0.461787
-0.462385
-0.462977
-0.463565
-0.464149
-0.464727
-0.465302
-0.465871
-0.466436
-0.466997
-0.467553
-0.468104
-0.468651
-0.469193
-0.469730
-0.470263
-0.470791
-0.471314
-0.471833
-0.472348
-0.472857
-0.473362
-0.473862
-0.474358
-0.474849
-0.475335
-0.475816
-0.476293
-0.476765
-0.477233
-0.477695
-0.478153
-0.478607
-0.479055
-0.479499
-0.479938
-0.480373
-0.480802
-0.481227
-0.481647
-0.482063
-0.482473
-0.482879
-0.483280
-0.483677
-0.484068
-0.484455
-0.484837
-0.485215
-0.485587
-0.485955
-0.486318
-0.486676
-0.487029
-0.487378
-0.487721
-0.488060
-0.488394
-0.488724
-0.489048
-0.489368
-0.489682
-0.489993
-0.490298
-0.490598
-0.490893
-0.491184
-0.491470
-0.491751
-0.492027
-0.492298
-0.492565
-0.492826
-0.493083
-0.493335
-0.493582
-0.493824
-0.494061
-0.494293
-0.494521
-0.494744
-0.494961
-0.495174
-0.495382
-0.495585
-0.495783
-0.495977
-0.496165
-0.496349
-0.496527
-0.496701
-0.496870
-0.497034
-0.497193
-0.497347
-0.497496
-0.497640
-0.497780
-0.497914
-0.498044
-0.498169
-0.498288
-0.498403
-0.498513
-0.498618
-0.498718
-0.498813
-0.498904
-0.498989
-0.499069
-0.499145
-0.499215
-0.499281
-0.499342
-0.499397
-0.499448
-0.499494
-0.499535
-0.499571
-0.499602
-0.499629
-0.499650
-0.499666
-0.499678
-0.499684
-0.499686
-0.499682
-0.499674
-0.499661
-0.499643
-0.499620
-0.499592
-0.499559
-0.499521
-0.499479
-0.499431
-0.499378
-0.499321
-0.499258
-0.499191
-0.499119
-0.499042
-0.498960
-0.498872
-0.498781
-0.498684
-0.498582
-0.498475
-0.498363
-0.498247
-0.498125
-0.497999
-0.497868
-0.497731
-0.497590
-0.497444
-0.497293
-0.497137
-0.496977
-0.496811
-0.496640
-0.496465
-0.496285
-0.496099
-0.495909
-0.495714
-0.495514
-0.495310
-0.495100
-0.494885
-0.494666
-0.494442
-0.494212
-0.493978
-0.493739
-0.493496
-0.493247
-0.492993
-0.492735
-0.492472
-0.492204
-0.491931
-0.491653
-0.491370
-0.491083
-0.490791
-0.490493
-0.490191
-0.489884
-0.489573
-0.489256
-0.488935
-0.488609
-0.488278
-0.487942
-0.487601
-0.487256
-0.486905
-0.486550
-0.486190
-0.485825
-0.485456
-0.485082
-0.484703
-0.484319
-0.483930
-0.483537
-0.483138
-0.482735
-0.482328
-0.481915
-0.481498
-0.481076
-0.480649
-0.480218
-0.479782
-0.479341
-0.478895
-0.478445
-0.477990
-0.477530
-0.477065
-0.476596
-0.476122
-0.475644
-0.475160
-0.474672
-0.474180
-0.473682
-0.473180
-0.472673
-0.472162
-0.471646
-0.471125
-0.470600
-0.470070
-0.469535
-0.468996
-0.468452
-0.467904
-0.467350
-0.466793
-0.466230
-0.465663
-0.465092
-0.464515
-0.463935
-0.463349
-0.462759
-0.462165
-0.461566
-0.460962
-0.460354
-0.459741
-0.459124
-0.458502
-0.457876
-0.457245
-0.456610
-0.455970
-0.455326
-0.454677
-0.454024
-0.453366
-0.452704
-0.452037
-0.451366
-0.450690
-0.450010
-0.449326
-0.448637
-0.447943
-0.447246
-0.446543
-0.445837
-0.445126
-0.444410
-0.443690
-0.442966
-0.442238
-0.441505
-0.440767
-0.440026
-0.439280
-0.438529
-0.437775
-0.437016
-0.436252
-0.435485
-0.434713
-0.433937
-0.433156
-0.432371
-0.431582
-0.430789
-0.429991
-0.429190
-0.428383
-0.427573
-0.426759
-0.425940
-0.425117
-0.424290
-0.423459
-0.422623
-0.421784
-0.420940
-0.420092
-0.419240
-0.418383
-0.417523
-0.416659
-0.415790
-0.414917
-0.414040
-0.413160
-0.412275
-0.411386
-0.410492
-0.409595
-0.408694
-0.407789
-0.406880
-0.405966
-0.405049
-0.404128
-0.403203
-0.402273
-0.401340
-0.400403
-0.399462
-0.398517
-0.397568
-0.396615
-0.395658
-0.394697
-0.393733
-0.392764
-0.391792
-0.390815
-0.389835
-0.388851
-0.387863
-0.386871
-0.385876
-0.384877
-0.383873
-0.382866
-0.381856
-0.380841
-0.379823
-0.378801
-0.377775
-0.376746
-0.375713
-0.374676
-0.373635
-0.372591
-0.371543
-0.370491
-0.369436
-0.368377
-0.367314
-0.366248
-0.365178
-0.364105
-0.363028
-0.361947
-0.360863
-0.359775
-0.358684
-0.357589
-0.356491
-0.355389
-0.354283
-0.353174
-0.352062
-0.350946
-0.349826
-0.348704
-0.347577
-0.346447
-0.345314
-0.344178
-0.343038
-0.341894
-0.340747
-0.339597
-0.338444
-0.337287
-0.336127
-0.334963
-0.333796
-0.332626
-0.331453
-0.330276
-0.329096
-0.327913
-0.326727
-0.325537
-0.324344
-0.323148
-0.321949
-0.320747
-0.319541
-0.318333
-0.317121
-0.315906
-0.314688
-0.313466
-0.312242
-0.311015
-0.309784
-0.308551
-0.307314
-0.306075
-0.304832
-0.303586
-0.302338
-0.301086
-0.299831
-0.298574
-0.297313
-0.296050
-0.294783
-0.293514
-0.292241
-0.290966
-0.289688
-0.288407
-0.287124
-0.285837
-0.284548
-0.283255
-0.281960
-0.280662
-0.279362
-0.278058
-0.276752
-0.275444
-0.274132
-0.272818
-0.271501
-0.270181
-0.268859
-0.267534
-0.266206
-0.264876
-0.263543
-0.262208
-0.260870
-0.259529
-0.258186
-0.256841
-0.255492
-0.254142
-0.252788
-0.251432
-0.250074
-0.248713
-0.247350
-0.245985
-0.244617
-0.243246
-0.241873
-0.240498
-0.239120
-0.237740
-0.236358
-0.234973
-0.233586
-0.232196
-0.230805
-0.229411
-0.228015
-0.226616
-0.225215
-0.223812
-0.222407
-0.221000
-0.219590
-0.218178
-0.216765
-0.215348
-0.213930
-0.212510
-0.211088
-0.209663
-0.208237
-0.206808
-0.205378
-0.203945
-0.202510
-0.201073
-0.199635
-0.198194
-0.196752
-0.195307
-0.193861
-0.192412
-0.190962
-0.189510
-0.188056
-0.186600
-0.185142
-0.183683
-0.182221
-0.180758
-0.179293
-0.177826
-0.176358
-0.174888
-0.173416
-0.171942
-0.170466
-0.168989
-0.167511
-0.166030
-0.164548
-0.163064
-0.161579
-0.160092
-0.158604
-0.157113
-0.155622
-0.154129
-0.152634
-0.151138
-0.149640
-0.148141
-0.146640
-0.145138
-0.143635
-0.142130
-0.140623
-0.139116
-0.137606
-0.136096
-0.134584
-0.133071
-0.131557
-0.130041
-0.128524
-0.127005
-0.125486
-0.123965
-0.122443
-0.120920
-0.119395
-0.117870
-0.116343
-0.114815
-0.113286
-0.111756
-0.110225
-0.108692
-0.107159
-0.105624
-0.104089
-0.102552
-0.101014
-0.099476
-0.097936
-0.096396
-0.094854
-0.093312
-0.091768
-0.090224
-0.088679
-0.087132
-0.085586
-0.084038
-0.082489
-0.080940
-0.079389
-0.077838
-0.076287
-0.074734
-0.073181
-0.071627
-0.070072
-0.068517
-0.066961
-0.065404
-0.063846
-0.062288
-0.060730
-0.059171
-0.057611
-0.056051
-0.054490
-0.052928
-0.051366
-0.049804
-0.048241
-0.046677
-0.045113
-0.043549
-0.041984
-0.040419
-0.038853
-0.037287
-0.035721
-0.034154
-0.032587
-0.031020
-0.029452
-0.027884
-0.026316
-0.024747
-0.023178
-0.021609
-0.020040
-0.018471
-0.016901
-0.015331
-0.013761
-0.012191
-0.010621
-0.009051
-0.007480
-0.005910
-0.004339
-0.002769
-0.001198
0.000372
0.001943
0.003514
0.005084
0.006655
0.008225
0.009795
0.011365
0.012936
0.014506
0.016075
0.017645
0.019214
0.020784
0.022353
0.023922
0.025490
0.027059
0.028627
0.030195
0.031762
0.033329
0.034896
0.036463
0.038029
0.039595
0.041160
0.042725
0.044290
0.045854
0.047418
0.048981
0.050544
0.052106
0.053668
0.055229
0.056790
0.058350
0.059910
0.061469
0.063027
0.064585
0.066142
0.067698
0.069254
0.070809
0.072363
0.073917
0.075470
0.077022
0.078573
0.080124
0.081674
0.083223
0.084771
0.086318
0.087865
0.089410
0.090955
0.092499
0.094042
0.095584
0.097125
0.098665
0.100204
0.101742
0.103279
0.104815
0.106350
0.107884
0.109417
0.110949
0.112480
0.114010
0.115538
0.117066
0.118592
0.120117
0.121641
0.123163
0.124685
0.126205
0.127724
0.129242
0.130758
0.132273
0.133787
0.135300
0.136811
0.138321
0.139829
0.141336
0.142842
0.144346
0.145849
0.147350
0.148850
0.150349
0.151846
0.153341
0.154835
0.156327
0.157818
0.159307
0.160795
0.162281
0.163766
0.165249
0.166730
0.168210
0.169687
0.171164
0.172638
0.174111
0.175582
0.177052
0.178519
0.179985
0.181449
0.182912
0.184372
0.185831
0.187288
0.188743
0.190196
0.191647
0.193097
0.194544
0.195990
0.197433
0.198875
0.200315
0.201752
0.203188
0.204622
0.206054
0.207483
0.208911
0.210336
0.211760
0.213181
0.214600
0.216018
0.217433
0.218845
0.220256
0.221665
0.223071
0.224475
0.225877
0.227276
0.228674
0.230069
0.231462
0.232852
0.234241
0.235627
0.237010
0.238392
0.239771
0.241147
0.242521
0.243893
0.245262
0.246629
0.247994
0.249356
0.250716
0.252073
0.253427
0.254779
0.256129
0.257476
0.258821
0.260163
0.261502
0.262839
0.264173
0.265505
0.266834
0.268160
0.269484
0.270805
0.272123
0.273439
0.274752
0.276062
0.277370
0.278675
0.279977
0.281276
0.282572
0.283866
0.285157
0.286445
0.287730
0.289013
0.290292
0.291569
0.292843
0.294114
0.295382
0.296647
0.297909
0.299168
0.300424
0.301678
0.302928
0.304175
0.305419
0.306661
0.307899
0.309134
0.310366
0.311596
0.312822
0.314044
0.315264
0.316481
0.317695
0.318905
0.320112
0.321317
0.322518
0.323715
0.324910
0.326101
0.327289
0.328474
0.329656
0.330834
0.332010
0.333182
0.334350
0.335515
0.336677
0.337836
0.338991
0.340143
0.341292
0.342437
0.343579
0.344717
0.345852
0.346984
0.348112
0.349237
0.350358
0.351476
0.352591
0.353702
0.354809
0.355913
0.357013
0.358110
0.359203
0.360293
0.361379
0.362462
0.363541
0.364617
0.365689
0.366757
0.367822
0.368883
0.369940
0.370994
0.372044
0.373090
0.374133
0.375172
0.376207
0.377239
0.378267
0.379291
0.380311
0.381328
0.382341
0.383350
0.384355
0.385357
0.386355
0.387348
0.388339
0.389325
0.390307
0.391286
0.392260
0.393231
0.394198
0.395161
0.396120
0.397076
0.398027
0.398974
0.399918
0.400857
0.401793
0.402724
0.403652
0.404575
0.405495
0.406411
0.407322
0.408230
0.409133
0.410033
0.410928
0.411820
0.412707
0.413590
0.414470
0.415345
0.416216
0.417083
0.417945
0.418804
0.419659
0.420509
0.421355
0.422197
0.423035
0.423869
0.424698
0.425524
0.426345
0.427162
0.427975
0.428783
0.429587
0.430387
0.431183
0.431975
0.432762
0.433545
0.434324
0.435098
0.435868
0.436634
0.437395
0.438153
0.438905
0.439654
0.440398
0.441138
0.441874
0.442605
0.443331
0.444054
0.444772
0.445486
0.446195
0.446900
0.447600
0.448296
0.448988
0.449675
0.450357
0.451036
0.451710
0.452379
0.453044
0.453704
0.454360
0.455012
0.455659
0.456301
0.456939
0.457572
0.458201
0.458826
0.459446
0.460061
0.460672
0.461278
0.461880
0.462477
0.463070
0.463658
0.464241
0.464820
0.465394
0.465964
0.466529
0.467090
0.467646
0.468197
0.468743
0.469286
0.469823
0.470356
0.470884
0.471407
0.471926
0.472440
0.472950
0.473455
0.473955
0.474450
0.474941
0.475427
0.475909
0.476385
0.476857
0.477325
0.477787
0.478245
0.478699
0.479147
0.479591
0.480030
0.480464
0.480894
0.481318
0.481738
0.482154
0.482564
0.482970
0.483371
0.483767
0.484159
0.484545
0.484927
0.485304
0.485677
0.486044
0.486407
0.486765
0.487118
0.487466
0.487810
0.488149
0.488483
0.488812
0.489136
0.489455
0.489770
0.490080
0.490385
0.490685
0.490980
0.491270
0.491556
0.491837
0.492113
0.492384
0.492650
0.492911
0.493168
0.493419
0.493666
0.493908
0.494145
0.494377
0.494604
0.494826
0.495044
0.495256
0.495464
0.495667
0.495865
0.496058
0.496246
0.496429
0.496607
0.496781
0.496949
0.497113
0.497272
0.497425
0.497574
0.497718
0.497857
0.497992
0.498121
0.498245
0.498365
0.498479
0.498589
0.498693
0.498793
0.498888
0.498978
0.499063
0.499143
0.499218
0.499289
0.499354
0.499415
0.499470
0.499521
0.499566
0.499607
0.499643
0.499674
0.499700
0.499721
0.499737
0.499748
0.499754
0.499755
0.499752
0.499743
0.499730
0.499711
0.499688
0.499659
0.499626
0.499588
0.499545
0.499497
0.499444
0.499386
0.499323
0.499255
0.499182
0.499105
0.499022
0.498935
0.498842
0.498745
0.498643
0.498536
0.498424
0.498306
0.498185
0.498058
0.497926
0.497789
0.497648
0.497501
0.497350
0.497194
0.497033
0.496867
0.496696
0.496520
0.496339
0.496153
0.495963
0.495768
0.495567
0.495362
0.495152
0.494937
0.494717
0.494492
0.494262
0.494028
0.493789
0.493544
0.493295
0.493041
0.492782
0.492519
0.492250
0.491977
0.491698
0.491415
0.491127
0.490834
0.490537
0.490234
0.489927
0.489614
0.489297
0.488976
0.488649
0.488317
0.487981
0.487640
0.487294
0.486943
0.486587
0.486227
0.485862
0.485492
0.485117
0.484737
0.484353
0.483964
0.483570
0.483171
0.482768
0.482360
0.481947
0.481529
0.481107
0.480680
0.480248
0.479811
0.479370
0.478924
0.478473
0.478017
0.477557
0.477092
0.476623
0.476148
0.475669
0.475185
0.474697
0.474204
0.473706
0.473203
0.472696
0.472184
0.471667
0.471146
0.470620
0.470090
0.469555
0.469015
0.468470
0.467921
0.467368
0.466809
0.466247
0.465679
0.465107
0.464530
0.463949
0.463363
0.462773
0.462178
0.461579
0.460975
0.460366
0.459753
0.459135
0.458513
0.457886
0.457255
0.456619
0.455979
0.455334
0.454685
0.454031
0.453373
0.452710
0.452043
0.451372
0.450696
0.450015
0.449330
0.448641
0.447947
0.447248
0.446546
0.445839
0.445127
0.444411
0.443691
0.442966
0.442237
0.441504
0.440766
0.440024
0.439277
0.438526
0.437771
0.437012
0.436248
0.435480
0.434708
0.433931
0.433150
0.432365
0.431575
0.430781
0.429983
0.429181
0.428375
0.427564
0.426749
0.425930
0.425107
0.424279
0.423447
0.422612
0.421771
0.420927
0.420079
0.419226
0.418370
0.417509
0.416644
0.415775
0.414902
0.414024
0.413143
0.412257
0.411368
0.410474
0.409577
0.408675
0.407769
0.406860
0.405946
0.405028
0.404106
0.403180
0.402251
0.401317
0.400379
0.399438
0.398492
0.397543
0.396589
0.395632
0.394670
0.393705
0.392736
0.391763
0.390787
0.389806
0.388821
0.387833
0.386841
0.385845
0.384845
0.383842
0.382834
0.381823
0.380808
0.379789
0.378767
0.377741
0.376711
0.375677
0.374640
0.373599
0.372554
0.371506
0.370453
0.369398
0.368338
0.367275
0.366209
0.365138
0.364064
0.362987
0.361906
0.360821
0.359733
0.358641
0.357546
0.356447
0.355344
0.354239
0.353129
0.352016
0.350900
0.349780
0.348657
0.347530
0.346400
0.345266
0.344129
0.342989
0.341845
0.340698
0.339547
0.338394
0.337236
0.336076
0.334912
0.333745
0.332574
0.331401
0.330224
0.329043
0.327860
0.326673
0.325483
0.324290
0.323093
0.321894
0.320691
0.319485
0.318276
0.317064
0.315848
0.314630
0.313408
0.312183
0.310955
0.309725
0.308491
0.307254
0.306014
0.304771
0.303524
0.302275
0.301023
0.299768
0.298510
0.297249
0.295985
0.294719
0.293449
0.292176
0.290901
0.289622
0.288341
0.287057
0.285770
0.284480
0.283188
0.281893
0.280594
0.279294
0.277990
0.276683
0.275374
0.274062
0.272748
0.271431
0.270111
0.268788
0.267463
0.266135
0.264804
0.263471
0.262135
0.260797
0.259456
0.258113
0.256767
0.255418
0.254067
0.252713
0.251357
0.249999
0.248638
0.247274
0.245908
0.244540
0.243169
0.241796
0.240420
0.239042
0.237662
0.236279
0.234894
0.233507
0.232117
0.230725
0.229331
0.227934
0.226536
0.225135
0.223731
0.222326
0.220918
0.219509
0.218097
0.216683
0.215266
0.213848
0.212427
0.211005
0.209580
0.208153
0.206725
0.205294
0.203861
0.202426
0.200989
0.199550
0.198110
0.196667
0.195222
0.193775
0.192327
0.190876
0.189424
0.187970
0.186514
0.185056
0.183596
0.182134
0.180671
0.179206
0.177739
0.176270
0.174800
0.173328
0.171854
0.170378
0.168901
0.167422
0.165942
0.164459
0.162976
0.161490
0.160003
0.158515
0.157024
0.155533
0.154039
0.152545
0.151048
0.149551
0.148051
0.146551
0.145049
0.143545
0.142040
0.140534
0.139026
0.137517
0.136006
0.134494
0.132981
0.131467
0.129951
0.128434
0.126915
0.125396
0.123875
0.122353
0.120830
0.119305
0.117780
0.116253
0.114725
0.113196
0.111666
0.110134
0.108602
0.107069
0.105534
0.103998
0.102462
0.100924
0.099386
0.097846
0.096306
0.094764
0.093222
0.091678
0.090134
0.088589
0.087043
0.085496
0.083949
0.082400
0.080851
0.079301
0.077750
0.076198
0.074646
0.073093
0.071539
0.069984
0.068429
0.066873
0.065316
0.063759
0.062201
0.060643
0.059084
0.057524
0.055964
0.054403
0.052842
0.051280
0.049718
0.048155
0.046592
0.045028
0.043464
0.041899
0.040334
0.038769
0.037203
0.035637
0.034070
0.032503
0.030936
0.029369
0.027801
0.026233
0.024664
0.023096
0.021527
0.019958
0.018389
0.016820
0.015250
0.013681
0.012111
0.010541
0.008971
0.007401
0.005831
0.004260
0.002690
0.001120
-0.000450
-0.002021
-0.003591
-0.005161
-0.006731
-0.008301
-0.009871
-0.011441
-0.013011
-0.014581
-0.016150
-0.017719
-0.019289
-0.020858
-0.022426
-0.023995
-0.025563
-0.027131
-0.028699
-0.030266
-0.031834
-0.033400
-0.034967
-0.036533
-0.038099
-0.039664
-0.041229
-0.042794
-0.044358
-0.045922
-0.047485
-0.049048
-0.050611
-0.052172
-0.053734
-0.055295
-0.056855
-0.058414
-0.059974
-0.061532
-0.063090
-0.064647
-0.066204
-0.067760
-0.069315
-0.070870
-0.072423
-0.073977
-0.075529
-0.077081
-0.078632
-0.080182
-0.081731
-0.083280
-0.084827
-0.086374
-0.087920
-0.089465
-0.091010
-0.092553
-0.094096
-0.095637
-0.097178
-0.098717
-0.100256
-0.101793
-0.103330
-0.104866
-0.106400
-0.107934
-0.109466
-0.110997
-0.112528
-0.114057
-0.115585
-0.117112
-0.118637
-0.120162
-0.121685
-0.123207
-0.124728
-0.126248
-0.127766
-0.129283
-0.130799
-0.132314
-0.133827
-0.135339
-0.136850
-0.138359
-0.139867
-0.141373
-0.142878
-0.144382
-0.145884
-0.147385
-0.148884
-0.150382
-0.151879
-0.153373
-0.154867
-0.156359
-0.157849
-0.159338
-0.160825
-0.162310
-0.163794
-0.165277
-0.166757
-0.168236
-0.169714
-0.171189
-0.172663
-0.174136
-0.175606
-0.177075
-0.178542
-0.180007
-0.181471
-0.182933
-0.184393
-0.185851
-0.187307
-0.188761
-0.190214
-0.191665
-0.193113
-0.194560
-0.196005
-0.197448
-0.198889
-0.200328
-0.201765
-0.203200
-0.204633
-0.206065
-0.207494
-0.208921
-0.210345
-0.211768
-0.213189
-0.214608
-0.216024
-0.217439
-0.218851
-0.220261
-0.221669
-0.223074
-0.224478
-0.225879
-0.227278
-0.228675
-0.230069
-0.231462
-0.232852
-0.234239
-0.235625
-0.237008
-0.238388
-0.239767
-0.241143
-0.242516
-0.243887
-0.245256
-0.246622
-0.247986
-0.249348
-0.250707
-0.252063
-0.253417
-0.254769
-0.256118
-0.257464
-0.258808
-0.260149
-0.261488
-0.262824
-0.264158
-0.265489
-0.266817
-0.268143
-0.269466
-0.270787
-0.272104
-0.273420
-0.274732
-0.276042
-0.277348
-0.278653
-0.279954
-0.281253
-0.282549
-0.283842
-0.285132
-0.286419
-0.287704
-0.288986
-0.290265
-0.291541
-0.292814
-0.294084
-0.295352
-0.296616
-0.297878
-0.299136
-0.300392
-0.301645
-0.302895
-0.304141
-0.305385
-0.306626
-0.307863
-0.309098
-0.310330
-0.311558
-0.312784
-0.314006
-0.315225
-0.316441
-0.317654
-0.318864
-0.320071
-0.321275
-0.322475
-0.323672
-0.324866
-0.326057
-0.327245
-0.328429
-0.329610
-0.330788
-0.331963
-0.333134
-0.334302
-0.335467
-0.336628
-0.337786
-0.338941
-0.340092
-0.341240
-0.342385
-0.343526
-0.344664
-0.345799
-0.346930
-0.348058
-0.349182
-0.350303
-0.351420
-0.352534
-0.353644
-0.354751
-0.355855
-0.356955
-0.358051
-0.359144
-0.360233
-0.361319
-0.362401
-0.363480
-0.364555
-0.365626
-0.366694
-0.367758
-0.368818
-0.369875
-0.370929
-0.371978
-0.373024
-0.374066
-0.375105
-0.376140
-0.377171
-0.378198
-0.379222
-0.380242
-0.381258
-0.382271
-0.383279
-0.384284
-0.385285
-0.386283
-0.387276
-0.388266
-0.389252
-0.390234
-0.391212
-0.392187
-0.393157
-0.394124
-0.395086
-0.396045
-0.397000
-0.397951
-0.398898
-0.399842
-0.400781
-0.401716
-0.402647
-0.403575
-0.404498
-0.405417
-0.406332
-0.407244
-0.408151
-0.409054
-0.409953
-0.410848
-0.411739
-0.412627
-0.413509
-0.414388
-0.415263
-0.416134
-0.417000
-0.417863
-0.418721
-0.419575
-0.420425
-0.421271
-0.422113
-0.422951
-0.423784
-0.424614
-0.425439
-0.426259
-0.427076
-0.427889
-0.428697
-0.429501
-0.430301
-0.431096
-0.431887
-0.432674
-0.433457
-0.434236
-0.435010
-0.435780
-0.436545
-0.437307
-0.438064
-0.438816
-0.439565
-0.440309
-0.441048
-0.441784
-0.442514
-0.443241
-0.443963
-0.444681
-0.445395
-0.446104
-0.446808
-0.447509
-0.448204
-0.448896
-0.449583
-0.450266
-0.450944
-0.451617
-0.452287
-0.452951
-0.453612
-0.454268
-0.454919
-0.455566
-0.456208
-0.456846
-0.457479
-0.458108
-0.458733
-0.459353
-0.459968
-0.460579
-0.461185
-0.461786
-0.462384
-0.462976
-0.463564
-0.464148
-0.464726
-0.465301
-0.465870
-0.466435
-0.466996
-0.467552
-0.468103
-0.468650
-0.469192
-0.469729
-0.470262
-0.470790
-0.471314
-0.471832
-0.472347
-0.472856
-0.473361
-0.473861
-0.474357
-0.474848
-0.475334
-0.475816
-0.476292
-0.476764
-0.477232
-0.477695
-0.478153
-0.478606
-0.479054
-0.479498
-0.479937
-0.480372
-0.480801
-0.481226
-0.481647
-0.482062
-0.482473
-0.482879
-0.483280
-0.483676
-0.484068
-0.484455
-0.484837
-0.485214
-0.485586
-0.485954
-0.486317
-0.486675
-0.487028
-0.487377
-0.487721
-0.488060
-0.488394
-0.488723
-0.489047
-0.489367
-0.489682
-0.489992
-0.490297
-0.490597
-0.490893
-0.491184
-0.491469
-0.491750
-0.492027
-0.492298
-0.492564
-0.492826
-0.493082
-0.493334
-0.493581
-0.493823
-0.494061
-0.494293
-0.494520
-0.494743
-0.494961
-0.495174
-0.495382
-0.495585
-0.495783
-0.495976
-0.496165
-0.496348
-0.496527
-0.496701
-0.496869
-0.497033
-0.497192
-0.497347
-0.497496
-0.497640
-0.497780
-0.497914
-0.498044
-0.498168
-0.498288
-0.498403
-0.498513
-0.498618
-0.498718
-0.498813
-0.498903
-0.498989
-0.499069
-0.499145
-0.499215
-0.499281
-0.499341
-0.499397
-0.499448
-0.499494
-0.499535
-0.499571
-0.499602
-0.499628
-0.499650
-0.499666
-0.499678
-0.499684
-0.499686
-0.499682
-0.499674
-0.499661
-0.499643
-0.499620
-0.499592
-0.499559
-0.499521
-0.499479
-0.499431
-0.499378
-0.499321
-0.499259
-0.499191
-0.499119
-0.499042
-0.498960
-0.498873
-0.498781
-0.498684
-0.498582
-0.498475
-0.498364
-0.498247
-0.498126
-0.497999
-0.497868
-0.497732
-0.497591
-0.497445
-0.497294
-0.497138
-0.496977
-0.496811
-0.496641
-0.496465
-0.496285
-0.496100
-0.495910
-0.495715
-0.495515
-0.495310
-0.495100
-0.494886
-0.494666
-0.494442
-0.494213
-0.493979
-0.493740
-0.493496
-0.493247
-0.492994
-0.492736
-0.492472
-0.492204
-0.491931
-0.491654
-0.491371
-0.491083
-0.490791
-0.490494
-0.490192
-0.489885
-0.489573
-0.489257
-0.488935
-0.488609
-0.488278
-0.487942
-0.487602
-0.487256
-0.486906
-0.486551
-0.486191
-0.485826
-0.485457
-0.485082
-0.484703
-0.484319
-0.483931
-0.483537
-0.483139
-0.482736
-0.482328
-0.481916
-0.481499
-0.481077
-0.480650
-0.480219
-0.479782
-0.479342
-0.478896
-0.478446
-0.477990
-0.477531
-0.477066
-0.476597
-0.476123
-0.475644
-0.475161
-0.474673
-0.474180
-0.473683
-0.473181
-0.472674
-0.472163
-0.471647
-0.471126
-0.470601
-0.470071
-0.469536
-0.468997
-0.468453
-0.467904
-0.467351
-0.466794
-0.466231
-0.465664
-0.465093
-0.464516
-0.463936
-0.463350
-0.462760
-0.462166
-0.461567
-0.460963
-0.460355
-0.459742
-0.459125
-0.458503
-0.457877
-0.457246
-0.456611
-0.455971
-0.455327
-0.454678
-0.454025
-0.453367
-0.452705
-0.452038
-0.451367
-0.450691
-0.450011
-0.449327
-0.448638
-0.447945
-0.447247
-0.446544
-0.445838
-0.445127
-0.444411
-0.443692
-0.442967
-0.442239
-0.441506
-0.440769
-0.440027
-0.439281
-0.438531
-0.437776
-0.437017
-0.436254
-0.435486
-0.434714
-0.433938
-0.433157
-0.432373
-0.431584
-0.430790
-0.429993
-0.429191
-0.428385
-0.427575
-0.426760
-0.425941
-0.425118
-0.424291
-0.423460
-0.422625
-0.421785
-0.420941
-0.420093
-0.419241
-0.418385
-0.417525
-0.416660
-0.415791
-0.414919
-0.414042
-0.413161
-0.412276
-0.411387
-0.410494
-0.409597
-0.408696
-0.407790
-0.406881
-0.405968
-0.405051
-0.404129
-0.403204
-0.402275
-0.401342
-0.400405
-0.399463
-0.398518
-0.397569
-0.396616
-0.395660
-0.394699
-0.393734
-0.392766
-0.391793
-0.390817
-0.389837
-0.388853
-0.387865
-0.386873
-0.385878
-0.384878
-0.383875
-0.382868
-0.381857
-0.380843
-0.379825
-0.378803
-0.377777
-0.376747
-0.375714
-0.374677
-0.373637
-0.372593
-0.371545
-0.370493
-0.369438
-0.368379
-0.367316
-0.366250
-0.365180
-0.364107
-0.363030
-0.361949
-0.360865
-0.359777
-0.358686
-0.357591
-0.356493
-0.355391
-0.354285
-0.353176
-0.352064
-0.350948
-0.349828
-0.348705
-0.347579
-0.346449
-0.345316
-0.344179
-0.343040
-0.341896
-0.340749
-0.339599
-0.338446
-0.337289
-0.336129
-0.334965
-0.333798
-0.332628
-0.331455
-0.330278
-0.329098
-0.327915
-0.326729
-0.325539
-0.324346
-0.323150
-0.321951
-0.320749
-0.319543
-0.318335
-0.317123
-0.315908
-0.314690
-0.313469
-0.312244
-0.311017
-0.309786
-0.308553
-0.307316
-0.306077
-0.304834
-0.303588
-0.302340
-0.301088
-0.299833
-0.298576
-0.297315
-0.296052
-0.294785
-0.293516
-0.292244
-0.290968
-0.289690
-0.288409
-0.287126
-0.285839
-0.284550
-0.283257
-0.281963
-0.280665
-0.279364
-0.278061
-0.276755
-0.275446
-0.274134
-0.272820
-0.271503
-0.270183
-0.268861
-0.267536
-0.266209
-0.264878
-0.263546
-0.262210
-0.260872
-0.259532
-0.258189
-0.256843
-0.255495
-0.254144
-0.252791
-0.251435
-0.250077
-0.248716
-0.247353
-0.245987
-0.244619
-0.243248
-0.241876
-0.240500
-0.239123
-0.237742
-0.236360
-0.234975
-0.233588
-0.232199
-0.230807
-0.229413
-0.228017
-0.226618
-0.225218
-0.223815
-0.222410
-0.221002
-0.219593
-0.218181
-0.216767
-0.215351
-0.213933
-0.212512
-0.211090
-0.209666
-0.208239
-0.206811
-0.205380
-0.203947
-0.202513
-0.201076
-0.199637
-0.198197
-0.196754
-0.195310
-0.193863
-0.192415
-0.190965
-0.189512
-0.188058
-0.186602
-0.185145
-0.183685
-0.182224
-0.180761
-0.179296
-0.177829
-0.176360
-0.174890
-0.173418
-0.171944
-0.170469
-0.168992
-0.167513
-0.166033
-0.164551
-0.163067
-0.161582
-0.160095
-0.158606
-0.157116
-0.155624
-0.154131
-0.152637
-0.151140
-0.149643
-0.148143
-0.146643
-0.145141
-0.143637
-0.142132
-0.140626
-0.139118
-0.137609
-0.136098
-0.134587
-0.133073
-0.131559
-0.130043
-0.128526
-0.127008
-0.125488
-0.123968
-0.122446
-0.120922
-0.119398
-0.117872
-0.116346
-0.114818
-0.113289
-0.111759
-0.110227
-0.108695
-0.107161
-0.105627
-0.104091
-0.102555
-0.101017
-0.099478
-0.097939
-0.096398
-0.094857
-0.093314
-0.091771
-0.090227
-0.088681
-0.087135
-0.085588
-0.084040
-0.082492
-0.080942
-0.079392
-0.077841
-0.076289
-0.074737
-0.073183
-0.071629
-0.070075
-0.068519
-0.066963
-0.065406
-0.063849
-0.062291
-0.060733
-0.059173
-0.057614
-0.056053
-0.054492
-0.052931
-0.051369
-0.049806
-0.048243
-0.046680
-0.045116
-0.043552
-0.041987
-0.040422
-0.038856
-0.037290
-0.035724
-0.034157
-0.032590
-0.031022
-0.029455
-0.027887
-0.026318
-0.024750
-0.023181
-0.021612
-0.020043
-0.018473
-0.016904
-0.015334
-0.013764
-0.012194
-0.010624
-0.009053
-0.007483
-0.005913
-0.004342
-0.002771
-0.001201
