-0.090000
-0.087571
-0.083465
-0.078809
-0.074475
-0.070826
-0.067772
-0.064990
-0.062150
-0.059049
-0.055643
-0.051999
-0.048227
-0.044411
-0.040594
-0.036773
-0.032926
-0.029028
-0.025066
-0.021046
-0.016981
-0.012893
-0.008797
-0.004709
-0.000637
0.003412
0.007432
0.011417
0.015360
0.019252
0.023088
0.026861
0.030566
0.034202
0.037766
0.041258
0.044680
0.048033
0.051320
0.054545
0.057712
0.060827
0.063897
0.066929
0.069931
0.072912
0.075879
0.078841
0.081805
0.084781
0.087776
0.090798
0.093852
0.096945
0.100082
0.103268
0.106505
0.109796
0.113143
0.116546
0.120005
0.123516
0.127079
0.130689
0.134344
0.138037
0.141762
0.145514
0.149286
0.153071
0.156861
0.160649
0.164428
0.168191
0.171931
0.175642
0.179318
0.182954
0.186545
0.190088
0.193578
0.197015
0.200397
0.203723
0.206994
0.210212
0.213379
0.216497
0.219570
0.222603
0.225600
0.228567
0.231510
0.234436
0.237349
0.240258
0.243167
0.246083
0.249012
0.251959
0.254929
0.257927
0.260956
0.264020
0.267122
0.270262
0.273441
0.276661
0.279920
0.283217
0.286550
0.289917
0.293313
0.296737
0.300182
0.303644
0.307118
0.310599
0.314081
0.317558
0.321025
0.324478
0.327910
0.331318
0.334696
0.338041
0.341349
0.344619
0.347846
0.351032
0.354173
0.357271
0.360325
0.363338
0.366311
0.369246
0.372147
0.375015
0.377857
0.380675
0.383474
0.386260
0.389037
0.391809
0.394582
0.397359
0.400145
0.402945
0.405761
0.408597
0.411456
0.414339
0.417249
0.420186
0.423151
0.426144
0.429163
0.432208
0.435277
0.438367
0.441477
0.444603
0.447741
0.450887
0.454037
0.457188
0.460335
0.463474
0.466601
0.469712
0.472804
0.475872
0.478914
0.481927
0.484909
0.487858
0.490773
0.493654
0.496498
0.499308
0.502085
0.504828
0.507541
0.510224
0.512881
0.515514
0.518127
0.520722
0.523305
0.525877
0.528444
0.531008
0.533572
0.536141
0.538716
0.541302
0.543900
0.546512
0.549140
0.551785
0.554449
0.557131
0.559831
0.562549
0.565283
0.568033
0.570797
0.573572
0.576357
0.579148
0.581943
0.584739
0.587531
0.590319
0.593097
0.595863
0.598614
0.601348
0.604062
0.606753
0.609420
0.612060
0.614673
0.617258
0.619815
0.622342
0.624841
0.627313
0.629758
0.632178
0.634574
0.636948
0.639303
0.641641
0.643965
0.646277
0.648581
0.650879
0.653173
0.655466
0.657760
0.660059
0.662363
0.664674
0.666994
0.669324
0.671664
0.674015
0.676378
0.678751
0.681135
0.683527
0.685928
0.688335
0.690747
0.693163
0.695579
0.697994
0.700405
0.702809
0.705205
0.707590
0.709962
0.712318
0.714658
0.716978
0.719278
0.721555
0.723810
0.726042
0.728250
0.730433
0.732593
0.734729
0.736843
0.738936
0.741008
0.743061
0.745097
0.747118
0.749125
0.751121
0.753108
0.755088
0.757062
0.759033
0.761003
0.762972
0.764943
0.766917
0.768895
0.770877
0.772864
0.774857
0.776855
0.778858
0.780866
0.782877
0.784892
0.786908
0.788925
0.790941
0.792954
0.794963
0.796966
0.798961
0.800946
0.802920
0.804880
0.806826
0.808756
0.810669
0.812563
0.814438
0.816293
0.818128
0.819943
0.821736
0.823510
0.825265
0.827000
0.828717
0.830416
0.832099
0.833768
0.835423
0.837066
0.838699
0.840324
0.841941
0.843552
0.845159
0.846763
0.848364
0.849964
0.851564
0.853164
0.854765
0.856367
0.857970
0.859574
0.861178
0.862782
0.864386
0.865988
0.867588
0.869185
0.870777
0.872364
0.873943
0.875514
0.877074
0.878624
0.880161
0.881684
0.883193
0.884687
0.886164
0.887625
0.889068
0.890493
0.891900
0.893289
0.894661
0.896016
0.897354
0.898676
0.899982
0.901273
0.902551
0.903816
0.905069
0.906313
0.907547
0.908773
0.909992
0.911204
0.912412
0.913615
0.914814
0.916011
0.917204
0.918396
0.919585
0.920771
0.921956
0.923137
0.924316
0.925491
0.926661
0.927827
0.928988
0.930142
0.931288
0.932426
0.933554
0.934672
0.935778
0.936872
0.937953
0.939020
0.940073
0.941111
0.942134
0.943140
0.944131
0.945106
0.946065
0.947009
0.947937
0.948851
0.949750
0.950635
0.951506
0.952365
0.953212
0.954049
0.954875
0.955692
0.956501
0.957302
0.958096
0.958884
0.959665
0.960442
0.961213
0.961979
0.962741
0.963498
0.964250
0.964998
0.965740
0.966477
0.967208
0.967932
0.968650
0.969361
0.970064
0.970757
0.971441
0.972115
0.972777
0.973428
0.974066
0.974692
0.975305
0.975904
0.976489
0.977060
0.977616
0.978158
0.978686
0.979199
0.979699
0.980185
0.980657
0.981117
0.981563
0.981997
0.982420
0.982832
0.983234
0.983626
0.984009
0.984383
0.984749
0.985108
0.985459
0.985803
0.986141
0.986472
0.986797
0.987116
0.987428
0.987734
0.988033
0.988325
0.988610
0.988888
0.989158
0.989420
0.989673
0.989917
0.990151
0.990375
0.990588
0.990790
0.990980
0.991158
0.991323
0.991476
0.991617
0.991744
0.991858
0.991958
0.992046
0.992121
0.992183
0.992232
0.992268
0.992293
0.992305
0.992305
0.992294
0.992273
0.992241
0.992200
0.992149
0.992090
0.992021
0.991944
0.991859
0.991767
0.991666
0.991558
0.991443
0.991320
0.991190
0.991052
0.990907
0.990754
0.990593
0.990424
0.990246
0.990061
0.989866
0.989661
0.989447
0.989222
0.988987
0.988742
0.988485
0.988216
0.987936
0.987645
0.987341
0.987026
0.986698
0.986358
0.986006
0.985642
0.985266
0.984878
0.984479
0.984068
0.983645
0.983212
0.982767
0.982313
0.981848
0.981374
0.980890
0.980397
0.979896
0.979385
0.978866
0.978339
0.977803
0.977259
0.976708
0.976148
0.975581
0.975005
0.974421
0.973828
0.973228
0.972619
0.972002
0.971376
0.970741
0.970096
0.969442
0.968778
0.968104
0.967420
0.966725
0.966019
0.965303
0.964576
0.963837
0.963088
0.962327
0.961555
0.960772
0.959978
0.959173
0.958357
0.957530
0.956692
0.955843
0.954984
0.954115
0.953236
0.952347
0.951449
0.950541
0.949625
0.948699
0.947765
0.946822
0.945871
0.944911
0.943943
0.942967
0.941982
0.940990
0.939989
0.938980
0.937963
0.936937
0.935903
0.934860
0.933809
0.932749
0.931680
0.930602
0.929515
0.928418
0.927311
0.926195
0.925068
0.923932
0.922786
0.921629
0.920462
0.919285
0.918098
0.916900
0.915692
0.914474
0.913247
0.912009
0.910761
0.909503
0.908235
0.906958
0.905671
0.904375
0.903070
0.901756
0.900433
0.899102
0.897762
0.896414
0.895057
0.893692
0.892319
0.890938
0.889549
0.888152
0.886747
0.885334
0.883913
0.882484
0.881046
0.879600
0.878146
0.876684
0.875214
0.873735
0.872247
0.870751
0.869246
0.867732
0.866208
0.864676
0.863134
0.861583
0.860023
0.858454
0.856875
0.855287
0.853689
0.852083
0.850468
0.848843
0.847210
0.845567
0.843915
0.842254
0.840584
0.838906
0.837219
0.835524
0.833821
0.832110
0.830390
0.828663
0.826928
0.825184
0.823434
0.821675
0.819909
0.818135
0.816354
0.814565
0.812769
0.810965
0.809153
0.807334
0.805507
0.803672
0.801830
0.799980
0.798123
0.796258
0.794384
0.792503
0.790613
0.788715
0.786809
0.784895
0.782972
0.781042
0.779103
0.777156
0.775200
0.773237
0.771265
0.769286
0.767298
0.765302
0.763298
0.761285
0.759265
0.757237
0.755201
0.753158
0.751107
0.749049
0.746983
0.744910
0.742830
0.740743
0.738648
0.736546
0.734438
0.732323
0.730200
0.728071
0.725935
0.723792
0.721643
0.719486
0.717322
0.715151
0.712974
0.710790
0.708599
0.706402
0.704197
0.701986
0.699767
0.697541
0.695308
0.693068
0.690821
0.688567
0.686305
0.684037
0.681761
0.679478
0.677188
0.674892
0.672588
0.670277
0.667959
0.665635
0.663303
0.660964
0.658619
0.656266
0.653907
0.651542
0.649170
0.646791
0.644407
0.642016
0.639618
0.637215
0.634805
0.632389
0.629967
0.627539
0.625105
0.622665
0.620220
0.617768
0.615311
0.612847
0.610378
0.607902
0.605421
0.602934
0.600441
0.597942
0.595437
0.592926
0.590410
0.587888
0.585359
0.582825
0.580285
0.577739
0.575187
0.572629
0.570065
0.567495
0.564920
0.562338
0.559751
0.557158
0.554560
0.551955
0.549345
0.546729
0.544107
0.541480
0.538848
0.536210
0.533566
0.530918
0.528264
0.525605
0.522941
0.520271
0.517597
0.514917
0.512233
0.509544
0.506849
0.504150
0.501446
0.498737
0.496024
0.493305
0.490582
0.487855
0.485122
0.482384
0.479642
0.476895
0.474144
0.471387
0.468626
0.465861
0.463090
0.460315
0.457536
0.454752
0.451963
0.449170
0.446372
0.443569
0.440763
0.437951
0.435135
0.432315
0.429490
0.426660
0.423827
0.420988
0.418146
0.415299
0.412448
0.409593
0.406734
0.403870
0.401003
0.398132
0.395257
0.392378
0.389495
0.386608
0.383717
0.380823
0.377925
0.375023
0.372118
0.369209
0.366297
0.363381
0.360461
0.357538
0.354612
0.351682
0.348749
0.345812
0.342871
0.339928
0.336981
0.334031
0.331077
0.328120
0.325160
0.322196
0.319229
0.316260
0.313286
0.310309
0.307330
0.304347
0.301361
0.298372
0.295381
0.292386
0.289388
0.286387
0.283383
0.280376
0.277366
0.274354
0.271338
0.268320
0.265300
0.262276
0.259250
0.256222
0.253190
0.250157
0.247121
0.244082
0.241041
0.237998
0.234953
0.231905
0.228855
0.225802
0.222748
0.219691
0.216633
0.213572
0.210509
0.207444
0.204377
0.201308
0.198237
0.195164
0.192089
0.189012
0.185933
0.182853
0.179770
0.176686
0.173600
0.170512
0.167423
0.164331
0.161238
0.158143
0.155047
0.151949
0.148850
0.145748
0.142646
0.139542
0.136436
0.133329
0.130221
0.127111
0.124000
0.120888
0.117774
0.114660
0.111544
0.108427
0.105309
0.102190
0.099069
0.095948
0.092826
0.089703
0.086580
0.083455
0.080330
0.077204
0.074077
0.070949
0.067821
0.064692
0.061563
0.058433
0.055302
0.052171
0.049039
0.045907
0.042774
0.039641
0.036508
0.033374
0.030239
0.027105
0.023970
0.020835
0.017699
0.014564
0.011428
0.008292
0.005155
0.002019
-0.001117
-0.004254
-0.007390
-0.010527
-0.013663
-0.016800
-0.019936
-0.023072
-0.026208
-0.029343
-0.032479
-0.035614
-0.038749
-0.041883
-0.045017
-0.048151
-0.051284
-0.054416
-0.057548
-0.060680
-0.063811
-0.066941
-0.070070
-0.073199
-0.076327
-0.079454
-0.082581
-0.085706
-0.088831
-0.091955
-0.095078
-0.098200
-0.101321
-0.104441
-0.107560
-0.110678
-0.113795
-0.116911
-0.120025
-0.123139
-0.126251
-0.129362
-0.132472
-0.135581
-0.138688
-0.141794
-0.144899
-0.148002
-0.151104
-0.154204
-0.157303
-0.160401
-0.163497
-0.166591
-0.169684
-0.172775
-0.175864
-0.178952
-0.182038
-0.185122
-0.188204
-0.191285
-0.194363
-0.197440
-0.200515
-0.203588
-0.206659
-0.209727
-0.212794
-0.215858
-0.218921
-0.221981
-0.225039
-0.228095
-0.231148
-0.234199
-0.237248
-0.240295
-0.243339
-0.246381
-0.249420
-0.252457
-0.255491
-0.258523
-0.261552
-0.264579
-0.267603
-0.270625
-0.273644
-0.276660
-0.279674
-0.282684
-0.285692
-0.288698
-0.291700
-0.294700
-0.297697
-0.300690
-0.303681
-0.306669
-0.309654
-0.312636
-0.315615
-0.318591
-0.321564
-0.324533
-0.327499
-0.330462
-0.333422
-0.336379
-0.339332
-0.342282
-0.345229
-0.348172
-0.351111
-0.354048
-0.356980
-0.359910
-0.362835
-0.365757
-0.368676
-0.371590
-0.374501
-0.377409
-0.380312
-0.383212
-0.386108
-0.389001
-0.391889
-0.394774
-0.397654
-0.400531
-0.403404
-0.406273
-0.409138
-0.411999
-0.414856
-0.417708
-0.420557
-0.423401
-0.426242
-0.429078
-0.431910
-0.434738
-0.437561
-0.440381
-0.443195
-0.446006
-0.448812
-0.451614
-0.454411
-0.457204
-0.459992
-0.462776
-0.465556
-0.468330
-0.471100
-0.473866
-0.476627
-0.479383
-0.482134
-0.484881
-0.487622
-0.490359
-0.493091
-0.495819
-0.498541
-0.501258
-0.503971
-0.506678
-0.509381
-0.512078
-0.514771
-0.517458
-0.520140
-0.522817
-0.525489
-0.528156
-0.530817
-0.533474
-0.536125
-0.538770
-0.541411
-0.544046
-0.546676
-0.549300
-0.551919
-0.554533
-0.557141
-0.559744
-0.562341
-0.564932
-0.567518
-0.570099
-0.572674
-0.575243
-0.577807
-0.580365
-0.582917
-0.585463
-0.588004
-0.590539
-0.593068
-0.595591
-0.598109
-0.600620
-0.603126
-0.605625
-0.608119
-0.610606
-0.613088
-0.615563
-0.618033
-0.620496
-0.622953
-0.625404
-0.627849
-0.630288
-0.632720
-0.635147
-0.637566
-0.639980
-0.642387
-0.644789
-0.647184
-0.649572
-0.651954
-0.654329
-0.656698
-0.659061
-0.661417
-0.663767
-0.666110
-0.668446
-0.670776
-0.673099
-0.675416
-0.677726
-0.680029
-0.682325
-0.684616
-0.686898
-0.689175
-0.691444
-0.693707
-0.695963
-0.698212
-0.700454
-0.702690
-0.704918
-0.707139
-0.709354
-0.711561
-0.713761
-0.715955
-0.718141
-0.720320
-0.722492
-0.724657
-0.726815
-0.728966
-0.731109
-0.733246
-0.735374
-0.737496
-0.739610
-0.741717
-0.743817
-0.745910
-0.747995
-0.750073
-0.752143
-0.754206
-0.756262
-0.758310
-0.760350
-0.762384
-0.764409
-0.766427
-0.768438
-0.770441
-0.772436
-0.774424
-0.776404
-0.778376
-0.780341
-0.782298
-0.784247
-0.786189
-0.788123
-0.790049
-0.791967
-0.793878
-0.795780
-0.797675
-0.799562
-0.801441
-0.803312
-0.805175
-0.807030
-0.808878
-0.810717
-0.812549
-0.814372
-0.816187
-0.817994
-0.819794
-0.821584
-0.823368
-0.825142
-0.826909
-0.828668
-0.830418
-0.832160
-0.833895
-0.835620
-0.837338
-0.839047
-0.840748
-0.842441
-0.844125
-0.845801
-0.847469
-0.849128
-0.850779
-0.852422
-0.854056
-0.855682
-0.857299
-0.858908
-0.860508
-0.862100
-0.863684
-0.865258
-0.866825
-0.868382
-0.869932
-0.871472
-0.873004
-0.874528
-0.876043
-0.877549
-0.879046
-0.880535
-0.882015
-0.883487
-0.884950
-0.886403
-0.887849
-0.889285
-0.890713
-0.892132
-0.893542
-0.894943
-0.896336
-0.897720
-0.899095
-0.900460
-0.901818
-0.903166
-0.904505
-0.905835
-0.907157
-0.908469
-0.909773
-0.911067
-0.912353
-0.913629
-0.914897
-0.916155
-0.917405
-0.918645
-0.919876
-0.921099
-0.922312
-0.923516
-0.924711
-0.925897
-0.927073
-0.928241
-0.929399
-0.930548
-0.931689
-0.932819
-0.933941
-0.935053
-0.936157
-0.937251
-0.938335
-0.939411
-0.940477
-0.941534
-0.942582
-0.943620
-0.944649
-0.945669
-0.946679
-0.947680
-0.948672
-0.949654
-0.950627
-0.951591
-0.952545
-0.953490
-0.954425
-0.955351
-0.956268
-0.957175
-0.958073
-0.958961
-0.959840
-0.960709
-0.961569
-0.962419
-0.963260
-0.964091
-0.964913
-0.965725
-0.966528
-0.967321
-0.968105
-0.968879
-0.969644
-0.970399
-0.971144
-0.971880
-0.972606
-0.973323
-0.974030
-0.974727
-0.975415
-0.976093
-0.976762
-0.977421
-0.978070
-0.978710
-0.979340
-0.979960
-0.980571
-0.981172
-0.981763
-0.982345
-0.982917
-0.983479
-0.984032
-0.984574
-0.985108
-0.985631
-0.986145
-0.986648
-0.987143
-0.987627
-0.988102
-0.988567
-0.989022
-0.989467
-0.989903
-0.990329
-0.990745
-0.991151
-0.991548
-0.991935
-0.992312
-0.992679
-0.993037
-0.993384
-0.993722
-0.994050
-0.994368
-0.994677
-0.994975
-0.995264
-0.995543
-0.995812
-0.996072
-0.996321
-0.996561
-0.996791
-0.997011
-0.997221
-0.997421
-0.997611
-0.997792
-0.997963
-0.998124
-0.998275
-0.998416
-0.998547
-0.998669
-0.998780
-0.998882
-0.998974
-0.999056
-0.999129
-0.999191
-0.999244
-0.999286
-0.999319
-0.999342
-0.999355
-0.999358
-0.999352
-0.999335
-0.999309
-0.999273
-0.999226
-0.999171
-0.999105
-0.999029
-0.998943
-0.998848
-0.998743
-0.998628
-0.998503
-0.998368
-0.998224
-0.998069
-0.997905
-0.997731
-0.997546
-0.997353
-0.997149
-0.996935
-0.996712
-0.996479
-0.996235
-0.995983
-0.995720
-0.995447
-0.995165
-0.994873
-0.994571
-0.994259
-0.993937
-0.993606
-0.993265
-0.992914
-0.992553
-0.992182
-0.991802
-0.991412
-0.991011
-0.990602
-0.990182
-0.989753
-0.989314
-0.988865
-0.988406
-0.987938
-0.987460
-0.986972
-0.986474
-0.985967
-0.985450
-0.984923
-0.984387
-0.983841
-0.983284
-0.982719
-0.982144
-0.981559
-0.980964
-0.980360
-0.979745
-0.979122
-0.978488
-0.977845
-0.977193
-0.976530
-0.975858
-0.975177
-0.974485
-0.973785
-0.973074
-0.972354
-0.971624
-0.970885
-0.970136
-0.969378
-0.968610
-0.967833
-0.967045
-0.966249
-0.965443
-0.964627
-0.963802
-0.962967
-0.962123
-0.961269
-0.960406
-0.959533
-0.958651
-0.957760
-0.956858
-0.955948
-0.955028
-0.954099
-0.953160
-0.952212
-0.951254
-0.950287
-0.949311
-0.948325
-0.947330
-0.946326
-0.945312
-0.944289
-0.943257
-0.942215
-0.941164
-0.940104
-0.939034
-0.937955
-0.936867
-0.935770
-0.934663
-0.933548
-0.932423
-0.931289
-0.930145
-0.928993
-0.927831
-0.926660
-0.925480
-0.924291
-0.923092
-0.921885
-0.920668
-0.919443
-0.918208
-0.916965
-0.915712
-0.914450
-0.913179
-0.911899
-0.910610
-0.909313
-0.908006
-0.906690
-0.905365
-0.904032
-0.902689
-0.901338
-0.899977
-0.898608
-0.897230
-0.895843
-0.894447
-0.893043
-0.891629
-0.890207
-0.888776
-0.887336
-0.885887
-0.884430
-0.882964
-0.881489
-0.880006
-0.878514
-0.877013
-0.875504
-0.873985
-0.872459
-0.870923
-0.869380
-0.867827
-0.866266
-0.864696
-0.863118
-0.861531
-0.859936
-0.858333
-0.856721
-0.855100
-0.853471
-0.851833
-0.850188
-0.848533
-0.846871
-0.845200
-0.843521
-0.841833
-0.840137
-0.838433
-0.836720
-0.834999
-0.833270
-0.831533
-0.829788
-0.828034
-0.826272
-0.824502
-0.822724
-0.820938
-0.819144
-0.817341
-0.815531
-0.813712
-0.811886
-0.810051
-0.808209
-0.806358
-0.804500
-0.802633
-0.800759
-0.798877
-0.796987
-0.795089
-0.793183
-0.791269
-0.789348
-0.787418
-0.785481
-0.783536
-0.781584
-0.779624
-0.777656
-0.775680
-0.773697
-0.771706
-0.769708
-0.767701
-0.765688
-0.763667
-0.761638
-0.759601
-0.757558
-0.755506
-0.753448
-0.751381
-0.749308
-0.747227
-0.745139
-0.743043
-0.740940
-0.738829
-0.736712
-0.734587
-0.732455
-0.730315
-0.728169
-0.726015
-0.723854
-0.721686
-0.719511
-0.717329
-0.715139
-0.712943
-0.710740
-0.708529
-0.706312
-0.704087
-0.701856
-0.699617
-0.697372
-0.695120
-0.692861
-0.690595
-0.688322
-0.686043
-0.683757
-0.681464
-0.679164
-0.676857
-0.674545
-0.672225
-0.669899
-0.667565
-0.665226
-0.662880
-0.660527
-0.658168
-0.655802
-0.653430
-0.651052
-0.648666
-0.646275
-0.643877
-0.641473
-0.639063
-0.636646
-0.634223
-0.631794
-0.629358
-0.626916
-0.624468
-0.622014
-0.619554
-0.617088
-0.614615
-0.612137
-0.609652
-0.607161
-0.604665
-0.602162
-0.599653
-0.597139
-0.594619
-0.592093
-0.589560
-0.587023
-0.584479
-0.581930
-0.579374
-0.576814
-0.574247
-0.571675
-0.569097
-0.566513
-0.563924
-0.561330
-0.558729
-0.556124
-0.553512
-0.550896
-0.548274
-0.545646
-0.543013
-0.540375
-0.537731
-0.535083
-0.532428
-0.529769
-0.527104
-0.524434
-0.521759
-0.519079
-0.516394
-0.513704
-0.511008
-0.508308
-0.505602
-0.502892
-0.500176
-0.497456
-0.494730
-0.492000
-0.489265
-0.486525
-0.483780
-0.481031
-0.478276
-0.475518
-0.472754
-0.469986
-0.467212
-0.464435
-0.461653
-0.458866
-0.456075
-0.453279
-0.450479
-0.447674
-0.444865
-0.442052
-0.439234
-0.436412
-0.433585
-0.430754
-0.427919
-0.425080
-0.422237
-0.419389
-0.416537
-0.413682
-0.410821
-0.407958
-0.405089
-0.402218
-0.399341
-0.396462
-0.393578
-0.390690
-0.387798
-0.384903
-0.382004
-0.379101
-0.376194
-0.373284
-0.370369
-0.367452
-0.364530
-0.361606
-0.358677
-0.355745
-0.352809
-0.349870
-0.346927
-0.343982
-0.341032
-0.338079
-0.335123
-0.332164
-0.329201
-0.326235
-0.323266
-0.320294
-0.317318
-0.314340
-0.311358
-0.308373
-0.305385
-0.302394
-0.299400
-0.296404
-0.293404
-0.290401
-0.287396
-0.284387
-0.281376
-0.278362
-0.275346
-0.272326
-0.269304
-0.266280
-0.263252
-0.260222
-0.257190
-0.254155
-0.251117
-0.248077
-0.245034
-0.241990
-0.238943
-0.235893
-0.232841
-0.229787
-0.226730
-0.223671
-0.220610
-0.217547
-0.214481
-0.211414
-0.208344
-0.205273
-0.202199
-0.199123
-0.196046
-0.192967
-0.189885
-0.186802
-0.183717
-0.180629
-0.177541
-0.174450
-0.171358
-0.168264
-0.165169
-0.162072
-0.158972
-0.155872
-0.152770
-0.149667
-0.146562
-0.143456
-0.140348
-0.137239
-0.134128
-0.131016
-0.127903
-0.124789
-0.121673
-0.118557
-0.115439
-0.112319
-0.109199
-0.106078
-0.102955
-0.099832
-0.096708
-0.093582
-0.090456
-0.087329
-0.084201
-0.081072
-0.077942
-0.074812
-0.071681
-0.068549
-0.065416
-0.062283
-0.059149
-0.056015
-0.052880
-0.049744
-0.046608
-0.043472
-0.040335
-0.037198
-0.034060
-0.030922
-0.027784
-0.024645
-0.021506
-0.018367
-0.015228
-0.012089
-0.008949
-0.005810
-0.002670
0.000469
0.003609
0.006749
0.009888
0.013028
0.016167
0.019306
0.022445
0.025584
0.028722
0.031860
0.034998
0.038136
0.041273
0.044410
0.047546
0.050682
0.053817
0.056952
0.060086
0.063220
0.066353
0.069485
0.072617
0.075748
0.078878
0.082008
0.085136
0.088264
0.091391
0.094517
0.097642
0.100767
0.103890
0.107012
0.110133
0.113253
0.116372
0.119490
0.122606
0.125722
0.128836
0.131948
0.135060
0.138170
0.141279
0.144386
0.147493
0.150597
0.153700
0.156802
0.159902
0.163000
0.166097
0.169192
0.172286
0.175377
0.178468
0.181556
0.184642
0.187727
0.190810
0.193891
0.196970
0.200047
0.203122
0.206195
0.209267
0.212336
0.215402
0.218467
0.221530
0.224590
0.227649
0.230705
0.233758
0.236810
0.239859
0.242906
0.245950
0.248992
0.252031
0.255068
0.258103
0.261135
0.264164
0.267191
0.270215
0.273236
0.276255
0.279271
0.282284
0.285295
0.288302
0.291307
0.294309
0.297308
0.300304
0.303297
0.306287
0.309274
0.312259
0.315239
0.318217
0.321192
0.324164
0.327132
0.330097
0.333059
0.336017
0.338973
0.341925
0.344873
0.347818
0.350760
0.353698
0.356633
0.359564
0.362492
0.365416
0.368336
0.371253
0.374166
0.377076
0.379982
0.382884
0.385782
0.388676
0.391567
0.394454
0.397337
0.400215
0.403090
0.405961
0.408828
0.411691
0.414550
0.417405
0.420256
0.423102
0.425945
0.428783
0.431617
0.434446
0.437272
0.440093
0.442909
0.445722
0.448530
0.451333
0.454132
0.456927
0.459717
0.462502
0.465283
0.468060
0.470832
0.473599
0.476361
0.479119
0.481872
0.484620
0.487363
0.490102
0.492836
0.495565
0.498289
0.501008
0.503722
0.506431
0.509136
0.511835
0.514529
0.517218
0.519902
0.522581
0.525255
0.527923
0.530586
0.533244
0.535897
0.538545
0.541187
0.543824
0.546455
0.549081
0.551702
0.554317
0.556927
0.559531
0.562130
0.564723
0.567310
0.569892
0.572469
0.575039
0.577604
0.580164
0.582717
0.585265
0.587807
0.590344
0.592874
0.595399
0.597917
0.600430
0.602937
0.605438
0.607933
0.610422
0.612905
0.615382
0.617852
0.620317
0.622776
0.625228
0.627674
0.630115
0.632548
0.634976
0.637397
0.639812
0.642221
0.644624
0.647020
0.649409
0.651792
0.654169
0.656540
0.658904
0.661261
0.663612
0.665956
0.668294
0.670625
0.672949
0.675267
0.677578
0.679883
0.682181
0.684472
0.686756
0.689034
0.691304
0.693568
0.695825
0.698075
0.700319
0.702555
0.704784
0.707007
0.709222
0.711431
0.713632
0.715827
0.718014
0.720195
0.722368
0.724534
0.726693
0.728844
0.730989
0.733126
0.735256
0.737379
0.739495
0.741603
0.743704
0.745797
0.747884
0.749962
0.752034
0.754098
0.756154
0.758204
0.760245
0.762279
0.764306
0.766325
0.768336
0.770340
0.772337
0.774325
0.776306
0.778280
0.780245
0.782203
0.784154
0.786096
0.788031
0.789958
0.791877
0.793788
0.795692
0.797588
0.799475
0.801355
0.803227
0.805091
0.806947
0.808796
0.810636
0.812468
0.814292
0.816108
0.817916
0.819716
0.821508
0.823292
0.825068
0.826835
0.828594
0.830346
0.832089
0.833823
0.835550
0.837268
0.838978
0.840680
0.842373
0.844059
0.845735
0.847404
0.849064
0.850716
0.852359
0.853994
0.855620
0.857238
0.858848
0.860449
0.862042
0.863626
0.865201
0.866768
0.868327
0.869877
0.871418
0.872951
0.874475
0.875990
0.877497
0.878995
0.880485
0.881965
0.883437
0.884901
0.886355
0.887801
0.889238
0.890667
0.892086
0.893497
0.894899
0.896292
0.897676
0.899052
0.900418
0.901776
0.903124
0.904464
0.905795
0.907117
0.908430
0.909734
0.911029
0.912315
0.913592
0.914860
0.916119
0.917369
0.918610
0.919842
0.921064
0.922278
0.923483
0.924678
0.925864
0.927041
0.928210
0.929368
0.930518
0.931659
0.932790
0.933912
0.935025
0.936128
0.937223
0.938308
0.939384
0.940450
0.941508
0.942556
0.943595
0.944624
0.945644
0.946655
0.947656
0.948648
0.949631
0.950604
0.951568
0.952523
0.953468
0.954404
0.955330
0.956247
0.957154
0.958053
0.958941
0.959820
0.960690
0.961550
0.962401
0.963242
0.964073
0.964895
0.965708
0.966511
0.967305
0.968089
0.968863
0.969628
0.970383
0.971129
0.971865
0.972591
0.973308
0.974016
0.974713
0.975402
0.976080
0.976749
0.977408
0.978058
0.978697
0.979328
0.979948
0.980559
0.981160
0.981752
0.982334
0.982906
0.983468
0.984021
0.984564
0.985097
0.985621
0.986135
0.986639
0.987133
0.987618
0.988093
0.988558
0.989013
0.989459
0.989895
0.990321
0.990737
0.991144
0.991540
0.991927
0.992304
0.992672
0.993029
0.993377
0.993715
0.994043
0.994362
0.994670
0.994969
0.995258
0.995537
0.995806
0.996066
0.996315
0.996555
0.996785
0.997005
0.997215
0.997416
0.997606
0.997787
0.997958
0.998119
0.998270
0.998412
0.998543
0.998665
0.998776
0.998879
0.998970
0.999053
0.999125
0.999188
0.999240
0.999283
0.999316
0.999339
0.999352
0.999355
0.999348
0.999332
0.999306
0.999270
0.999223
0.999168
0.999102
0.999026
0.998940
0.998845
0.998740
0.998625
0.998500
0.998365
0.998220
0.998066
0.997901
0.997727
0.997543
0.997349
0.997145
0.996932
0.996708
0.996475
0.996232
0.995979
0.995716
0.995444
0.995161
0.994869
0.994567
0.994255
0.993934
0.993602
0.993261
0.992910
0.992549
0.992178
0.991798
0.991407
0.991007
0.990597
0.990178
0.989749
0.989309
0.988861
0.988402
0.987933
0.987455
0.986967
0.986470
0.985962
0.985445
0.984918
0.984382
0.983835
0.983279
0.982713
0.982138
0.981553
0.980958
0.980354
0.979739
0.979116
0.978482
0.977839
0.977186
0.976524
0.975851
0.975170
0.974479
0.973777
0.973067
0.972347
0.971617
0.970878
0.970129
0.969370
0.968602
0.967825
0.967038
0.966241
0.965435
0.964619
0.963794
0.962959
0.962114
0.961260
0.960397
0.959524
0.958642
0.957750
0.956849
0.955938
0.955018
0.954089
0.953150
0.952202
0.951244
0.950277
0.949300
0.948314
0.947319
0.946314
0.945301
0.944277
0.943245
0.942203
0.941152
0.940091
0.939021
0.937942
0.936854
0.935757
0.934650
0.933534
0.932409
0.931274
0.930131
0.928978
0.927816
0.926645
0.925465
0.924275
0.923077
0.921869
0.920652
0.919427
0.918192
0.916948
0.915695
0.914433
0.913162
0.911882
0.910593
0.909295
0.907988
0.906672
0.905347
0.904013
0.902670
0.901318
0.899958
0.898588
0.897210
0.895823
0.894427
0.893022
0.891608
0.890186
0.888754
0.887314
0.885866
0.884408
0.882942
0.881467
0.879983
0.878491
0.876990
0.875480
0.873962
0.872435
0.870899
0.869355
0.867802
0.866241
0.864671
0.863093
0.861506
0.859910
0.858306
0.856694
0.855073
0.853444
0.851806
0.850160
0.848506
0.846843
0.845172
0.843492
0.841804
0.840108
0.838403
0.836691
0.834970
0.833240
0.831503
0.829757
0.828003
0.826241
0.824471
0.822693
0.820906
0.819112
0.817309
0.815498
0.813680
0.811853
0.810018
0.808175
0.806324
0.804466
0.802599
0.800724
0.798842
0.796951
0.795053
0.793147
0.791233
0.789311
0.787382
0.785445
0.783500
0.781547
0.779586
0.777618
0.775642
0.773659
0.771668
0.769669
0.767662
0.765649
0.763627
0.761598
0.759561
0.757517
0.755466
0.753407
0.751341
0.749267
0.747185
0.745097
0.743001
0.740898
0.738787
0.736669
0.734544
0.732412
0.730272
0.728125
0.725971
0.723810
0.721642
0.719466
0.717283
0.715094
0.712897
0.710693
0.708483
0.706265
0.704040
0.701809
0.699570
0.697324
0.695072
0.692813
0.690547
0.688274
0.685994
0.683708
0.681415
0.679115
0.676808
0.674495
0.672175
0.669848
0.667515
0.665175
0.662829
0.660476
0.658117
0.655751
0.653378
0.651000
0.648614
0.646223
0.643825
0.641420
0.639010
0.636592
0.634169
0.631740
0.629304
0.626862
0.624414
0.621959
0.619499
0.617032
0.614559
0.612081
0.609596
0.607105
0.604608
0.602106
0.599597
0.597082
0.594562
0.592035
0.589503
0.586965
0.584421
0.581872
0.579316
0.576755
0.574188
0.571616
0.569038
0.566454
0.563865
0.561270
0.558670
0.556064
0.553452
0.550836
0.548213
0.545586
0.542953
0.540314
0.537670
0.535021
0.532367
0.529707
0.527043
0.524372
0.521697
0.519017
0.516331
0.513641
0.510945
0.508245
0.505539
0.502828
0.500113
0.497392
0.494666
0.491936
0.489201
0.486461
0.483716
0.480966
0.478212
0.475453
0.472689
0.469921
0.467148
0.464370
0.461588
0.458801
0.456009
0.453214
0.450413
0.447608
0.444799
0.441986
0.439168
0.436346
0.433519
0.430688
0.427853
0.425014
0.422170
0.419322
0.416471
0.413615
0.410755
0.407891
0.405023
0.402150
0.399274
0.396394
0.393511
0.390623
0.387731
0.384836
0.381936
0.379033
0.376127
0.373216
0.370302
0.367384
0.364463
0.361538
0.358609
0.355677
0.352741
0.349802
0.346859
0.343913
0.340964
0.338011
0.335055
0.332096
0.329133
0.326167
0.323198
0.320226
0.317250
0.314271
0.311290
0.308305
0.305317
0.302326
0.299332
0.296336
0.293336
0.290333
0.287328
0.284320
0.281308
0.278295
0.275278
0.272259
0.269237
0.266212
0.263185
0.260155
0.257122
0.254087
0.251050
0.248010
0.244967
0.241922
0.238875
0.235825
0.232773
0.229719
0.226663
0.223604
0.220543
0.217480
0.214415
0.211347
0.208278
0.205206
0.202133
0.199057
0.195980
0.192900
0.189819
0.186736
0.183651
0.180564
0.177475
0.174385
0.171293
0.168199
0.165104
0.162007
0.158908
0.155808
0.152706
0.149603
0.146498
0.143392
0.140284
0.137175
0.134065
0.130953
0.127840
0.124726
0.121610
0.118494
0.115376
0.112257
0.109137
0.106016
0.102893
0.099770
0.096646
0.093521
0.090395
0.087268
0.084140
0.081011
0.077882
0.074752
0.071621
0.068489
0.065357
0.062224
0.059090
0.055956
0.052821
0.049686
0.046550
0.043414
0.040277
0.037140
0.034003
0.030865
0.027727
0.024589
0.021450
0.018312
0.015173
0.012034
0.008895
0.005755
0.002616
-0.000523
-0.003663
-0.006802
-0.009941
-0.013080
-0.016219
-0.019358
-0.022497
-0.025635
-0.028774
-0.031912
-0.035049
-0.038186
-0.041323
-0.044460
-0.047596
-0.050731
-0.053866
-0.057001
-0.060135
-0.063268
-0.066401
-0.069533
-0.072664
-0.075795
-0.078925
-0.082054
-0.085182
-0.088310
-0.091436
-0.094562
-0.097687
-0.100811
-0.103933
-0.107055
-0.110176
-0.113296
-0.116414
-0.119532
-0.122648
-0.125763
-0.128876
-0.131989
-0.135100
-0.138210
-0.141318
-0.144425
-0.147531
-0.150635
-0.153738
-0.156839
-0.159939
-0.163037
-0.166133
-0.169228
-0.172321
-0.175413
-0.178502
-0.181590
-0.184676
-0.187761
-0.190843
-0.193924
-0.197002
-0.200079
-0.203154
-0.206227
-0.209297
-0.212366
-0.215432
-0.218497
-0.221559
-0.224619
-0.227677
-0.230733
-0.233786
-0.236837
-0.239886
-0.242932
-0.245976
-0.249017
-0.252056
-0.255093
-0.258127
-0.261159
-0.264187
-0.267214
-0.270237
-0.273258
-0.276277
-0.279292
-0.282305
-0.285315
-0.288322
-0.291327
-0.294328
-0.297327
-0.300322
-0.303315
-0.306305
-0.309291
-0.312275
-0.315255
-0.318233
-0.321207
-0.324178
-0.327146
-0.330111
-0.333072
-0.336030
-0.338985
-0.341937
-0.344885
-0.347829
-0.350771
-0.353708
-0.356643
-0.359574
-0.362501
-0.365424
-0.368345
-0.371261
-0.374174
-0.377083
-0.379988
-0.382890
-0.385787
-0.388681
-0.391572
-0.394458
-0.397340
-0.400219
-0.403093
-0.405964
-0.408830
-0.411693
-0.414551
-0.417406
-0.420256
-0.423102
-0.425944
-0.428782
-0.431615
-0.434444
-0.437269
-0.440090
-0.442906
-0.445718
-0.448526
-0.451329
-0.454127
-0.456921
-0.459711
-0.462496
-0.465277
-0.468053
-0.470824
-0.473591
-0.476353
-0.479110
-0.481863
-0.484610
-0.487353
-0.490092
-0.492825
-0.495554
-0.498277
-0.500996
-0.503710
-0.506418
-0.509122
-0.511821
-0.514515
-0.517203
-0.519887
-0.522565
-0.525239
-0.527907
-0.530570
-0.533227
-0.535880
-0.538527
-0.541168
-0.543805
-0.546436
-0.549062
-0.551682
-0.554297
-0.556906
-0.559510
-0.562108
-0.564701
-0.567288
-0.569870
-0.572446
-0.575016
-0.577581
-0.580139
-0.582693
-0.585240
-0.587782
-0.590318
-0.592848
-0.595372
-0.597890
-0.600403
-0.602909
-0.605410
-0.607905
-0.610393
-0.612876
-0.615352
-0.617823
-0.620287
-0.622745
-0.625197
-0.627643
-0.630083
-0.632516
-0.634944
-0.637365
-0.639779
-0.642188
-0.644590
-0.646986
-0.649375
-0.651758
-0.654134
-0.656504
-0.658868
-0.661225
-0.663575
-0.665919
-0.668257
-0.670587
-0.672912
-0.675229
-0.677540
-0.679844
-0.682142
-0.684432
-0.686716
-0.688994
-0.691264
-0.693528
-0.695784
-0.698034
-0.700277
-0.702513
-0.704743
-0.706965
-0.709180
-0.711388
-0.713589
-0.715784
-0.717971
-0.720151
-0.722324
-0.724489
-0.726648
-0.728799
-0.730944
-0.733081
-0.735210
-0.737333
-0.739448
-0.741556
-0.743657
-0.745750
-0.747836
-0.749915
-0.751986
-0.754050
-0.756106
-0.758155
-0.760196
-0.762230
-0.764257
-0.766275
-0.768287
-0.770291
-0.772287
-0.774275
-0.776256
-0.778229
-0.780195
-0.782153
-0.784103
-0.786045
-0.787980
-0.789907
-0.791826
-0.793737
-0.795640
-0.797536
-0.799423
-0.801303
-0.803175
-0.805039
-0.806895
-0.808743
-0.810583
-0.812415
-0.814239
-0.816055
-0.817862
-0.819662
-0.821454
-0.823238
-0.825013
-0.826781
-0.828540
-0.830291
-0.832033
-0.833768
-0.835495
-0.837213
-0.838923
-0.840624
-0.842317
-0.844003
-0.845679
-0.847348
-0.849007
-0.850659
-0.852302
-0.853937
-0.855563
-0.857181
-0.858791
-0.860392
-0.861984
-0.863568
-0.865144
-0.866711
-0.868269
-0.869819
-0.871360
-0.872893
-0.874416
-0.875932
-0.877439
-0.878937
-0.880426
-0.881907
-0.883379
-0.884842
-0.886297
-0.887743
-0.889179
-0.890608
-0.892027
-0.893438
-0.894840
-0.896233
-0.897617
-0.898992
-0.900359
-0.901716
-0.903065
-0.904405
-0.905736
-0.907058
-0.908370
-0.909675
-0.910969
-0.912256
-0.913532
-0.914801
-0.916059
-0.917309
-0.918550
-0.919782
-0.921005
-0.922218
-0.923423
-0.924618
-0.925805
-0.926982
-0.928150
-0.929309
-0.930458
-0.931599
-0.932730
-0.933852
-0.934965
-0.936069
-0.937163
-0.938248
-0.939324
-0.940391
-0.941448
-0.942497
-0.943535
-0.944565
-0.945585
-0.946596
-0.947597
-0.948589
-0.949572
-0.950545
-0.951509
-0.952464
-0.953409
-0.954345
-0.955271
-0.956188
-0.957096
-0.957994
-0.958882
-0.959762
-0.960631
-0.961492
-0.962342
-0.963184
-0.964015
-0.964838
-0.965650
-0.966453
-0.967247
-0.968031
-0.968805
-0.969570
-0.970326
-0.971072
-0.971808
-0.972535
-0.973251
-0.973959
-0.974657
-0.975345
-0.976023
-0.976693
-0.977352
-0.978001
-0.978641
-0.979272
-0.979892
-0.980504
-0.981105
-0.981697
-0.982278
-0.982851
-0.983413
-0.983966
-0.984509
-0.985043
-0.985566
-0.986081
-0.986585
-0.987079
-0.987564
-0.988039
-0.988504
-0.988960
-0.989406
-0.989842
-0.990268
-0.990684
-0.991091
-0.991488
-0.991875
-0.992252
-0.992620
-0.992978
-0.993326
-0.993664
-0.993992
-0.994311
-0.994619
-0.994918
-0.995207
-0.995487
-0.995756
-0.996016
-0.996265
-0.996506
-0.996736
-0.996956
-0.997166
-0.997367
-0.997557
-0.997738
-0.997909
-0.998071
-0.998222
-0.998364
-0.998495
-0.998617
-0.998729
-0.998831
-0.998923
-0.999006
-0.999078
-0.999141
-0.999193
-0.999237
-0.999269
-0.999293
-0.999306
-0.999310
-0.999303
-0.999287
-0.999261
-0.999225
-0.999179
-0.999123
-0.999058
-0.998982
-0.998897
-0.998802
-0.998697
-0.998582
-0.998457
-0.998323
-0.998178
-0.998024
-0.997860
-0.997686
-0.997502
-0.997309
-0.997105
-0.996892
-0.996669
-0.996436
-0.996193
-0.995940
-0.995678
-0.995406
-0.995123
-0.994832
-0.994530
-0.994218
-0.993897
-0.993566
-0.993224
-0.992874
-0.992513
-0.992142
-0.991762
-0.991372
-0.990972
-0.990563
-0.990143
-0.989714
-0.989275
-0.988827
-0.988368
-0.987900
-0.987422
-0.986935
-0.986437
-0.985930
-0.985413
-0.984887
-0.984350
-0.983805
-0.983249
-0.982683
-0.982108
-0.981524
-0.980929
-0.980325
-0.979711
-0.979087
-0.978454
-0.977811
-0.977159
-0.976497
-0.975825
-0.975144
-0.974452
-0.973752
-0.973041
-0.972322
-0.971592
-0.970853
-0.970104
-0.969346
-0.968578
-0.967801
-0.967014
-0.966218
-0.965412
-0.964596
-0.963771
-0.962937
-0.962093
-0.961239
-0.960376
-0.959504
-0.958622
-0.957730
-0.956829
-0.955919
-0.954999
-0.954070
-0.953132
-0.952184
-0.951226
-0.950260
-0.949283
-0.948298
-0.947303
-0.946299
-0.945285
-0.944262
-0.943230
-0.942188
-0.941137
-0.940078
-0.939008
-0.937929
-0.936841
-0.935744
-0.934638
-0.933522
-0.932397
-0.931263
-0.930120
-0.928968
-0.927806
-0.926635
-0.925455
-0.924266
-0.923068
-0.921861
-0.920645
-0.919419
-0.918185
-0.916941
-0.915688
-0.914427
-0.913156
-0.911876
-0.910588
-0.909290
-0.907983
-0.906668
-0.905343
-0.904010
-0.902667
-0.901316
-0.899956
-0.898587
-0.897209
-0.895822
-0.894426
-0.893022
-0.891608
-0.890186
-0.888755
-0.887316
-0.885867
-0.884410
-0.882944
-0.881470
-0.879986
-0.878494
-0.876993
-0.875484
-0.873966
-0.872440
-0.870904
-0.869361
-0.867808
-0.866247
-0.864678
-0.863100
-0.861513
-0.859918
-0.858314
-0.856703
-0.855082
-0.853453
-0.851816
-0.850170
-0.848516
-0.846854
-0.845183
-0.843504
-0.841816
-0.840120
-0.838416
-0.836704
-0.834983
-0.833254
-0.831517
-0.829772
-0.828018
-0.826256
-0.824486
-0.822709
-0.820922
-0.819128
-0.817326
-0.815516
-0.813697
-0.811871
-0.810036
-0.808194
-0.806343
-0.804485
-0.802619
-0.800745
-0.798862
-0.796973
-0.795074
-0.793169
-0.791255
-0.789334
-0.787404
-0.785468
-0.783523
-0.781571
-0.779610
-0.777643
-0.775667
-0.773684
-0.771693
-0.769695
-0.767689
-0.765675
-0.763654
-0.761625
-0.759589
-0.757545
-0.755494
-0.753436
-0.751369
-0.749296
-0.747215
-0.745127
-0.743031
-0.740928
-0.738818
-0.736701
-0.734576
-0.732444
-0.730304
-0.728158
-0.726004
-0.723843
-0.721675
-0.719500
-0.717318
-0.715129
-0.712932
-0.710729
-0.708519
-0.706301
-0.704077
-0.701846
-0.699607
-0.697362
-0.695110
-0.692851
-0.690585
-0.688313
-0.686033
-0.683747
-0.681454
-0.679155
-0.676848
-0.674535
-0.672216
-0.669890
-0.667556
-0.665217
-0.662871
-0.660519
-0.658159
-0.655794
-0.653422
-0.651043
-0.648658
-0.646267
-0.643869
-0.641465
-0.639055
-0.636638
-0.634215
-0.631786
-0.629350
-0.626909
-0.624460
-0.622007
-0.619546
-0.617080
-0.614608
-0.612129
-0.609645
-0.607154
-0.604657
-0.602155
-0.599647
-0.597132
-0.594612
-0.592086
-0.589554
-0.587016
-0.584472
-0.581923
-0.579368
-0.576807
-0.574241
-0.571669
-0.569091
-0.566507
-0.563918
-0.561324
-0.558723
-0.556118
-0.553507
-0.550890
-0.548268
-0.545641
-0.543008
-0.540370
-0.537726
-0.535077
-0.532423
-0.529764
-0.527099
-0.524429
-0.521754
-0.519074
-0.516389
-0.513699
-0.511003
-0.508303
-0.505597
-0.502887
-0.500171
-0.497451
-0.494725
-0.491996
-0.489260
-0.486521
-0.483776
-0.481027
-0.478272
-0.475513
-0.472750
-0.469982
-0.467208
-0.464431
-0.461649
-0.458862
-0.456071
-0.453275
-0.450475
-0.447671
-0.444861
-0.442048
-0.439230
-0.436408
-0.433582
-0.430751
-0.427916
-0.425077
-0.422233
-0.419386
-0.416534
-0.413678
-0.410818
-0.407955
-0.405086
-0.402215
-0.399339
-0.396459
-0.393575
-0.390687
-0.387796
-0.384900
-0.382001
-0.379098
-0.376191
-0.373281
-0.370367
-0.367450
-0.364528
-0.361603
-0.358674
-0.355743
-0.352807
-0.349868
-0.346925
-0.343979
-0.341030
-0.338077
-0.335121
-0.332162
-0.329199
-0.326233
-0.323264
-0.320292
-0.317316
-0.314338
-0.311356
-0.308372
-0.305383
-0.302393
-0.299399
-0.296402
-0.293402
-0.290400
-0.287394
-0.284386
-0.281375
-0.278361
-0.275345
-0.272325
-0.269303
-0.266279
-0.263251
-0.260221
-0.257189
-0.254154
-0.251116
-0.248076
-0.245034
-0.241989
-0.238942
-0.235892
-0.232840
-0.229786
-0.226729
-0.223670
-0.220610
-0.217546
-0.214481
-0.211414
-0.208344
-0.205272
-0.202199
-0.199123
-0.196046
-0.192966
-0.189885
-0.186801
-0.183716
-0.180629
-0.177540
-0.174450
-0.171358
-0.168264
-0.165169
-0.162072
-0.158972
-0.155872
-0.152770
-0.149667
-0.146562
-0.143456
-0.140348
-0.137239
-0.134129
-0.131017
-0.127904
-0.124789
-0.121674
-0.118557
-0.115439
-0.112320
-0.109200
-0.106078
-0.102956
-0.099833
-0.096708
-0.093583
-0.090457
-0.087329
-0.084201
-0.081073
-0.077943
-0.074813
-0.071681
-0.068550
-0.065417
-0.062284
-0.059150
-0.056016
-0.052881
-0.049745
-0.046609
-0.043473
-0.040336
-0.037199
-0.034061
-0.030923
-0.027785
-0.024646
-0.021508
-0.018369
-0.015229
-0.012090
-0.008951
-0.005811
-0.002672
0.000468
0.003608
0.006747
0.009887
0.013026
0.016165
0.019305
0.022444
0.025582
0.028721
0.031859
0.034997
0.038134
0.041271
0.044408
0.047544
0.050680
0.053816
0.056950
0.060085
0.063218
0.066351
0.069484
0.072615
0.075746
0.078877
0.082006
0.085135
0.088263
0.091389
0.094515
0.097641
0.100765
0.103888
0.107010
0.110131
0.113251
0.116370
0.119488
0.122604
0.125720
0.128834
0.131946
0.135058
0.138168
0.141277
0.144384
0.147490
0.150595
0.153698
0.156800
0.159900
0.162998
0.166095
0.169190
0.172284
0.175375
0.178465
0.181554
0.184640
0.187725
0.190808
0.193889
0.196968
0.200045
0.203120
0.206193
0.209264
0.212333
0.215400
0.218465
0.221528
0.224588
0.227646
0.230702
0.233756
0.236808
0.239857
0.242903
0.245948
0.248990
0.252029
0.255066
0.258100
0.261132
0.264162
0.267188
0.270212
0.273234
0.276253
0.279269
0.282282
0.285292
0.288300
0.291305
0.294307
0.297306
0.300302
0.303295
0.306285
0.309272
0.312256
0.315237
0.318215
0.321189
0.324161
0.327129
0.330094
0.333056
0.336015
0.338970
0.341922
0.344870
0.347816
0.350757
0.353695
0.356630
0.359561
0.362489
0.365413
0.368334
0.371250
0.374164
0.377073
0.379979
0.382881
0.385779
0.388674
0.391564
0.394451
0.397334
0.400213
0.403088
0.405959
0.408826
0.411689
0.414547
0.417402
0.420253
0.423099
0.425942
0.428780
0.431614
0.434444
0.437269
0.440090
0.442907
0.445719
0.448527
0.451330
0.454130
0.456924
0.459714
0.462500
0.465281
0.468057
0.470829
0.473596
0.476358
0.479116
0.481869
0.484617
0.487361
0.490099
0.492833
0.495562
0.498286
0.501005
0.503719
0.506429
0.509133
0.511832
0.514526
0.517215
0.519899
0.522578
0.525252
0.527920
0.530583
0.533241
0.535894
0.538542
0.541184
0.543821
0.546452
0.549078
0.551699
0.554314
0.556924
0.559528
0.562127
0.564720
0.567308
0.569890
0.572466
0.575037
0.577602
0.580161
0.582715
0.585262
0.587804
0.590341
0.592871
0.595396
0.597915
0.600427
0.602934
0.605435
0.607930
0.610419
0.612902
0.615379
0.617850
0.620314
0.622773
0.625225
0.627672
0.630112
0.632546
0.634973
0.637395
0.639810
0.642218
0.644621
0.647017
0.649407
0.651790
0.654167
0.656537
0.658901
0.661258
0.663609
0.665953
0.668291
0.670622
0.672947
0.675264
0.677576
0.679880
0.682178
0.684469
0.686753
0.689031
0.691302
0.693565
0.695823
0.698073
0.700316
0.702552
0.704782
0.707004
0.709220
0.711428
0.713630
0.715824
0.718012
0.720192
0.722365
0.724531
0.726690
0.728842
0.730986
0.733124
0.735254
0.737377
0.739492
0.741600
0.743701
0.745795
0.747881
0.749960
0.752031
0.754095
0.756152
0.758201
0.760243
0.762277
0.764303
0.766322
0.768334
0.770338
0.772334
0.774323
0.776304
0.778277
0.780243
0.782201
0.784151
0.786094
0.788028
0.789955
0.791875
0.793786
0.795690
0.797585
0.799473
0.801353
0.803225
0.805089
0.806945
0.808793
0.810634
0.812466
0.814290
0.816106
0.817914
0.819714
0.821506
0.823290
0.825065
0.826833
0.828592
0.830344
0.832087
0.833821
0.835548
0.837266
0.838976
0.840678
0.842371
0.844057
0.845733
0.847402
0.849062
0.850714
0.852357
0.853992
0.855618
0.857236
0.858846
0.860447
0.862040
0.863624
0.865199
0.866766
0.868325
0.869875
0.871416
0.872949
0.874473
0.875988
0.877495
0.878993
0.880483
0.881964
0.883436
0.884899
0.886354
0.887800
0.889237
0.890665
0.892085
0.893495
0.894897
0.896290
0.897675
0.899050
0.900416
0.901774
0.903123
0.904463
0.905793
0.907115
0.908428
0.909732
0.911027
0.912313
0.913591
0.914859
0.916118
0.917368
0.918608
0.919840
0.921063
0.922277
0.923481
0.924677
0.925863
0.927040
0.928208
0.929367
0.930517
0.931657
0.932789
0.933911
0.935023
0.936127
0.937222
0.938307
0.939383
0.940449
0.941507
0.942555
0.943593
0.944623
0.945643
0.946654
0.947655
0.948647
0.949630
0.950603
0.951567
0.952522
0.953467
0.954403
0.955329
0.956246
0.957153
0.958052
0.958940
0.959819
0.960689
0.961549
0.962400
0.963241
0.964072
0.964895
0.965707
0.966510
0.967304
0.968088
0.968862
0.969627
0.970382
0.971128
0.971864
0.972591
0.973308
0.974015
0.974713
0.975401
0.976079
0.976748
0.977407
0.978057
0.978697
0.979327
0.979948
0.980559
0.981160
0.981751
0.982333
0.982905
0.983468
0.984020
0.984564
0.985097
0.985620
0.986134
0.986638
0.987133
0.987617
0.988092
0.988558
0.989013
0.989459
0.989894
0.990320
0.990737
0.991143
0.991540
0.991927
0.992304
0.992672
0.993029
0.993377
0.993715
0.994043
0.994362
0.994670
0.994969
0.995258
0.995537
0.995806
0.996065
0.996315
0.996555
0.996785
0.997005
0.997215
0.997416
0.997606
0.997787
0.997958
0.998119
0.998270
0.998412
0.998543
0.998665
0.998777
0.998879
0.998971
0.999053
0.999125
0.999188
0.999240
0.999283
0.999316
0.999339
0.999352
0.999355
0.999349
0.999332
0.999306
0.999270
0.999224
0.999168
0.999102
0.999027
0.998941
0.998846
0.998740
0.998625
0.998500
0.998365
0.998221
0.998066
0.997902
0.997728
0.997544
0.997350
0.997146
0.996933
0.996709
0.996476
0.996233
0.995980
0.995717
0.995445
0.995162
0.994870
0.994568
0.994256
0.993934
0.993603
0.993262
0.992911
0.992550
0.992179
0.991799
0.991408
0.991008
0.990598
0.990179
0.989750
0.989310
0.988862
0.988403
0.987934
0.987456
0.986969
0.986471
0.985963
0.985446
0.984919
0.984383
0.983837
0.983280
0.982715
0.982139
0.981554
0.980959
0.980355
0.979741
0.979117
0.978484
0.977840
0.977187
0.976525
0.975853
0.975171
0.974480
0.973779
0.973068
0.972348
0.971619
0.970879
0.970130
0.969372
0.968604
0.967826
0.967039
0.966243
0.965436
0.964621
0.963795
0.962960
0.962116
0.961262
0.960399
0.959526
0.958644
0.957752
0.956851
0.955940
0.955020
0.954091
0.953152
0.952203
0.951246
0.950278
0.949302
0.948316
0.947321
0.946316
0.945302
0.944279
0.943247
0.942205
0.941154
0.940093
0.939023
0.937944
0.936856
0.935759
0.934652
0.933536
0.932411
0.931276
0.930133
0.928980
0.927818
0.926647
0.925467
0.924277
0.923079
0.921871
0.920655
0.919429
0.918194
0.916950
0.915697
0.914435
0.913164
0.911884
0.910595
0.909297
0.907990
0.906674
0.905349
0.904015
0.902673
0.901321
0.899960
0.898591
0.897212
0.895825
0.894429
0.893024
0.891611
0.890188
0.888757
0.887317
0.885868
0.884411
0.882944
0.881469
0.879986
0.878493
0.876992
0.875483
0.873964
0.872437
0.870902
0.869358
0.867805
0.866244
0.864674
0.863095
0.861508
0.859913
0.858309
0.856697
0.855076
0.853447
0.851809
0.850163
0.848509
0.846846
0.845175
0.843495
0.841807
0.840111
0.838406
0.836694
0.834973
0.833243
0.831506
0.829760
0.828006
0.826244
0.824474
0.822696
0.820909
0.819115
0.817312
0.815502
0.813683
0.811856
0.810021
0.808178
0.806328
0.804469
0.802602
0.800728
0.798845
0.796955
0.795057
0.793150
0.791237
0.789315
0.787385
0.785448
0.783503
0.781550
0.779590
0.777622
0.775646
0.773662
0.771671
0.769672
0.767666
0.765652
0.763631
0.761602
0.759565
0.757521
0.755469
0.753411
0.751344
0.749270
0.747189
0.745101
0.743005
0.740901
0.738791
0.736673
0.734548
0.732415
0.730276
0.728129
0.725975
0.723814
0.721645
0.719470
0.717287
0.715098
0.712901
0.710697
0.708486
0.706269
0.704044
0.701812
0.699574
0.697328
0.695076
0.692817
0.690551
0.688278
0.685998
0.683712
0.681419
0.679119
0.676812
0.674499
0.672179
0.669852
0.667519
0.665179
0.662833
0.660480
0.658121
0.655755
0.653382
0.651004
0.648618
0.646227
0.643829
0.641424
0.639014
0.636597
0.634173
0.631744
0.629308
0.626866
0.624418
0.621964
0.619503
0.617036
0.614564
0.612085
0.609600
0.607109
0.604613
0.602110
0.599601
0.597086
0.594566
0.592040
0.589507
0.586969
0.584425
0.581876
0.579321
0.576759
0.574193
0.571620
0.569042
0.566459
0.563869
0.561274
0.558674
0.556068
0.553457
0.550840
0.548218
0.545590
0.542957
0.540319
0.537675
0.535026
0.532371
0.529712
0.527047
0.524377
0.521702
0.519022
0.516336
0.513646
0.510950
0.508249
0.505544
0.502833
0.500117
0.497397
0.494671
0.491941
0.489206
0.486466
0.483721
0.480971
0.478217
0.475458
0.472694
0.469925
0.467152
0.464375
0.461592
0.458806
0.456014
0.453218
0.450418
0.447613
0.444804
0.441991
0.439173
0.436350
0.433524
0.430693
0.427858
0.425019
0.422175
0.419327
0.416476
0.413620
0.410760
0.407896
0.405027
0.402155
0.399279
0.396399
0.393515
0.390628
0.387736
0.384841
0.381941
0.379038
0.376131
0.373221
0.370307
0.367389
0.364468
0.361543
0.358614
0.355682
0.352746
0.349807
0.346864
0.343918
0.340969
0.338016
0.335060
0.332101
0.329138
0.326172
0.323203
0.320231
0.317255
0.314277
0.311295
0.308310
0.305322
0.302331
0.299338
0.296341
0.293341
0.290338
0.287333
0.284325
0.281314
0.278300
0.275283
0.272264
0.269242
0.266217
0.263190
0.260160
0.257127
0.254092
0.251055
0.248015
0.244972
0.241927
0.238880
0.235831
0.232779
0.229724
0.226668
0.223609
0.220548
0.217485
0.214420
0.211353
0.208283
0.205212
0.202138
0.199063
0.195985
0.192906
0.189824
0.186741
0.183656
0.180569
0.177481
0.174390
0.171298
0.168204
0.165109
0.162012
0.158913
0.155813
0.152711
0.149608
0.146503
0.143397
0.140289
0.137180
0.134070
0.130958
0.127845
0.124731
0.121616
0.118499
0.115381
0.112262
0.109142
0.106021
0.102899
0.099775
0.096651
0.093526
0.090400
0.087273
0.084145
0.081017
0.077887
0.074757
0.071626
0.068494
0.065362
0.062229
0.059095
0.055961
0.052827
0.049691
0.046556
0.043419
0.040283
0.037146
0.034008
0.030871
0.027733
0.024594
0.021456
0.018317
0.015178
0.012039
0.008900
0.005761
0.002621
-0.000518
-0.003657
-0.006797
-0.009936
-0.013075
-0.016214
-0.019353
-0.022492
-0.025630
-0.028768
-0.031906
-0.035044
-0.038181
-0.041318
-0.044454
-0.047590
-0.050726
-0.053861
-0.056995
-0.060129
-0.063263
-0.066395
-0.069528
-0.072659
-0.075790
-0.078919
-0.082049
-0.085177
-0.088304
-0.091431
-0.094557
-0.097682
-0.100805
-0.103928
-0.107050
-0.110171
-0.113290
-0.116409
-0.119526
-0.122642
-0.125757
-0.128871
-0.131984
-0.135095
-0.138205
-0.141313
-0.144420
-0.147526
-0.150630
-0.153733
-0.156834
-0.159933
-0.163032
-0.166128
-0.169223
-0.172316
-0.175407
-0.178497
-0.181585
-0.184671
-0.187755
-0.190838
-0.193919
-0.196997
-0.200074
-0.203149
-0.206221
-0.209292
-0.212361
-0.215427
-0.218492
-0.221554
-0.224614
-0.227672
-0.230728
-0.233781
-0.236832
-0.239881
-0.242927
-0.245971
-0.249012
-0.252051
-0.255088
-0.258122
-0.261153
-0.264182
-0.267209
-0.270232
-0.273253
-0.276272
-0.279287
-0.282300
-0.285310
-0.288317
-0.291322
-0.294323
-0.297322
-0.300317
-0.303310
-0.306300
-0.309286
-0.312270
-0.315250
-0.318228
-0.321202
-0.324173
-0.327141
-0.330106
-0.333067
-0.336025
-0.338980
-0.341932
-0.344880
-0.347824
-0.350766
-0.353704
-0.356638
-0.359569
-0.362496
-0.365420
-0.368340
-0.371256
-0.374169
-0.377078
-0.379983
-0.382885
-0.385783
-0.388677
-0.391567
-0.394453
-0.397335
-0.400214
-0.403088
-0.405959
-0.408826
-0.411688
-0.414547
-0.417401
-0.420251
-0.423097
-0.425939
-0.428777
-0.431610
-0.434440
-0.437265
-0.440085
-0.442901
-0.445713
-0.448521
-0.451324
-0.454123
-0.456917
-0.459706
-0.462492
-0.465272
-0.468048
-0.470819
-0.473586
-0.476348
-0.479105
-0.481858
-0.484606
-0.487349
-0.490087
-0.492820
-0.495549
-0.498273
-0.500991
-0.503705
-0.506414
-0.509118
-0.511816
-0.514510
-0.517199
-0.519882
-0.522561
-0.525234
-0.527902
-0.530565
-0.533223
-0.535875
-0.538522
-0.541164
-0.543800
-0.546431
-0.549057
-0.551677
-0.554292
-0.556901
-0.559505
-0.562104
-0.564696
-0.567284
-0.569865
-0.572441
-0.575012
-0.577576
-0.580135
-0.582688
-0.585236
-0.587778
-0.590313
-0.592844
-0.595368
-0.597886
-0.600399
-0.602905
-0.605406
-0.607900
-0.610389
-0.612871
-0.615348
-0.617818
-0.620283
-0.622741
-0.625193
-0.627639
-0.630079
-0.632512
-0.634940
-0.637361
-0.639775
-0.642184
-0.644586
-0.646982
-0.649371
-0.651754
-0.654130
-0.656500
-0.658864
-0.661221
-0.663571
-0.665915
-0.668253
-0.670584
-0.672908
-0.675225
-0.677536
-0.679840
-0.682138
-0.684429
-0.686713
-0.688990
-0.691260
-0.693524
-0.695781
-0.698030
-0.700273
-0.702510
-0.704739
-0.706961
-0.709176
-0.711384
-0.713586
-0.715780
-0.717967
-0.720147
-0.722320
-0.724486
-0.726644
-0.728796
-0.730940
-0.733077
-0.735207
-0.737329
-0.739445
-0.741553
-0.743653
-0.745747
-0.747833
-0.749911
-0.751983
-0.754046
-0.756103
-0.758152
-0.760193
-0.762227
-0.764253
-0.766272
-0.768284
-0.770287
-0.772283
-0.774272
-0.776253
-0.778226
-0.780191
-0.782150
-0.784100
-0.786042
-0.787977
-0.789904
-0.791822
-0.793734
-0.795637
-0.797533
-0.799420
-0.801300
-0.803172
-0.805036
-0.806892
-0.808740
-0.810580
-0.812412
-0.814235
-0.816052
-0.817859
-0.819659
-0.821451
-0.823235
-0.825010
-0.826778
-0.828537
-0.830288
-0.832031
-0.833765
-0.835492
-0.837210
-0.838920
-0.840621
-0.842315
-0.844000
-0.845676
-0.847345
-0.849005
-0.850656
-0.852299
-0.853934
-0.855561
-0.857179
-0.858788
-0.860389
-0.861981
-0.863566
-0.865141
-0.866708
-0.868266
-0.869816
-0.871357
-0.872890
-0.874414
-0.875929
-0.877436
-0.878934
-0.880424
-0.881904
-0.883376
-0.884840
-0.886294
-0.887740
-0.889177
-0.890605
-0.892025
-0.893436
-0.894837
-0.896231
-0.897615
-0.898990
-0.900356
-0.901714
-0.903063
-0.904403
-0.905733
-0.907055
-0.908368
-0.909672
-0.910967
-0.912253
-0.913530
-0.914798
-0.916057
-0.917307
-0.918548
-0.919780
-0.921003
-0.922216
-0.923421
-0.924616
-0.925803
-0.926980
-0.928148
-0.929307
-0.930456
-0.931597
-0.932728
-0.933850
-0.934963
-0.936067
-0.937161
-0.938247
-0.939322
-0.940389
-0.941446
-0.942495
-0.943533
-0.944563
-0.945583
-0.946594
-0.947595
-0.948588
-0.949570
-0.950544
-0.951508
-0.952462
-0.953408
-0.954343
-0.955270
-0.956187
-0.957094
-0.957992
-0.958881
-0.959760
-0.960630
-0.961490
-0.962341
-0.963182
-0.964014
-0.964836
-0.965649
-0.966452
-0.967245
-0.968030
-0.968804
-0.969569
-0.970324
-0.971070
-0.971807
-0.972533
-0.973250
-0.973958
-0.974656
-0.975344
-0.976022
-0.976691
-0.977351
-0.978000
-0.978640
-0.979271
-0.979891
-0.980503
-0.981104
-0.981696
-0.982277
-0.982850
-0.983412
-0.983965
-0.984508
-0.985042
-0.985566
-0.986080
-0.986584
-0.987078
-0.987563
-0.988038
-0.988503
-0.988959
-0.989405
-0.989841
-0.990267
-0.990684
-0.991090
-0.991487
-0.991874
-0.992252
-0.992619
-0.992977
-0.993325
-0.993663
-0.993991
-0.994310
-0.994619
-0.994918
-0.995207
-0.995486
-0.995755
-0.996015
-0.996265
-0.996505
-0.996735
-0.996956
-0.997166
-0.997366
-0.997557
-0.997738
-0.997909
-0.998070
-0.998222
-0.998363
-0.998495
-0.998617
-0.998729
-0.998831
-0.998923
-0.999006
-0.999078
-0.999141
-0.999193
-0.999237
-0.999269
-0.999293
-0.999306
-0.999310
-0.999303
-0.999287
-0.999261
-0.999225
-0.999179
-0.999123
-0.999058
-0.998983
-0.998897
-0.998802
-0.998697
-0.998583
-0.998458
-0.998323
-0.998179
-0.998025
-0.997860
-0.997687
-0.997503
-0.997309
-0.997106
-0.996892
-0.996669
-0.996436
-0.996193
-0.995941
-0.995678
-0.995406
-0.995124
-0.994832
-0.994530
-0.994219
-0.993897
-0.993566
-0.993225
-0.992874
-0.992513
-0.992143
-0.991763
-0.991373
-0.990973
-0.990564
-0.990144
-0.989715
-0.989276
-0.988828
-0.988369
-0.987901
-0.987423
-0.986936
-0.986438
-0.985931
-0.985414
-0.984888
-0.984351
-0.983806
-0.983250
-0.982684
-0.982109
-0.981525
-0.980930
-0.980326
-0.979712
-0.979089
-0.978455
-0.977813
-0.977160
-0.976498
-0.975826
-0.975145
-0.974454
-0.973753
-0.973043
-0.972323
-0.971593
-0.970854
-0.970106
-0.969348
-0.968580
-0.967802
-0.967015
-0.966219
-0.965413
-0.964598
-0.963773
-0.962938
-0.962094
-0.961241
-0.960378
-0.959505
-0.958623
-0.957732
-0.956831
-0.955921
-0.955001
-0.954072
-0.953133
-0.952185
-0.951228
-0.950261
-0.949285
-0.948300
-0.947304
-0.946300
-0.945287
-0.944264
-0.943232
-0.942190
-0.941139
-0.940079
-0.939010
-0.937931
-0.936843
-0.935746
-0.934640
-0.933524
-0.932399
-0.931265
-0.930122
-0.928970
-0.927808
-0.926637
-0.925457
-0.924268
-0.923070
-0.921863
-0.920647
-0.919421
-0.918187
-0.916943
-0.915691
-0.914429
-0.913158
-0.911879
-0.910590
-0.909292
-0.907986
-0.906670
-0.905345
-0.904012
-0.902669
-0.901318
-0.899958
-0.898589
-0.897211
-0.895824
-0.894428
-0.893024
-0.891611
-0.890189
-0.888758
-0.887318
-0.885870
-0.884413
-0.882947
-0.881472
-0.879989
-0.878497
-0.876996
-0.875487
-0.873969
-0.872442
-0.870907
-0.869363
-0.867811
-0.866250
-0.864680
-0.863102
-0.861516
-0.859921
-0.858317
-0.856705
-0.855085
-0.853456
-0.851819
-0.850173
-0.848519
-0.846856
-0.845185
-0.843506
-0.841819
-0.840123
-0.838419
-0.836707
-0.834986
-0.833257
-0.831520
-0.829775
-0.828021
-0.826259
-0.824489
-0.822712
-0.820925
-0.819131
-0.817329
-0.815519
-0.813700
-0.811874
-0.810039
-0.808197
-0.806347
-0.804488
-0.802622
-0.800748
-0.798866
-0.796976
-0.795078
-0.793172
-0.791258
-0.789337
-0.787408
-0.785471
-0.783526
-0.781574
-0.779614
-0.777646
-0.775670
-0.773688
-0.771697
-0.769698
-0.767692
-0.765679
-0.763657
-0.761629
-0.759592
-0.757549
-0.755498
-0.753439
-0.751373
-0.749300
-0.747218
-0.745130
-0.743035
-0.740932
-0.738822
-0.736704
-0.734579
-0.732447
-0.730308
-0.728162
-0.726008
-0.723847
-0.721679
-0.719504
-0.717322
-0.715133
-0.712936
-0.710733
-0.708522
-0.706305
-0.704080
-0.701849
-0.699611
-0.697366
-0.695114
-0.692855
-0.690589
-0.688317
-0.686037
-0.683751
-0.681458
-0.679159
-0.676852
-0.674539
-0.672220
-0.669893
-0.667560
-0.665221
-0.662875
-0.660522
-0.658163
-0.655798
-0.653426
-0.651047
-0.648662
-0.646271
-0.643873
-0.641469
-0.639059
-0.636642
-0.634219
-0.631790
-0.629354
-0.626913
-0.624465
-0.622011
-0.619550
-0.617084
-0.614612
-0.612133
-0.609649
-0.607158
-0.604662
-0.602159
-0.599651
-0.597137
-0.594616
-0.592090
-0.589558
-0.587020
-0.584477
-0.581928
-0.579372
-0.576812
-0.574245
-0.571673
-0.569095
-0.566512
-0.563922
-0.561328
-0.558728
-0.556122
-0.553511
-0.550895
-0.548272
-0.545645
-0.543012
-0.540374
-0.537730
-0.535082
-0.532427
-0.529768
-0.527103
-0.524434
-0.521759
-0.519079
-0.516393
-0.513703
-0.511008
-0.508307
-0.505602
-0.502891
-0.500176
-0.497456
-0.494730
-0.492000
-0.489265
-0.486525
-0.483780
-0.481031
-0.478277
-0.475518
-0.472754
-0.469986
-0.467213
-0.464436
-0.461654
-0.458867
-0.456076
-0.453280
-0.450480
-0.447675
-0.444866
-0.442053
-0.439235
-0.436413
-0.433586
-0.430756
-0.427921
-0.425082
-0.422238
-0.419391
-0.416539
-0.413683
-0.410823
-0.407959
-0.405091
-0.402220
-0.399343
-0.396464
-0.393580
-0.390692
-0.387801
-0.384905
-0.382006
-0.379103
-0.376196
-0.373286
-0.370372
-0.367454
-0.364533
-0.361608
-0.358679
-0.355748
-0.352812
-0.349873
-0.346930
-0.343984
-0.341035
-0.338082
-0.335126
-0.332167
-0.329204
-0.326238
-0.323269
-0.320297
-0.317321
-0.314343
-0.311361
-0.308377
-0.305388
-0.302398
-0.299404
-0.296407
-0.293407
-0.290405
-0.287399
-0.284391
-0.281380
-0.278366
-0.275350
-0.272330
-0.269308
-0.266284
-0.263256
-0.260226
-0.257194
-0.254159
-0.251121
-0.248082
-0.245039
-0.241994
-0.238947
-0.235897
-0.232845
-0.229791
-0.226734
-0.223675
-0.220615
-0.217551
-0.214486
-0.211419
-0.208349
-0.205278
-0.202204
-0.199128
-0.196051
-0.192972
-0.189890
-0.186807
-0.183722
-0.180634
-0.177546
-0.174456
-0.171363
-0.168269
-0.165174
-0.162077
-0.158978
-0.155877
-0.152775
-0.149672
-0.146568
-0.143461
-0.140354
-0.137244
-0.134134
-0.131022
-0.127909
-0.124795
-0.121679
-0.118562
-0.115444
-0.112325
-0.109205
-0.106084
-0.102961
-0.099838
-0.096713
-0.093588
-0.090462
-0.087335
-0.084207
-0.081078
-0.077948
-0.074818
-0.071687
-0.068555
-0.065422
-0.062289
-0.059155
-0.056021
-0.052886
-0.049751
-0.046615
-0.043478
-0.040341
-0.037204
-0.034066
-0.030929
-0.027790
-0.024652
-0.021513
-0.018374
-0.015235
-0.012095
-0.008956
-0.005816
-0.002677
0.000463
0.003602
0.006742
0.009881
0.013021
0.016160
0.019299
0.022438
0.025577
0.028715
0.031854
0.034991
0.038129
0.041266
0.044403
0.047539
0.050675
0.053810
0.056945
0.060079
0.063213
0.066346
0.069478
0.072610
0.075741
0.078871
0.082001
0.085129
0.088257
0.091384
0.094510
0.097635
0.100759
0.103883
0.107005
0.110126
0.113246
0.116365
0.119482
0.122599
0.125714
0.128828
0.131941
0.135053
0.138163
0.141272
0.144379
0.147485
0.150590
0.153693
0.156794
0.159894
0.162993
0.166090
0.169185
0.172278
0.175370
0.178460
0.181548
0.184635
0.187720
0.190803
0.193883
0.196963
0.200040
0.203115
0.206188
0.209259
0.212328
0.215395
0.218460
0.221522
0.224583
0.227641
0.230697
0.233751
0.236802
0.239851
0.242898
0.245943
0.248984
0.252024
0.255061
0.258095
0.261127
0.264157
0.267183
0.270207
0.273229
0.276247
0.279263
0.282277
0.285287
0.288295
0.291300
0.294301
0.297300
0.300297
0.303290
0.306280
0.309267
0.312251
0.315232
0.318210
0.321184
0.324156
0.327124
0.330089
0.333051
0.336010
0.338965
0.341917
0.344865
0.347811
0.350752
0.353690
0.356625
0.359556
0.362484
0.365408
0.368329
0.371246
0.374159
0.377068
0.379974
0.382876
0.385774
0.388669
0.391559
0.394446
0.397329
0.400208
0.403083
0.405954
0.408821
0.411684
0.414543
0.417397
0.420248
0.423095
0.425937
0.428775
0.431609
0.434439
0.437264
0.440085
0.442902
0.445714
0.448522
0.451326
0.454125
0.456919
0.459709
0.462495
0.465276
0.468052
0.470824
0.473591
0.476354
0.479111
0.481864
0.484613
0.487356
0.490095
0.492828
0.495557
0.498281
0.501001
0.503715
0.506424
0.509128
0.511827
0.514522
0.517211
0.519895
0.522573
0.525247
0.527916
0.530579
0.533237
0.535890
0.538537
0.541179
0.543816
0.546448
0.549074
0.551694
0.554310
0.556919
0.559524
0.562122
0.564716
0.567303
0.569885
0.572462
0.575032
0.577597
0.580157
0.582710
0.585258
0.587800
0.590336
0.592867
0.595392
0.597910
0.600423
0.602930
0.605431
0.607926
0.610415
0.612898
0.615375
0.617846
0.620310
0.622769
0.625221
0.627668
0.630108
0.632542
0.634969
0.637391
0.639806
0.642214
0.644617
0.647013
0.649402
0.651786
0.654163
0.656533
0.658897
0.661254
0.663605
0.665949
0.668287
0.670618
0.672943
0.675261
0.677572
0.679876
0.682174
0.684465
0.686749
0.689027
0.691298
0.693562
0.695819
0.698069
0.700312
0.702549
0.704778
0.707001
0.709216
0.711425
0.713626
0.715821
0.718008
0.720188
0.722361
0.724528
0.726686
0.728838
0.730983
0.733120
0.735250
0.737373
0.739489
0.741597
0.743698
0.745791
0.747878
0.749956
0.752028
0.754092
0.756149
0.758198
0.760239
0.762273
0.764300
0.766319
0.768331
0.770334
0.772331
0.774319
0.776301
0.778274
0.780240
0.782198
0.784148
0.786090
0.788025
0.789952
0.791871
0.793783
0.795686
0.797582
0.799470
0.801350
0.803222
0.805086
0.806942
0.808790
0.810630
0.812463
0.814287
0.816103
0.817911
0.819711
0.821503
0.823287
0.825062
0.826830
0.828589
0.830341
0.832084
0.833818
0.835545
0.837263
0.838973
0.840675
0.842369
0.844054
0.845731
0.847399
0.849059
0.850711
0.852354
0.853989
0.855616
0.857234
0.858843
0.860444
0.862037
0.863621
0.865197
0.866764
0.868322
0.869872
0.871413
0.872946
0.874470
0.875986
0.877493
0.878991
0.880480
0.881961
0.883433
0.884897
0.886351
0.887797
0.889234
0.890663
0.892082
0.893493
0.894895
0.896288
0.897672
0.899048
0.900414
0.901772
0.903121
0.904460
0.905791
0.907113
0.908426
0.909730
0.911025
0.912311
0.913588
0.914856
0.916115
0.917365
0.918606
0.919838
0.921061
0.922275
0.923479
0.924675
0.925861
0.927038
0.928206
0.929365
0.930515
0.931655
0.932787
0.933909
0.935022
0.936125
0.937220
0.938305
0.939381
0.940447
0.941505
0.942553
0.943592
0.944621
0.945641
0.946652
0.947653
0.948646
0.949628
0.950602
0.951566
0.952520
0.953465
0.954401
0.955328
0.956244
0.957152
0.958050
0.958939
0.959818
0.960687
0.961548
0.962398
0.963239
0.964071
0.964893
0.965706
0.966509
0.967302
0.968086
0.968861
0.969626
0.970381
0.971127
0.971863
0.972590
0.973306
0.974014
0.974712
0.975400
0.976078
0.976747
0.977406
0.978056
0.978696
0.979326
0.979947
0.980558
0.981159
0.981750
0.982332
0.982904
0.983467
0.984020
0.984563
0.985096
0.985620
0.986133
0.986638
0.987132
0.987617
0.988092
0.988557
0.989012
0.989458
0.989894
0.990320
0.990736
0.991143
0.991539
0.991926
0.992304
0.992671
0.993029
0.993376
0.993714
0.994043
0.994361
0.994670
0.994968
0.995257
0.995536
0.995806
0.996065
0.996315
0.996554
0.996784
0.997004
0.997215
0.997415
0.997606
0.997787
0.997958
0.998119
0.998270
0.998411
0.998543
0.998665
0.998776
0.998879
0.998971
0.999053
0.999125
0.999188
0.999240
0.999283
0.999316
0.999339
0.999352
0.999355
0.999349
0.999332
0.999306
0.999270
0.999224
0.999168
0.999102
0.999027
0.998941
0.998846
0.998740
0.998625
0.998500
0.998366
0.998221
0.998067
0.997902
0.997728
0.997544
0.997350
0.997146
0.996933
0.996709
0.996476
0.996233
0.995980
0.995717
0.995445
0.995163
0.994871
0.994568
0.994257
0.993935
0.993604
0.993262
0.992911
0.992551
0.992180
0.991799
0.991409
0.991009
0.990599
0.990180
0.989750
0.989311
0.988862
0.988404
0.987935
0.987457
0.986969
0.986471
0.985964
0.985447
0.984920
0.984384
0.983838
0.983281
0.982716
0.982140
0.981555
0.980960
0.980356
0.979742
0.979118
0.978485
0.977841
0.977188
0.976526
0.975854
0.975172
0.974481
0.973780
0.973069
0.972349
0.971620
0.970880
0.970131
0.969373
0.968605
0.967828
0.967041
0.966244
0.965438
0.964622
0.963797
0.962962
0.962117
0.961263
0.960400
0.959527
0.958645
0.957753
0.956852
0.955942
0.955022
0.954092
0.953153
0.952205
0.951247
0.950280
0.949304
0.948318
0.947323
0.946318
0.945304
0.944281
0.943248
0.942207
0.941155
0.940095
0.939025
0.937946
0.936858
0.935760
0.934654
0.933538
0.932413
0.931278
0.930135
0.928982
0.927820
0.926649
0.925469
0.924279
0.923081
0.921873
0.920657
0.919431
0.918196
0.916952
0.915699
0.914437
0.913166
0.911886
0.910597
0.909299
0.907992
0.906676
0.905351
0.904018
0.902675
0.901323
0.899963
0.898593
0.897215
0.895828
0.894432
0.893027
0.891613
0.890191
0.888759
0.887319
0.885871
0.884413
0.882947
0.881472
0.879988
0.878496
0.876995
0.875485
0.873967
0.872440
0.870904
0.869360
0.867808
0.866246
0.864676
0.863098
0.861511
0.859916
0.858312
0.856700
0.855079
0.853450
0.851812
0.850166
0.848511
0.846849
0.845177
0.843498
0.841810
0.840114
0.838409
0.836697
0.834976
0.833246
0.831509
0.829763
0.828009
0.826247
0.824477
0.822699
0.820912
0.819118
0.817315
0.815505
0.813686
0.811859
0.810024
0.808182
0.806331
0.804472
0.802605
0.800731
0.798848
0.796958
0.795060
0.793154
0.791240
0.789318
0.787389
0.785451
0.783506
0.781554
0.779593
0.777625
0.775649
0.773666
0.771674
0.769676
0.767669
0.765655
0.763634
0.761605
0.759568
0.757524
0.755473
0.753414
0.751348
0.749274
0.747193
0.745104
0.743008
0.740905
0.738794
0.736676
0.734551
0.732419
0.730279
0.728132
0.725978
0.723817
0.721649
0.719474
0.717291
0.715101
0.712905
0.710701
0.708490
0.706273
0.704048
0.701816
0.699578
0.697332
0.695080
0.692821
0.690555
0.688282
0.686002
0.683716
0.681422
0.679123
0.676816
0.674503
0.672183
0.669856
0.667523
0.665183
0.662837
0.660484
0.658125
0.655759
0.653386
0.651008
0.648622
0.646231
0.643833
0.641428
0.639018
0.636601
0.634177
0.631748
0.629312
0.626870
0.624422
0.621968
0.619507
0.617041
0.614568
0.612089
0.609604
0.607114
0.604617
0.602114
0.599605
0.597091
0.594570
0.592044
0.589512
0.586974
0.584430
0.581880
0.579325
0.576764
0.574197
0.571625
0.569047
0.566463
0.563874
0.561279
0.558679
0.556073
0.553461
0.550844
0.548222
0.545595
0.542961
0.540323
0.537679
0.535030
0.532376
0.529716
0.527052
0.524382
0.521706
0.519026
0.516341
0.513650
0.510954
0.508254
0.505548
0.502837
0.500122
0.497401
0.494676
0.491945
0.489210
0.486470
0.483725
0.480976
0.478221
0.475462
0.472699
0.469930
0.467157
0.464379
0.461597
0.458810
0.456019
0.453223
0.450423
0.447618
0.444809
0.441995
0.439177
0.436355
0.433529
0.430698
0.427863
0.425023
0.422180
0.419332
0.416480
0.413624
0.410764
0.407900
0.405032
0.402160
0.399284
0.396404
0.393520
0.390633
0.387741
0.384845
0.381946
0.379043
0.376136
0.373226
0.370312
0.367394
0.364473
0.361548
0.358619
0.355687
0.352751
0.349812
0.346869
0.343923
0.340974
0.338021
0.335065
0.332106
0.329143
0.326177
0.323208
0.320236
0.317260
0.314282
0.311300
0.308315
0.305327
0.302336
0.299343
0.296346
0.293346
0.290343
0.287338
0.284330
0.281319
0.278305
0.275288
0.272269
0.269247
0.266222
0.263195
0.260165
0.257132
0.254097
0.251060
0.248020
0.244977
0.241933
0.238885
0.235836
0.232784
0.229730
0.226673
0.223614
0.220553
0.217490
0.214425
0.211358
0.208288
0.205217
0.202143
0.199068
0.195990
0.192911
0.189830
0.186746
0.183661
0.180574
0.177486
0.174395
0.171303
0.168210
0.165114
0.162017
0.158918
0.155818
0.152716
0.149613
0.146508
0.143402
0.140294
0.137185
0.134075
0.130963
0.127850
0.124736
0.121621
0.118504
0.115386
0.112267
0.109147
0.106026
0.102904
0.099781
0.096657
0.093531
0.090405
0.087278
0.084151
0.081022
0.077892
0.074762
0.071631
0.068500
0.065367
0.062234
0.059101
0.055967
0.052832
0.049697
0.046561
0.043425
0.040288
0.037151
0.034014
0.030876
0.027738
0.024600
0.021461
0.018322
0.015183
0.012044
0.008905
0.005766
0.002627
-0.000513
-0.003652
-0.006791
-0.009931
-0.013070
-0.016209
-0.019348
-0.022486
-0.025625
-0.028763
-0.031901
-0.035038
-0.038176
-0.041313
-0.044449
-0.047585
-0.050721
-0.053856
-0.056990
-0.060124
-0.063257
-0.066390
-0.069522
-0.072654
-0.075784
-0.078914
-0.082043
-0.085172
-0.088299
-0.091426
-0.094551
-0.097676
-0.100800
-0.103923
-0.107045
-0.110165
-0.113285
-0.116404
-0.119521
-0.122637
-0.125752
-0.128866
-0.131978
-0.135090
-0.138199
-0.141308
-0.144415
-0.147521
-0.150625
-0.153727
-0.156829
-0.159928
-0.163026
-0.166123
-0.169218
-0.172311
-0.175402
-0.178492
-0.181580
-0.184666
-0.187750
-0.190833
-0.193913
-0.196992
-0.200069
-0.203143
-0.206216
-0.209287
-0.212356
-0.215422
-0.218487
-0.221549
-0.224609
-0.227667
-0.230722
-0.233776
-0.236827
-0.239875
-0.242922
-0.245966
-0.249007
-0.252046
-0.255083
-0.258117
-0.261148
-0.264177
-0.267204
-0.270227
-0.273248
-0.276266
-0.279282
-0.282295
-0.285305
-0.288312
-0.291316
-0.294318
-0.297317
-0.300312
-0.303305
-0.306295
-0.309281
-0.312265
-0.315245
-0.318223
-0.321197
-0.324168
-0.327136
-0.330101
-0.333062
-0.336020
-0.338975
-0.341927
-0.344875
-0.347819
-0.350761
-0.353699
-0.356633
-0.359564
-0.362491
-0.365415
-0.368335
-0.371251
-0.374164
-0.377073
-0.379978
-0.382880
-0.385778
-0.388672
-0.391562
-0.394448
-0.397331
-0.400209
-0.403084
-0.405954
-0.408821
-0.411683
-0.414542
-0.417396
-0.420246
-0.423092
-0.425934
-0.428772
-0.431606
-0.434435
-0.437260
-0.440080
-0.442897
-0.445709
-0.448516
-0.451319
-0.454118
-0.456912
-0.459702
-0.462487
-0.465267
-0.468043
-0.470815
-0.473581
-0.476343
-0.479101
-0.481853
-0.484601
-0.487344
-0.490082
-0.492816
-0.495544
-0.498268
-0.500987
-0.503700
-0.506409
-0.509113
-0.511812
-0.514506
-0.517194
-0.519878
-0.522556
-0.525230
-0.527898
-0.530561
-0.533218
-0.535871
-0.538518
-0.541159
-0.543796
-0.546427
-0.549053
-0.551673
-0.554288
-0.556897
-0.559501
-0.562099
-0.564692
-0.567279
-0.569861
-0.572437
-0.575007
-0.577572
-0.580131
-0.582684
-0.585232
-0.587773
-0.590309
-0.592839
-0.595364
-0.597882
-0.600394
-0.602901
-0.605401
-0.607896
-0.610385
-0.612867
-0.615344
-0.617814
-0.620279
-0.622737
-0.625189
-0.627635
-0.630075
-0.632508
-0.634936
-0.637357
-0.639771
-0.642180
-0.644582
-0.646977
-0.649367
-0.651750
-0.654126
-0.656496
-0.658860
-0.661217
-0.663567
-0.665911
-0.668249
-0.670580
-0.672904
-0.675221
-0.677532
-0.679836
-0.682134
-0.684425
-0.686709
-0.688986
-0.691256
-0.693520
-0.695777
-0.698027
-0.700270
-0.702506
-0.704735
-0.706957
-0.709172
-0.711381
-0.713582
-0.715776
-0.717963
-0.720143
-0.722316
-0.724482
-0.726641
-0.728792
-0.730936
-0.733073
-0.735203
-0.737326
-0.739441
-0.741549
-0.743650
-0.745743
-0.747829
-0.749908
-0.751979
-0.754043
-0.756099
-0.758148
-0.760190
-0.762223
-0.764250
-0.766268
-0.768280
-0.770284
-0.772280
-0.774268
-0.776250
-0.778223
-0.780188
-0.782146
-0.784096
-0.786039
-0.787973
-0.789900
-0.791819
-0.793731
-0.795634
-0.797529
-0.799417
-0.801297
-0.803169
-0.805033
-0.806889
-0.808737
-0.810577
-0.812409
-0.814232
-0.816049
-0.817856
-0.819656
-0.821448
-0.823232
-0.825007
-0.826775
-0.828534
-0.830285
-0.832028
-0.833762
-0.835489
-0.837207
-0.838917
-0.840619
-0.842312
-0.843997
-0.845674
-0.847342
-0.849002
-0.850654
-0.852297
-0.853932
-0.855558
-0.857176
-0.858785
-0.860386
-0.861979
-0.863563
-0.865138
-0.866705
-0.868264
-0.869814
-0.871355
-0.872887
-0.874411
-0.875927
-0.877433
-0.878932
-0.880421
-0.881902
-0.883374
-0.884837
-0.886292
-0.887738
-0.889175
-0.890603
-0.892022
-0.893433
-0.894835
-0.896228
-0.897612
-0.898988
-0.900354
-0.901712
-0.903060
-0.904400
-0.905731
-0.907053
-0.908366
-0.909670
-0.910965
-0.912251
-0.913528
-0.914796
-0.916055
-0.917305
-0.918546
-0.919778
-0.921001
-0.922214
-0.923419
-0.924614
-0.925801
-0.926978
-0.928146
-0.929305
-0.930454
-0.931595
-0.932726
-0.933849
-0.934961
-0.936065
-0.937159
-0.938245
-0.939321
-0.940387
-0.941445
-0.942493
-0.943532
-0.944561
-0.945581
-0.946592
-0.947594
-0.948586
-0.949569
-0.950542
-0.951506
-0.952461
-0.953406
-0.954342
-0.955268
-0.956185
-0.957093
-0.957991
-0.958879
-0.959759
-0.960628
-0.961489
-0.962339
-0.963181
-0.964012
-0.964835
-0.965647
-0.966451
-0.967244
-0.968028
-0.968803
-0.969568
-0.970323
-0.971069
-0.971805
-0.972532
-0.973249
-0.973957
-0.974654
-0.975343
-0.976021
-0.976690
-0.977349
-0.977999
-0.978639
-0.979270
-0.979890
-0.980501
-0.981103
-0.981695
-0.982276
-0.982849
-0.983411
-0.983964
-0.984507
-0.985041
-0.985565
-0.986079
-0.986583
-0.987078
-0.987562
-0.988038
-0.988503
-0.988958
-0.989404
-0.989840
-0.990266
-0.990683
-0.991090
-0.991487
-0.991874
-0.992251
-0.992619
-0.992977
-0.993324
-0.993663
-0.993991
-0.994310
-0.994618
-0.994917
-0.995206
-0.995486
-0.995755
-0.996015
-0.996264
-0.996505
-0.996735
-0.996955
-0.997165
-0.997366
-0.997557
-0.997738
-0.997909
-0.998070
-0.998221
-0.998363
-0.998495
-0.998617
-0.998728
-0.998831
-0.998923
-0.999005
-0.999078
-0.999141
-0.999193
-0.999236
-0.999269
-0.999293
-0.999306
-0.999310
-0.999303
-0.999287
-0.999261
-0.999225
-0.999179
-0.999124
-0.999058
-0.998983
-0.998897
-0.998803
-0.998697
-0.998583
-0.998458
-0.998324
-0.998179
-0.998025
-0.997861
-0.997687
-0.997503
-0.997309
-0.997106
-0.996893
-0.996670
-0.996437
-0.996194
-0.995941
-0.995679
-0.995406
-0.995124
-0.994833
-0.994531
-0.994219
-0.993898
-0.993567
-0.993225
-0.992875
-0.992514
-0.992144
-0.991763
-0.991374
-0.990974
-0.990564
-0.990145
-0.989716
-0.989277
-0.988828
-0.988370
-0.987902
-0.987424
-0.986936
-0.986439
-0.985932
-0.985415
-0.984889
-0.984352
-0.983806
-0.983251
-0.982685
-0.982110
-0.981526
-0.980931
-0.980327
-0.979713
-0.979090
-0.978456
-0.977814
-0.977161
-0.976499
-0.975827
-0.975146
-0.974455
-0.973754
-0.973044
-0.972324
-0.971595
-0.970856
-0.970107
-0.969349
-0.968581
-0.967804
-0.967017
-0.966221
-0.965414
-0.964599
-0.963774
-0.962940
-0.962095
-0.961242
-0.960379
-0.959507
-0.958625
-0.957733
-0.956832
-0.955922
-0.955002
-0.954073
-0.953135
-0.952187
-0.951229
-0.950263
-0.949287
-0.948301
-0.947306
-0.946302
-0.945288
-0.944266
-0.943233
-0.942192
-0.941141
-0.940081
-0.939012
-0.937933
-0.936845
-0.935748
-0.934642
-0.933526
-0.932401
-0.931267
-0.930124
-0.928972
-0.927810
-0.926639
-0.925459
-0.924271
-0.923072
-0.921865
-0.920649
-0.919423
-0.918189
-0.916945
-0.915693
-0.914431
-0.913160
-0.911881
-0.910592
-0.909295
-0.907988
-0.906672
-0.905348
-0.904014
-0.902672
-0.901321
-0.899960
-0.898591
-0.897213
-0.895827
-0.894431
-0.893026
-0.891613
-0.890191
-0.888760
-0.887321
-0.885872
-0.884415
-0.882949
-0.881475
-0.879991
-0.878499
-0.876999
-0.875489
-0.873971
-0.872445
-0.870910
-0.869366
-0.867813
-0.866253
-0.864683
-0.863105
-0.861518
-0.859924
-0.858320
-0.856708
-0.855087
-0.853459
-0.851821
-0.850176
-0.848522
-0.846859
-0.845188
-0.843509
-0.841822
-0.840126
-0.838422
-0.836709
-0.834989
-0.833260
-0.831523
-0.829778
-0.828024
-0.826262
-0.824492
-0.822715
-0.820928
-0.819134
-0.817332
-0.815522
-0.813703
-0.811877
-0.810042
-0.808200
-0.806350
-0.804492
-0.802625
-0.800751
-0.798869
-0.796979
-0.795081
-0.793175
-0.791262
-0.789340
-0.787411
-0.785474
-0.783529
-0.781577
-0.779617
-0.777649
-0.775674
-0.773691
-0.771700
-0.769702
-0.767695
-0.765682
-0.763661
-0.761632
-0.759596
-0.757552
-0.755501
-0.753443
-0.751376
-0.749303
-0.747222
-0.745134
-0.743038
-0.740935
-0.738825
-0.736708
-0.734583
-0.732451
-0.730312
-0.728165
-0.726011
-0.723851
-0.721683
-0.719508
-0.717325
-0.715136
-0.712940
-0.710737
-0.708526
-0.706309
-0.704084
-0.701853
-0.699615
-0.697370
-0.695117
-0.692859
-0.690593
-0.688320
-0.686041
-0.683755
-0.681462
-0.679163
-0.676856
-0.674543
-0.672223
-0.669897
-0.667564
-0.665225
-0.662879
-0.660526
-0.658167
-0.655802
-0.653430
-0.651051
-0.648666
-0.646275
-0.643877
-0.641473
-0.639063
-0.636646
-0.634223
-0.631794
-0.629358
-0.626917
-0.624469
-0.622015
-0.619555
-0.617088
-0.614616
-0.612138
-0.609653
-0.607163
-0.604666
-0.602164
-0.599655
-0.597141
-0.594620
-0.592095
-0.589562
-0.587025
-0.584481
-0.581932
-0.579377
-0.576816
-0.574249
-0.571677
-0.569099
-0.566516
-0.563927
-0.561332
-0.558732
-0.556127
-0.553515
-0.550899
-0.548277
-0.545649
-0.543016
-0.540378
-0.537735
-0.535086
-0.532432
-0.529773
-0.527108
-0.524438
-0.521763
-0.519083
-0.516398
-0.513708
-0.511012
-0.508312
-0.505606
-0.502896
-0.500180
-0.497460
-0.494735
-0.492005
-0.489270
-0.486530
-0.483785
-0.481036
-0.478281
-0.475523
-0.472759
-0.469991
-0.467218
-0.464441
-0.461658
-0.458872
-0.456080
-0.453285
-0.450485
-0.447680
-0.444871
-0.442058
-0.439240
-0.436418
-0.433591
-0.430761
-0.427925
-0.425087
-0.422243
-0.419396
-0.416544
-0.413688
-0.410828
-0.407964
-0.405096
-0.402224
-0.399348
-0.396469
-0.393585
-0.390697
-0.387805
-0.384910
-0.382011
-0.379108
-0.376201
-0.373291
-0.370377
-0.367459
-0.364538
-0.361613
-0.358684
-0.355753
-0.352817
-0.349878
-0.346935
-0.343989
-0.341040
-0.338087
-0.335131
-0.332172
-0.329209
-0.326244
-0.323274
-0.320302
-0.317326
-0.314348
-0.311366
-0.308382
-0.305394
-0.302403
-0.299409
-0.296412
-0.293412
-0.290410
-0.287404
-0.284396
-0.281385
-0.278371
-0.275355
-0.272336
-0.269314
-0.266289
-0.263261
-0.260231
-0.257199
-0.254164
-0.251126
-0.248087
-0.245044
-0.241999
-0.238952
-0.235902
-0.232850
-0.229796
-0.226739
-0.223681
-0.220620
-0.217556
-0.214491
-0.211424
-0.208354
-0.205283
-0.202209
-0.199133
-0.196056
-0.192977
-0.189895
-0.186812
-0.183727
-0.180640
-0.177551
-0.174461
-0.171368
-0.168274
-0.165179
-0.162082
-0.158983
-0.155882
-0.152781
-0.149678
-0.146573
-0.143467
-0.140359
-0.137250
-0.134139
-0.131027
-0.127914
-0.124800
-0.121684
-0.118567
-0.115449
-0.112330
-0.109210
-0.106089
-0.102966
-0.099843
-0.096719
-0.093593
-0.090467
-0.087340
-0.084212
-0.081083
-0.077954
-0.074823
-0.071692
-0.068560
-0.065428
-0.062294
-0.059161
-0.056026
-0.052891
-0.049756
-0.046620
-0.043483
-0.040347
-0.037209
-0.034072
-0.030934
-0.027796
-0.024657
-0.021518
-0.018379
-0.015240
-0.012101
-0.008961
-0.005822
-0.002682
0.000457
0.003597
0.006737
0.009876
0.013016
0.016155
0.019294
0.022433
0.025572
0.028710
0.031848
0.034986
0.038124
0.041261
0.044398
0.047534
0.050670
0.053805
0.056940
0.060074
0.063208
0.066341
0.069473
0.072605
0.075736
0.078866
0.081995
0.085124
0.088252
0.091379
0.094505
0.097630
0.100754
0.103877
0.106999
0.110121
0.113241
0.116359
0.119477
0.122594
0.125709
0.128823
0.131936
0.135047
0.138158
0.141267
0.144374
0.147480
0.150585
0.153688
0.156789
0.159889
0.162988
0.166084
0.169180
0.172273
0.175365
0.178455
0.181543
0.184630
0.187714
0.190797
0.193878
0.196957
0.200034
0.203110
0.206183
0.209254
0.212323
0.215390
0.218455
0.221517
0.224578
0.227636
0.230692
0.233746
0.236797
0.239846
0.242893
0.245937
0.248979
0.252019
0.255056
0.258090
0.261122
0.264151
0.267178
0.270202
0.273224
0.276242
0.279258
0.282272
0.285282
0.288290
0.291294
0.294296
0.297295
0.300291
0.303285
0.306275
0.309262
0.312246
0.315227
0.318205
0.321179
0.324151
0.327119
0.330084
0.333046
0.336005
0.338960
0.341912
0.344860
0.347806
0.350747
0.353686
0.356620
0.359551
0.362479
0.365403
0.368324
0.371241
0.374154
0.377063
0.379969
0.382871
0.385769
0.388664
0.391554
0.394441
0.397324
0.400203
0.403078
0.405949
0.408816
0.411679
0.414538
0.417393
0.420243
0.423090
0.425932
0.428770
0.431604
0.434434
0.437259
0.440080
0.442897
0.445710
0.448517
0.451321
0.454120
0.456915
0.459705
0.462490
0.465271
0.468048
0.470819
0.473586
0.476349
0.479107
0.481860
0.484608
0.487351
0.490090
0.492824
0.495553
0.498277
0.500996
0.503710
0.506419
0.509124
0.511823
0.514517
0.517206
0.519890
0.522569
0.525243
0.527911
0.530574
0.533233
0.535885
0.538533
0.541175
0.543812
0.546443
0.549069
0.551690
0.554305
0.556915
0.559519
0.562118
0.564711
0.567299
0.569881
0.572457
0.575028
0.577593
0.580152
0.582706
0.585254
0.587796
0.590332
0.592863
0.595387
0.597906
0.600419
0.602926
0.605427
0.607922
0.610411
0.612894
0.615371
0.617841
0.620306
0.622765
0.625217
0.627663
0.630104
0.632537
0.634965
0.637386
0.639802
0.642210
0.644613
0.647009
0.649398
0.651782
0.654159
0.656529
0.658893
0.661250
0.663601
0.665945
0.668283
0.670614
0.672939
0.675257
0.677568
0.679872
0.682170
0.684461
0.686746
0.689023
0.691294
0.693558
0.695815
0.698065
0.700308
0.702545
0.704774
0.706997
0.709212
0.711421
0.713622
0.715817
0.718004
0.720185
0.722358
0.724524
0.726683
0.728835
0.730979
0.733116
0.735247
0.737369
0.739485
0.741593
0.743694
0.745788
0.747874
0.749953
0.752024
0.754088
0.756145
0.758194
0.760236
0.762270
0.764297
0.766316
0.768327
0.770331
0.772327
0.774316
0.776297
0.778271
0.780236
0.782194
0.784145
0.786087
0.788022
0.789949
0.791868
0.793780
0.795683
0.797579
0.799467
0.801347
0.803219
0.805083
0.806939
0.808787
0.810627
0.812460
0.814284
0.816100
0.817908
0.819708
0.821500
0.823284
0.825059
0.826827
0.828586
0.830338
0.832081
0.833815
0.835542
0.837260
0.838970
0.840672
0.842366
0.844051
0.845728
0.847396
0.849056
0.850708
0.852351
0.853986
0.855613
0.857231
0.858841
0.860442
0.862034
0.863618
0.865194
0.866761
0.868320
0.869870
0.871411
0.872944
0.874468
0.875983
0.877490
0.878988
0.880478
0.881959
0.883431
0.884894
0.886349
0.887795
0.889232
0.890660
0.892080
0.893491
0.894892
0.896286
0.897670
0.899045
0.900412
0.901769
0.903118
0.904458
0.905789
0.907111
0.908424
0.909728
0.911023
0.912309
0.913586
0.914854
0.916113
0.917363
0.918604
0.919836
0.921059
0.922273
0.923477
0.924673
0.925859
0.927036
0.928204
0.929363
0.930513
0.931653
0.932785
0.933907
0.935020
0.936123
0.937218
0.938303
0.939379
0.940446
0.941503
0.942551
0.943590
0.944619
0.945640
0.946650
0.947652
0.948644
0.949627
0.950600
0.951564
0.952519
0.953464
0.954400
0.955326
0.956243
0.957150
0.958049
0.958937
0.959816
0.960686
0.961546
0.962397
0.963238
0.964070
0.964892
0.965704
0.966508
0.967301
0.968085
0.968860
0.969624
0.970380
0.971126
0.971862
0.972588
0.973305
0.974013
0.974710
0.975399
0.976077
0.976746
0.977405
0.978055
0.978695
0.979325
0.979946
0.980556
0.981158
0.981749
0.982331
0.982903
0.983466
0.984019
0.984562
0.985095
0.985619
0.986133
0.986637
0.987131
0.987616
0.988091
0.988556
0.989011
0.989457
0.989893
0.990319
0.990735
0.991142
0.991539
0.991926
0.992303
0.992670
0.993028
0.993376
0.993714
0.994042
0.994360
0.994669
0.994968
0.995257
0.995536
0.995805
0.996065
0.996314
0.996554
0.996784
0.997004
0.997214
0.997415
0.997606
0.997787
0.997957
0.998119
0.998270
0.998411
0.998543
0.998665
0.998776
0.998878
0.998970
0.999053
0.999125
0.999188
0.999240
0.999283
0.999316
0.999339
0.999352
0.999355
0.999349
0.999333
0.999306
0.999270
0.999224
0.999168
0.999102
0.999027
0.998941
0.998846
0.998740
0.998626
0.998501
0.998366
0.998221
0.998067
0.997903
0.997728
0.997544
0.997351
0.997147
0.996933
0.996710
0.996477
0.996234
0.995981
0.995718
0.995446
0.995163
0.994871
0.994569
0.994257
0.993935
0.993604
0.993263
0.992912
0.992551
0.992180
0.991800
0.991410
0.991010
0.990600
0.990180
0.989751
0.989312
0.988863
0.988405
0.987936
0.987458
0.986970
0.986472
0.985965
0.985448
0.984921
0.984385
0.983838
0.983282
0.982717
0.982141
0.981556
0.980961
0.980357
0.979743
0.979119
0.978486
0.977842
0.977190
0.976527
0.975855
0.975173
0.974482
0.973781
0.973071
0.972351
0.971621
0.970882
0.970133
0.969374
0.968606
0.967829
0.967042
0.966245
0.965439
0.964623
0.963798
0.962963
0.962119
0.961265
0.960402
0.959529
0.958647
0.957755
0.956854
0.955943
0.955023
0.954094
0.953155
0.952207
0.951249
0.950282
0.949305
0.948319
0.947324
0.946320
0.945306
0.944283
0.943250
0.942208
0.941157
0.940097
0.939027
0.937948
0.936860
0.935762
0.934656
0.933540
0.932414
0.931280
0.930137
0.928984
0.927822
0.926651
0.925471
0.924281
0.923083
0.921875
0.920659
0.919433
0.918198
0.916954
0.915701
0.914439
0.913168
0.911888
0.910599
0.909301
0.907994
0.906678
0.905354
0.904020
0.902677
0.901325
0.899965
0.898595
0.897217
0.895830
0.894434
0.893029
0.891616
0.890193
0.888762
0.887322
0.885873
0.884416
0.882949
0.881474
0.879991
0.878498
0.876997
0.875488
0.873969
0.872443
0.870907
0.869363
0.867810
0.866249
0.864679
0.863101
0.861514
0.859919
0.858315
0.856702
0.855082
0.853452
0.851815
0.850169
0.848514
0.846851
0.845180
0.843501
0.841813
0.840117
0.838412
0.836700
0.834979
0.833249
0.831512
0.829766
0.828012
0.826250
0.824480
0.822702
0.820916
0.819121
0.817318
0.815508
0.813689
0.811862
0.810027
0.808185
0.806334
0.804475
0.802609
0.800734
0.798852
0.796961
0.795063
0.793157
0.791243
0.789321
0.787392
0.785455
0.783510
0.781557
0.779596
0.777628
0.775652
0.773669
0.771678
0.769679
0.767673
0.765659
0.763637
0.761608
0.759572
0.757528
0.755476
0.753417
0.751351
0.749277
0.747196
0.745108
0.743012
0.740908
0.738798
0.736680
0.734555
0.732423
0.730283
0.728136
0.725982
0.723821
0.721653
0.719477
0.717295
0.715105
0.712908
0.710705
0.708494
0.706276
0.704052
0.701820
0.699581
0.697336
0.695084
0.692824
0.690558
0.688286
0.686006
0.683719
0.681426
0.679126
0.676820
0.674507
0.672187
0.669860
0.667527
0.665187
0.662841
0.660488
0.658129
0.655763
0.653390
0.651012
0.648626
0.646235
0.643837
0.641433
0.639022
0.636605
0.634182
0.631752
0.629316
0.626874
0.624426
0.621972
0.619511
0.617045
0.614572
0.612093
0.609609
0.607118
0.604621
0.602118
0.599610
0.597095
0.594575
0.592048
0.589516
0.586978
0.584434
0.581885
0.579329
0.576768
0.574201
0.571629
0.569051
0.566467
0.563878
0.561283
0.558683
0.556077
0.553466
0.550849
0.548227
0.545599
0.542966
0.540328
0.537684
0.535035
0.532380
0.529721
0.527056
0.524386
0.521711
0.519031
0.516345
0.513655
0.510959
0.508258
0.505553
0.502842
0.500126
0.497406
0.494680
0.491950
0.489215
0.486475
0.483730
0.480980
0.478226
0.475467
0.472703
0.469935
0.467162
0.464384
0.461602
0.458815
0.456024
0.453228
0.450428
0.447623
0.444814
0.442000
0.439182
0.436360
0.433533
0.430703
0.427867
0.425028
0.422185
0.419337
0.416485
0.413629
0.410769
0.407905
0.405037
0.402165
0.399289
0.396409
0.393525
0.390637
0.387746
0.384850
0.381951
0.379048
0.376141
0.373231
0.370317
0.367399
0.364477
0.361552
0.358624
0.355692
0.352756
0.349817
0.346874
0.343928
0.340979
0.338026
0.335070
0.332111
0.329148
0.326182
0.323213
0.320241
0.317265
0.314287
0.311305
0.308320
0.305332
0.302341
0.299348
0.296351
0.293351
0.290349
0.287343
0.284335
0.281324
0.278310
0.275293
0.272274
0.269252
0.266227
0.263200
0.260170
0.257138
0.254103
0.251065
0.248025
0.244983
0.241938
0.238891
0.235841
0.232789
0.229735
0.226678
0.223620
0.220559
0.217496
0.214430
0.211363
0.208293
0.205222
0.202148
0.199073
0.195995
0.192916
0.189835
0.186752
0.183666
0.180580
0.177491
0.174401
0.171309
0.168215
0.165119
0.162022
0.158924
0.155823
0.152722
0.149618
0.146514
0.143407
0.140300
0.137191
0.134080
0.130969
0.127856
0.124741
0.121626
0.118509
0.115392
0.112273
0.109153
0.106031
0.102909
0.099786
0.096662
0.093537
0.090411
0.087284
0.084156
0.081027
0.077898
0.074768
0.071637
0.068505
0.065373
0.062240
0.059106
0.055972
0.052837
0.049702
0.046566
0.043430
0.040293
0.037156
0.034019
0.030881
0.027743
0.024605
0.021466
0.018328
0.015189
0.012050
0.008910
0.005771
0.002632
-0.000507
-0.003647
-0.006786
-0.009925
-0.013065
-0.016204
-0.019342
-0.022481
-0.025620
-0.028758
-0.031896
-0.035033
-0.038170
-0.041307
-0.044444
-0.047580
-0.050715
-0.053850
-0.056985
-0.060119
-0.063252
-0.066385
-0.069517
-0.072648
-0.075779
-0.078909
-0.082038
-0.085166
-0.088294
-0.091420
-0.094546
-0.097671
-0.100795
-0.103918
-0.107039
-0.110160
-0.113280
-0.116398
-0.119516
-0.122632
-0.125747
-0.128861
-0.131973
-0.135084
-0.138194
-0.141303
-0.144410
-0.147515
-0.150619
-0.153722
-0.156823
-0.159923
-0.163021
-0.166118
-0.169212
-0.172305
-0.175397
-0.178487
-0.181575
-0.184661
-0.187745
-0.190828
-0.193908
-0.196987
-0.200064
-0.203138
-0.206211
-0.209282
-0.212350
-0.215417
-0.218481
-0.221544
-0.224604
-0.227662
-0.230717
-0.233771
-0.236822
-0.239870
-0.242917
-0.245961
-0.249002
-0.252041
-0.255078
-0.258112
-0.261143
-0.264172
-0.267198
-0.270222
-0.273243
-0.276261
-0.279277
-0.282290
-0.285300
-0.288307
-0.291311
-0.294313
-0.297311
-0.300307
-0.303300
-0.306290
-0.309276
-0.312260
-0.315240
-0.318218
-0.321192
-0.324163
-0.327131
-0.330096
-0.333057
-0.336015
-0.338970
-0.341922
-0.344870
-0.347815
-0.350756
-0.353694
-0.356628
-0.359559
-0.362486
-0.365410
-0.368330
-0.371246
-0.374159
-0.377068
-0.379973
-0.382875
-0.385773
-0.388667
-0.391557
-0.394443
-0.397326
-0.400204
-0.403079
-0.405949
-0.408816
-0.411678
-0.414537
-0.417391
-0.420242
-0.423088
-0.425930
-0.428767
-0.431601
-0.434430
-0.437255
-0.440076
-0.442892
-0.445704
-0.448511
-0.451315
-0.454113
-0.456907
-0.459697
-0.462482
-0.465263
-0.468039
-0.470810
-0.473577
-0.476339
-0.479096
-0.481849
-0.484596
-0.487340
-0.490078
-0.492811
-0.495540
-0.498263
-0.500982
-0.503696
-0.506405
-0.509109
-0.511807
-0.514501
-0.517190
-0.519873
-0.522552
-0.525225
-0.527893
-0.530556
-0.533214
-0.535866
-0.538513
-0.541155
-0.543791
-0.546423
-0.549048
-0.551668
-0.554283
-0.556893
-0.559497
-0.562095
-0.564688
-0.567275
-0.569857
-0.572433
-0.575003
-0.577568
-0.580127
-0.582680
-0.585227
-0.587769
-0.590305
-0.592835
-0.595359
-0.597878
-0.600390
-0.602897
-0.605397
-0.607892
-0.610380
-0.612863
-0.615340
-0.617810
-0.620275
-0.622733
-0.625185
-0.627631
-0.630071
-0.632504
-0.634931
-0.637352
-0.639767
-0.642176
-0.644578
-0.646973
-0.649363
-0.651746
-0.654122
-0.656492
-0.658856
-0.661213
-0.663563
-0.665907
-0.668245
-0.670576
-0.672900
-0.675217
-0.677528
-0.679833
-0.682130
-0.684421
-0.686705
-0.688982
-0.691253
-0.693516
-0.695773
-0.698023
-0.700266
-0.702502
-0.704731
-0.706953
-0.709169
-0.711377
-0.713578
-0.715772
-0.717960
-0.720140
-0.722313
-0.724478
-0.726637
-0.728788
-0.730933
-0.733070
-0.735200
-0.737322
-0.739438
-0.741546
-0.743646
-0.745740
-0.747826
-0.749904
-0.751976
-0.754039
-0.756096
-0.758145
-0.760186
-0.762220
-0.764246
-0.766265
-0.768277
-0.770281
-0.772277
-0.774265
-0.776246
-0.778220
-0.780185
-0.782143
-0.784093
-0.786036
-0.787970
-0.789897
-0.791816
-0.793727
-0.795631
-0.797526
-0.799414
-0.801294
-0.803165
-0.805030
-0.806885
-0.808734
-0.810573
-0.812406
-0.814229
-0.816046
-0.817853
-0.819653
-0.821445
-0.823229
-0.825004
-0.826772
-0.828531
-0.830282
-0.832025
-0.833760
-0.835486
-0.837204
-0.838914
-0.840616
-0.842309
-0.843994
-0.845671
-0.847339
-0.848999
-0.850651
-0.852294
-0.853929
-0.855555
-0.857173
-0.858783
-0.860384
-0.861976
-0.863560
-0.865136
-0.866703
-0.868261
-0.869811
-0.871352
-0.872885
-0.874409
-0.875924
-0.877431
-0.878929
-0.880419
-0.881899
-0.883371
-0.884835
-0.886289
-0.887735
-0.889172
-0.890601
-0.892020
-0.893431
-0.894833
-0.896226
-0.897610
-0.898985
-0.900352
-0.901710
-0.903058
-0.904398
-0.905729
-0.907051
-0.908364
-0.909668
-0.910963
-0.912249
-0.913526
-0.914794
-0.916053
-0.917303
-0.918544
-0.919776
-0.920998
-0.922212
-0.923417
-0.924612
-0.925799
-0.926976
-0.928144
-0.929303
-0.930452
-0.931593
-0.932724
-0.933847
-0.934959
-0.936063
-0.937158
-0.938243
-0.939319
-0.940386
-0.941443
-0.942491
-0.943530
-0.944560
-0.945580
-0.946591
-0.947592
-0.948584
-0.949567
-0.950540
-0.951504
-0.952459
-0.953404
-0.954340
-0.955267
-0.956184
-0.957091
-0.957989
-0.958878
-0.959757
-0.960627
-0.961487
-0.962338
-0.963179
-0.964011
-0.964833
-0.965646
-0.966449
-0.967243
-0.968027
-0.968801
-0.969567
-0.970322
-0.971068
-0.971804
-0.972531
-0.973248
-0.973955
-0.974653
-0.975342
-0.976020
-0.976689
-0.977348
-0.977998
-0.978638
-0.979269
-0.979889
-0.980500
-0.981102
-0.981694
-0.982275
-0.982848
-0.983410
-0.983963
-0.984506
-0.985040
-0.985564
-0.986078
-0.986582
-0.987077
-0.987562
-0.988037
-0.988502
-0.988958
-0.989403
-0.989840
-0.990266
-0.990682
-0.991089
-0.991486
-0.991873
-0.992251
-0.992618
-0.992976
-0.993324
-0.993662
-0.993990
-0.994309
-0.994618
-0.994917
-0.995206
-0.995485
-0.995755
-0.996014
-0.996264
-0.996504
-0.996734
-0.996955
-0.997165
-0.997366
-0.997556
-0.997738
-0.997909
-0.998070
-0.998221
-0.998363
-0.998494
-0.998616
-0.998728
-0.998831
-0.998923
-0.999005
-0.999078
-0.999141
-0.999193
-0.999236
-0.999269
-0.999293
-0.999306
-0.999310
-0.999303
-0.999287
-0.999261
-0.999225
-0.999179
-0.999124
-0.999058
-0.998983
-0.998898
-0.998803
-0.998698
-0.998583
-0.998458
-0.998324
-0.998179
-0.998025
-0.997861
-0.997687
-0.997503
-0.997310
-0.997106
-0.996893
-0.996670
-0.996437
-0.996194
-0.995942
-0.995679
-0.995407
-0.995125
-0.994833
-0.994531
-0.994220
-0.993898
-0.993567
-0.993226
-0.992875
-0.992515
-0.992144
-0.991764
-0.991374
-0.990974
-0.990565
-0.990146
-0.989717
-0.989278
-0.988829
-0.988371
-0.987903
-0.987425
-0.986937
-0.986440
-0.985933
-0.985416
-0.984890
-0.984353
-0.983807
-0.983252
-0.982686
-0.982111
-0.981527
-0.980932
-0.980328
-0.979714
-0.979091
-0.978457
-0.977815
-0.977162
-0.976500
-0.975828
-0.975147
-0.974456
-0.973755
-0.973045
-0.972325
-0.971596
-0.970857
-0.970108
-0.969350
-0.968582
-0.967805
-0.967018
-0.966222
-0.965416
-0.964601
-0.963775
-0.962941
-0.962097
-0.961244
-0.960380
-0.959508
-0.958626
-0.957735
-0.956834
-0.955924
-0.955004
-0.954075
-0.953136
-0.952189
-0.951231
-0.950264
-0.949288
-0.948303
-0.947308
-0.946304
-0.945290
-0.944267
-0.943235
-0.942194
-0.941143
-0.940083
-0.939013
-0.937935
-0.936847
-0.935750
-0.934643
-0.933528
-0.932403
-0.931269
-0.930126
-0.928974
-0.927812
-0.926641
-0.925461
-0.924273
-0.923074
-0.921867
-0.920651
-0.919425
-0.918191
-0.916947
-0.915695
-0.914433
-0.913162
-0.911883
-0.910594
-0.909297
-0.907990
-0.906675
-0.905350
-0.904017
-0.902674
-0.901323
-0.899963
-0.898594
-0.897216
-0.895829
-0.894433
-0.893029
-0.891615
-0.890194
-0.888762
-0.887323
-0.885874
-0.884418
-0.882951
-0.881477
-0.879994
-0.878502
-0.877001
-0.875492
-0.873974
-0.872447
-0.870912
-0.869369
-0.867816
-0.866255
-0.864686
-0.863108
-0.861521
-0.859926
-0.858323
-0.856711
-0.855090
-0.853462
-0.851824
-0.850179
-0.848524
-0.846862
-0.845191
-0.843512
-0.841824
-0.840129
-0.838425
-0.836712
-0.834992
-0.833263
-0.831526
-0.829781
-0.828027
-0.826265
-0.824495
-0.822718
-0.820931
-0.819137
-0.817335
-0.815525
-0.813706
-0.811880
-0.810045
-0.808203
-0.806353
-0.804495
-0.802628
-0.800754
-0.798872
-0.796982
-0.795084
-0.793179
-0.791265
-0.789344
-0.787414
-0.785478
-0.783533
-0.781581
-0.779620
-0.777653
-0.775677
-0.773694
-0.771703
-0.769705
-0.767699
-0.765686
-0.763664
-0.761636
-0.759599
-0.757556
-0.755505
-0.753446
-0.751380
-0.749307
-0.747225
-0.745137
-0.743042
-0.740939
-0.738829
-0.736711
-0.734586
-0.732455
-0.730315
-0.728169
-0.726015
-0.723854
-0.721686
-0.719511
-0.717329
-0.715140
-0.712943
-0.710740
-0.708530
-0.706313
-0.704088
-0.701857
-0.699618
-0.697374
-0.695121
-0.692863
-0.690597
-0.688324
-0.686045
-0.683759
-0.681466
-0.679166
-0.676860
-0.674547
-0.672227
-0.669901
-0.667568
-0.665229
-0.662883
-0.660530
-0.658171
-0.655806
-0.653434
-0.651055
-0.648670
-0.646279
-0.643881
-0.641477
-0.639067
-0.636650
-0.634227
-0.631798
-0.629362
-0.626921
-0.624473
-0.622019
-0.619559
-0.617093
-0.614620
-0.612142
-0.609657
-0.607167
-0.604670
-0.602168
-0.599659
-0.597145
-0.594625
-0.592099
-0.589567
-0.587029
-0.584485
-0.581936
-0.579381
-0.576820
-0.574254
-0.571682
-0.569104
-0.566520
-0.563931
-0.561337
-0.558737
-0.556131
-0.553520
-0.550903
-0.548281
-0.545654
-0.543021
-0.540383
-0.537739
-0.535091
-0.532436
-0.529777
-0.527112
-0.524443
-0.521768
-0.519088
-0.516402
-0.513712
-0.511017
-0.508316
-0.505611
-0.502901
-0.500185
-0.497465
-0.494739
-0.492009
-0.489274
-0.486535
-0.483790
-0.481040
-0.478286
-0.475527
-0.472764
-0.469996
-0.467223
-0.464445
-0.461663
-0.458876
-0.456085
-0.453290
-0.450489
-0.447685
-0.444876
-0.442062
-0.439244
-0.436423
-0.433596
-0.430765
-0.427930
-0.425091
-0.422248
-0.419400
-0.416548
-0.413693
-0.410833
-0.407969
-0.405101
-0.402229
-0.399353
-0.396473
-0.393589
-0.390702
-0.387810
-0.384915
-0.382016
-0.379113
-0.376206
-0.373296
-0.370382
-0.367464
-0.364543
-0.361618
-0.358689
-0.355757
-0.352822
-0.349883
-0.346940
-0.343994
-0.341045
-0.338092
-0.335136
-0.332177
-0.329214
-0.326249
-0.323279
-0.320307
-0.317331
-0.314353
-0.311371
-0.308387
-0.305399
-0.302408
-0.299414
-0.296417
-0.293417
-0.290415
-0.287409
-0.284401
-0.281390
-0.278376
-0.275360
-0.272341
-0.269319
-0.266294
-0.263266
-0.260237
-0.257204
-0.254169
-0.251132
-0.248092
-0.245049
-0.242004
-0.238957
-0.235907
-0.232855
-0.229801
-0.226745
-0.223686
-0.220625
-0.217562
-0.214496
-0.211429
-0.208359
-0.205288
-0.202215
-0.199139
-0.196061
-0.192982
-0.189900
-0.186817
-0.183732
-0.180645
-0.177556
-0.174466
-0.171373
-0.168280
-0.165184
-0.162087
-0.158988
-0.155888
-0.152786
-0.149683
-0.146578
-0.143472
-0.140364
-0.137255
-0.134144
-0.131033
-0.127919
-0.124805
-0.121689
-0.118573
-0.115455
-0.112336
-0.109215
-0.106094
-0.102972
-0.099848
-0.096724
-0.093599
-0.090472
-0.087345
-0.084217
-0.081089
-0.077959
-0.074828
-0.071697
-0.068565
-0.065433
-0.062300
-0.059166
-0.056032
-0.052897
-0.049761
-0.046625
-0.043489
-0.040352
-0.037215
-0.034077
-0.030939
-0.027801
-0.024662
-0.021524
-0.018385
-0.015245
-0.012106
-0.008967
-0.005827
-0.002687
