0.000000
0.001571
0.003142
0.004712
0.006283
0.007854
0.009424
0.010995
0.012565
0.014135
0.015705
0.017275
0.018845
0.020415
0.021984
0.023553
0.025122
0.026691
0.028259
0.029827
0.031395
0.032963
0.034530
0.036097
0.037663
0.039230
0.040795
0.042361
0.043926
0.045490
0.047054
0.048618
0.050181
0.051743
0.053306
0.054867
0.056428
0.057989
0.059549
0.061108
0.062667
0.064225
0.065782
0.067339
0.068895
0.070451
0.072005
0.073559
0.075113
0.076665
0.078217
0.079768
0.081319
0.082868
0.084417
0.085964
0.087511
0.089058
0.090603
0.092147
0.093691
0.095233
0.096775
0.098315
0.099855
0.101394
0.102931
0.104468
0.106003
0.107538
0.109072
0.110604
0.112135
0.113666
0.115195
0.116723
0.118249
0.119775
0.121300
0.122823
0.124345
0.125866
0.127385
0.128904
0.130421
0.131936
0.133451
0.134964
0.136476
0.137986
0.139495
0.141003
0.142510
0.144014
0.145518
0.147020
0.148521
0.150020
0.151518
0.153014
0.154508
0.156002
0.157493
0.158983
0.160472
0.161959
0.163444
0.164928
0.166410
0.167890
0.169369
0.170846
0.172321
0.173795
0.175267
0.176737
0.178206
0.179673
0.181138
0.182601
0.184062
0.185522
0.186979
0.188435
0.189889
0.191342
0.192792
0.194240
0.195687
0.197131
0.198574
0.200014
0.201453
0.202890
0.204324
0.205757
0.207188
0.208616
0.210043
0.211467
0.212889
0.214310
0.215728
0.217144
0.218558
0.219969
0.221379
0.222786
0.224191
0.225594
0.226995
0.228394
0.229790
0.231184
0.232575
0.233965
0.235352
0.236737
0.238119
0.239499
0.240877
0.242252
0.243625
0.244995
0.246363
0.247729
0.249092
0.250453
0.251811
0.253167
0.254521
0.255871
0.257220
0.258565
0.259908
0.261249
0.262587
0.263923
0.265255
0.266586
0.267913
0.269238
0.270560
0.271880
0.273197
0.274511
0.275823
0.277132
0.278438
0.279741
0.281041
0.282339
0.283634
0.284926
0.286216
0.287502
0.288786
0.290067
0.291345
0.292620
0.293892
0.295162
0.296428
0.297692
0.298952
0.300210
0.301465
0.302716
0.303965
0.305211
0.306453
0.307693
0.308930
0.310163
0.311394
0.312621
0.313845
0.315067
0.316285
0.317500
0.318712
0.319921
0.321126
0.322329
0.323528
0.324724
0.325917
0.327106
0.328293
0.329476
0.330656
0.331832
0.333006
0.334176
0.335343
0.336506
0.337666
0.338823
0.339976
0.341127
0.342273
0.343417
0.344557
0.345693
0.346826
0.347956
0.349082
0.350205
0.351325
0.352441
0.353553
0.354662
0.355768
0.356870
0.357968
0.359063
0.360154
0.361242
0.362326
0.363407
0.364484
0.365558
0.366627
0.367694
0.368756
0.369815
0.370871
0.371922
0.372970
0.374015
0.375055
0.376092
0.377125
0.378155
0.379181
0.380203
0.381221
0.382236
0.383246
0.384253
0.385256
0.386256
0.387251
0.388243
0.389231
0.390215
0.391195
0.392172
0.393144
0.394113
0.395077
0.396038
0.396995
0.397948
0.398897
0.399842
0.400783
0.401720
0.402654
0.403583
0.404508
0.405430
0.406347
0.407260
0.408169
0.409075
0.409976
0.410873
0.411766
0.412655
0.413540
0.414421
0.415298
0.416170
0.417039
0.417903
0.418764
0.419620
0.420472
0.421320
0.422164
0.423003
0.423839
0.424670
0.425497
0.426320
0.427138
0.427953
0.428763
0.429569
0.430371
0.431168
0.431961
0.432750
0.433535
0.434316
0.435092
0.435863
0.436631
0.437394
0.438153
0.438908
0.439658
0.440404
0.441145
0.441883
0.442615
0.443344
0.444068
0.444788
0.445503
0.446214
0.446921
0.447623
0.448320
0.449014
0.449702
0.450387
0.451067
0.451742
0.452413
0.453080
0.453742
0.454400
0.455053
0.455701
0.456346
0.456985
0.457620
0.458251
0.458877
0.459499
0.460116
0.460728
0.461336
0.461940
0.462538
0.463133
0.463722
0.464308
0.464888
0.465464
0.466035
0.466602
0.467164
0.467722
0.468275
0.468823
0.469367
0.469906
0.470440
0.470970
0.471495
0.472016
0.472531
0.473043
0.473549
0.474051
0.474548
0.475040
0.475528
0.476011
0.476490
0.476963
0.477432
0.477896
0.478356
0.478811
0.479261
0.479706
0.480147
0.480583
0.481014
0.481440
0.481862
0.482279
0.482691
0.483098
0.483501
0.483898
0.484291
0.484680
0.485063
0.485442
0.485816
0.486185
0.486549
0.486909
0.487263
0.487613
0.487958
0.488299
0.488634
0.488965
0.489290
0.489611
0.489927
0.490239
0.490545
0.490847
0.491144
0.491435
0.491722
0.492005
0.492282
0.492555
0.492822
0.493085
0.493343
0.493596
0.493844
0.494087
0.494326
0.494559
0.494788
0.495012
0.495231
0.495445
0.495654
0.495858
0.496057
0.496252
0.496441
0.496626
0.496806
0.496980
0.497150
0.497315
0.497475
0.497631
0.497781
0.497926
0.498067
0.498202
0.498333
0.498459
0.498579
0.498695
0.498806
0.498912
0.499013
0.499109
0.499201
0.499287
0.499368
0.499445
0.499516
0.499583
0.499645
0.499701
0.499753
0.499800
0.499842
0.499879
0.499911
0.499938
0.499961
0.499978
0.499990
0.499998
0.500000
0.499998
0.499990
0.499978
0.499961
0.499938
0.499911
0.499879
0.499842
0.499800
0.499753
0.499701
0.499645
0.499583
0.499516
0.499445
0.499369
0.499287
0.499201
0.499110
0.499013
0.498912
0.498806
0.498695
0.498580
0.498459
0.498333
0.498202
0.498067
0.497926
0.497781
0.497631
0.497476
0.497315
0.497150
0.496981
0.496806
0.496626
0.496441
0.496252
0.496057
0.495858
0.495654
0.495445
0.495231
0.495012
0.494788
0.494560
0.494326
0.494088
0.493844
0.493596
0.493343
0.493085
0.492822
0.492555
0.492282
0.492005
0.491723
0.491436
0.491144
0.490847
0.490545
0.490239
0.489928
0.489612
0.489291
0.488965
0.488634
0.488299
0.487959
0.487613
0.487264
0.486909
0.486549
0.486185
0.485816
0.485442
0.485063
0.484680
0.484292
0.483899
0.483501
0.483098
0.482691
0.482279
0.481862
0.481440
0.481014
0.480583
0.480147
0.479706
0.479261
0.478811
0.478356
0.477897
0.477433
0.476964
0.476490
0.476012
0.475529
0.475041
0.474548
0.474051
0.473549
0.473043
0.472532
0.472016
0.471496
0.470970
0.470441
0.469906
0.469367
0.468824
0.468275
0.467722
0.467165
0.466603
0.466036
0.465464
0.464889
0.464308
0.463723
0.463133
0.462539
0.461940
0.461337
0.460729
0.460116
0.459499
0.458878
0.458252
0.457621
0.456986
0.456346
0.455702
0.455053
0.454400
0.453743
0.453080
0.452414
0.451743
0.451067
0.450387
0.449703
0.449014
0.448321
0.447623
0.446921
0.446215
0.445504
0.444788
0.444069
0.443345
0.442616
0.441883
0.441146
0.440404
0.439659
0.438908
0.438154
0.437395
0.436632
0.435864
0.435092
0.434316
0.433536
0.432751
0.431962
0.431169
0.430371
0.429570
0.428764
0.427954
0.427139
0.426321
0.425498
0.424671
0.423839
0.423004
0.422164
0.421321
0.420473
0.419621
0.418765
0.417904
0.417040
0.416171
0.415298
0.414422
0.413541
0.412656
0.411767
0.410874
0.409977
0.409075
0.408170
0.407261
0.406348
0.405430
0.404509
0.403584
0.402654
0.401721
0.400784
0.399843
0.398898
0.397949
0.396996
0.396039
0.395078
0.394113
0.393145
0.392172
0.391196
0.390216
0.389232
0.388244
0.387252
0.386257
0.385257
0.384254
0.383247
0.382236
0.381222
0.380204
0.379182
0.378156
0.377126
0.376093
0.375056
0.374016
0.372971
0.371923
0.370872
0.369816
0.368757
0.367695
0.366628
0.365558
0.364485
0.363408
0.362327
0.361243
0.360155
0.359064
0.357969
0.356870
0.355769
0.354663
0.353554
0.352442
0.351326
0.350206
0.349083
0.347957
0.346827
0.345694
0.344558
0.343418
0.342274
0.341128
0.339977
0.338824
0.337667
0.336507
0.335344
0.334177
0.333007
0.331833
0.330657
0.329477
0.328294
0.327107
0.325918
0.324725
0.323529
0.322330
0.321127
0.319922
0.318713
0.317501
0.316286
0.315068
0.313846
0.312622
0.311395
0.310164
0.308931
0.307694
0.306454
0.305212
0.303966
0.302717
0.301466
0.300211
0.298953
0.297693
0.296429
0.295163
0.293893
0.292621
0.291346
0.290068
0.288787
0.287503
0.286217
0.284928
0.283635
0.282340
0.281043
0.279742
0.278439
0.277133
0.275824
0.274512
0.273198
0.271881
0.270562
0.269239
0.267914
0.266587
0.265257
0.263924
0.262588
0.261250
0.259910
0.258566
0.257221
0.255872
0.254522
0.253168
0.251813
0.250454
0.249094
0.247730
0.246365
0.244997
0.243626
0.242253
0.240878
0.239500
0.238120
0.236738
0.235353
0.233966
0.232577
0.231185
0.229791
0.228395
0.226996
0.225596
0.224193
0.222787
0.221380
0.219971
0.218559
0.217145
0.215729
0.214311
0.212891
0.211468
0.210044
0.208617
0.207189
0.205758
0.204326
0.202891
0.201454
0.200016
0.198575
0.197132
0.195688
0.194241
0.192793
0.191343
0.189891
0.188437
0.186981
0.185523
0.184063
0.182602
0.181139
0.179674
0.178207
0.176739
0.175268
0.173796
0.172323
0.170847
0.169370
0.167891
0.166411
0.164929
0.163445
0.161960
0.160473
0.158984
0.157494
0.156003
0.154510
0.153015
0.151519
0.150021
0.148522
0.147021
0.145519
0.144016
0.142511
0.141004
0.139497
0.137988
0.136477
0.134965
0.133452
0.131938
0.130422
0.128905
0.127387
0.125867
0.124346
0.122824
0.121301
0.119776
0.118251
0.116724
0.115196
0.113667
0.112137
0.110605
0.109073
0.107539
0.106005
0.104469
0.102933
0.101395
0.099856
0.098317
0.096776
0.095234
0.093692
0.092148
0.090604
0.089059
0.087513
0.085966
0.084418
0.082869
0.081320
0.079770
0.078218
0.076667
0.075114
0.073561
0.072007
0.070452
0.068896
0.067340
0.065783
0.064226
0.062668
0.061109
0.059550
0.057990
0.056429
0.054868
0.053307
0.051745
0.050182
0.048619
0.047055
0.045491
0.043927
0.042362
0.040797
0.039231
0.037665
0.036098
0.034531
0.032964
0.031397
0.029829
0.028261
0.026692
0.025123
0.023555
0.021985
0.020416
0.018846
0.017277
0.015707
0.014137
0.012566
0.010996
0.009426
0.007855
0.006284
0.004714
0.003143
0.001572
0.000001
-0.001569
-0.003140
-0.004711
-0.006282
-0.007852
-0.009423
-0.010993
-0.012564
-0.014134
-0.015704
-0.017274
-0.018844
-0.020413
-0.021983
-0.023552
-0.025121
-0.026689
-0.028258
-0.029826
-0.031394
-0.032961
-0.034529
-0.036096
-0.037662
-0.039228
-0.040794
-0.042359
-0.043924
-0.045489
-0.047053
-0.048616
-0.050179
-0.051742
-0.053304
-0.054866
-0.056427
-0.057987
-0.059547
-0.061107
-0.062665
-0.064223
-0.065781
-0.067338
-0.068894
-0.070449
-0.072004
-0.073558
-0.075111
-0.076664
-0.078216
-0.079767
-0.081317
-0.082867
-0.084415
-0.085963
-0.087510
-0.089056
-0.090602
-0.092146
-0.093689
-0.095232
-0.096773
-0.098314
-0.099854
-0.101392
-0.102930
-0.104467
-0.106002
-0.107537
-0.109070
-0.110603
-0.112134
-0.113664
-0.115193
-0.116721
-0.118248
-0.119774
-0.121298
-0.122821
-0.124344
-0.125864
-0.127384
-0.128902
-0.130419
-0.131935
-0.133450
-0.134963
-0.136475
-0.137985
-0.139494
-0.141002
-0.142508
-0.144013
-0.145517
-0.147019
-0.148519
-0.150019
-0.151516
-0.153012
-0.154507
-0.156000
-0.157492
-0.158982
-0.160470
-0.161957
-0.163443
-0.164926
-0.166408
-0.167889
-0.169368
-0.170845
-0.172320
-0.173794
-0.175266
-0.176736
-0.178205
-0.179671
-0.181136
-0.182599
-0.184061
-0.185520
-0.186978
-0.188434
-0.189888
-0.191340
-0.192791
-0.194239
-0.195685
-0.197130
-0.198573
-0.200013
-0.201452
-0.202889
-0.204323
-0.205756
-0.207186
-0.208615
-0.210041
-0.211466
-0.212888
-0.214309
-0.215727
-0.217143
-0.218557
-0.219968
-0.221378
-0.222785
-0.224190
-0.225593
-0.226994
-0.228392
-0.229789
-0.231183
-0.232574
-0.233964
-0.235351
-0.236735
-0.238118
-0.239498
-0.240875
-0.242251
-0.243624
-0.244994
-0.246362
-0.247728
-0.249091
-0.250452
-0.251810
-0.253166
-0.254519
-0.255870
-0.257218
-0.258564
-0.259907
-0.261248
-0.262586
-0.263921
-0.265254
-0.266584
-0.267912
-0.269237
-0.270559
-0.271879
-0.273196
-0.274510
-0.275822
-0.277130
-0.278436
-0.279740
-0.281040
-0.282338
-0.283633
-0.284925
-0.286215
-0.287501
-0.288785
-0.290066
-0.291344
-0.292619
-0.293891
-0.295161
-0.296427
-0.297691
-0.298951
-0.300209
-0.301463
-0.302715
-0.303964
-0.305210
-0.306452
-0.307692
-0.308929
-0.310162
-0.311393
-0.312620
-0.313844
-0.315066
-0.316284
-0.317499
-0.318711
-0.319919
-0.321125
-0.322328
-0.323527
-0.324723
-0.325916
-0.327105
-0.328292
-0.329475
-0.330655
-0.331831
-0.333005
-0.334175
-0.335342
-0.336505
-0.337665
-0.338822
-0.339975
-0.341126
-0.342272
-0.343416
-0.344556
-0.345692
-0.346825
-0.347955
-0.349082
-0.350204
-0.351324
-0.352440
-0.353552
-0.354661
-0.355767
-0.356869
-0.357967
-0.359062
-0.360153
-0.361241
-0.362325
-0.363406
-0.364483
-0.365557
-0.366627
-0.367693
-0.368755
-0.369814
-0.370870
-0.371921
-0.372969
-0.374014
-0.375054
-0.376091
-0.377125
-0.378154
-0.379180
-0.380202
-0.381220
-0.382235
-0.383245
-0.384252
-0.385256
-0.386255
-0.387250
-0.388242
-0.389230
-0.390214
-0.391194
-0.392171
-0.393143
-0.394112
-0.395076
-0.396037
-0.396994
-0.397947
-0.398896
-0.399841
-0.400782
-0.401720
-0.402653
-0.403582
-0.404507
-0.405429
-0.406346
-0.407259
-0.408169
-0.409074
-0.409975
-0.410872
-0.411765
-0.412654
-0.413539
-0.414420
-0.415297
-0.416170
-0.417038
-0.417903
-0.418763
-0.419619
-0.420471
-0.421319
-0.422163
-0.423003
-0.423838
-0.424669
-0.425496
-0.426319
-0.427138
-0.427952
-0.428762
-0.429568
-0.430370
-0.431168
-0.431961
-0.432750
-0.433534
-0.434315
-0.435091
-0.435863
-0.436630
-0.437394
-0.438152
-0.438907
-0.439657
-0.440403
-0.441145
-0.441882
-0.442615
-0.443343
-0.444067
-0.444787
-0.445502
-0.446213
-0.446920
-0.447622
-0.448320
-0.449013
-0.449702
-0.450386
-0.451066
-0.451742
-0.452413
-0.453079
-0.453741
-0.454399
-0.455052
-0.455701
-0.456345
-0.456985
-0.457620
-0.458250
-0.458877
-0.459498
-0.460115
-0.460728
-0.461336
-0.461939
-0.462538
-0.463132
-0.463722
-0.464307
-0.464888
-0.465464
-0.466035
-0.466602
-0.467164
-0.467721
-0.468274
-0.468823
-0.469366
-0.469905
-0.470440
-0.470970
-0.471495
-0.472015
-0.472531
-0.473042
-0.473549
-0.474050
-0.474547
-0.475040
-0.475528
-0.476011
-0.476489
-0.476963
-0.477432
-0.477896
-0.478355
-0.478810
-0.479260
-0.479706
-0.480146
-0.480582
-0.481013
-0.481440
-0.481861
-0.482278
-0.482690
-0.483098
-0.483500
-0.483898
-0.484291
-0.484679
-0.485063
-0.485442
-0.485815
-0.486185
-0.486549
-0.486908
-0.487263
-0.487613
-0.487958
-0.488298
-0.488634
-0.488964
-0.489290
-0.489611
-0.489927
-0.490238
-0.490545
-0.490847
-0.491143
-0.491435
-0.491722
-0.492004
-0.492282
-0.492554
-0.492822
-0.493085
-0.493343
-0.493596
-0.493844
-0.494087
-0.494326
-0.494559
-0.494788
-0.495012
-0.495230
-0.495444
-0.495654
-0.495858
-0.496057
-0.496252
-0.496441
-0.496626
-0.496805
-0.496980
-0.497150
-0.497315
-0.497475
-0.497631
-0.497781
-0.497926
-0.498067
-0.498202
-0.498333
-0.498459
-0.498579
-0.498695
-0.498806
-0.498912
-0.499013
-0.499109
-0.499201
-0.499287
-0.499368
-0.499445
-0.499516
-0.499583
-0.499645
-0.499701
-0.499753
-0.499800
-0.499842
-0.499879
-0.499911
-0.499938
-0.499960
-0.499978
-0.499990
-0.499998
-0.500000
-0.499998
-0.499990
-0.499978
-0.499961
-0.499938
-0.499911
-0.499879
-0.499842
-0.499800
-0.499753
-0.499702
-0.499645
-0.499583
-0.499517
-0.499445
-0.499369
-0.499287
-0.499201
-0.499110
-0.499013
-0.498912
-0.498806
-0.498695
-0.498580
-0.498459
-0.498333
-0.498203
-0.498067
-0.497927
-0.497781
-0.497631
-0.497476
-0.497316
-0.497151
-0.496981
-0.496806
-0.496626
-0.496442
-0.496252
-0.496058
-0.495858
-0.495654
-0.495445
-0.495231
-0.495012
-0.494788
-0.494560
-0.494326
-0.494088
-0.493844
-0.493596
-0.493343
-0.493085
-0.492823
-0.492555
-0.492283
-0.492005
-0.491723
-0.491436
-0.491144
-0.490847
-0.490546
-0.490239
-0.489928
-0.489612
-0.489291
-0.488965
-0.488635
-0.488299
-0.487959
-0.487614
-0.487264
-0.486909
-0.486550
-0.486185
-0.485816
-0.485442
-0.485064
-0.484680
-0.484292
-0.483899
-0.483501
-0.483099
-0.482691
-0.482279
-0.481862
-0.481441
-0.481014
-0.480583
-0.480147
-0.479707
-0.479261
-0.478811
-0.478357
-0.477897
-0.477433
-0.476964
-0.476490
-0.476012
-0.475529
-0.475041
-0.474549
-0.474052
-0.473550
-0.473043
-0.472532
-0.472016
-0.471496
-0.470971
-0.470441
-0.469907
-0.469368
-0.468824
-0.468276
-0.467723
-0.467165
-0.466603
-0.466036
-0.465465
-0.464889
-0.464308
-0.463723
-0.463134
-0.462539
-0.461941
-0.461337
-0.460729
-0.460117
-0.459500
-0.458878
-0.458252
-0.457621
-0.456986
-0.456347
-0.455703
-0.455054
-0.454401
-0.453743
-0.453081
-0.452414
-0.451743
-0.451068
-0.450388
-0.449704
-0.449015
-0.448321
-0.447624
-0.446922
-0.446215
-0.445504
-0.444789
-0.444069
-0.443345
-0.442617
-0.441884
-0.441147
-0.440405
-0.439659
-0.438909
-0.438154
-0.437396
-0.436632
-0.435865
-0.435093
-0.434317
-0.433536
-0.432752
-0.431963
-0.431170
-0.430372
-0.429570
-0.428764
-0.427954
-0.427140
-0.426321
-0.425498
-0.424671
-0.423840
-0.423005
-0.422165
-0.421321
-0.420473
-0.419621
-0.418765
-0.417905
-0.417040
-0.416172
-0.415299
-0.414422
-0.413542
-0.412657
-0.411768
-0.410874
-0.409977
-0.409076
-0.408171
-0.407262
-0.406348
-0.405431
-0.404510
-0.403585
-0.402655
-0.401722
-0.400785
-0.399844
-0.398899
-0.397950
-0.396997
-0.396040
-0.395079
-0.394114
-0.393146
-0.392173
-0.391197
-0.390217
-0.389233
-0.388245
-0.387253
-0.386257
-0.385258
-0.384255
-0.383248
-0.382237
-0.381223
-0.380204
-0.379182
-0.378157
-0.377127
-0.376094
-0.375057
-0.374016
-0.372972
-0.371924
-0.370872
-0.369817
-0.368758
-0.367695
-0.366629
-0.365559
-0.364486
-0.363409
-0.362328
-0.361244
-0.360156
-0.359065
-0.357970
-0.356871
-0.355769
-0.354664
-0.353555
-0.352443
-0.351327
-0.350207
-0.349084
-0.347958
-0.346828
-0.345695
-0.344559
-0.343419
-0.342275
-0.341129
-0.339978
-0.338825
-0.337668
-0.336508
-0.335345
-0.334178
-0.333008
-0.331834
-0.330658
-0.329478
-0.328295
-0.327108
-0.325919
-0.324726
-0.323530
-0.322331
-0.321128
-0.319923
-0.318714
-0.317502
-0.316287
-0.315069
-0.313848
-0.312623
-0.311396
-0.310165
-0.308932
-0.307695
-0.306455
-0.305213
-0.303967
-0.302718
-0.301467
-0.300212
-0.298954
-0.297694
-0.296430
-0.295164
-0.293895
-0.292622
-0.291347
-0.290069
-0.288788
-0.287505
-0.286218
-0.284929
-0.283636
-0.282341
-0.281044
-0.279743
-0.278440
-0.277134
-0.275825
-0.274513
-0.273199
-0.271882
-0.270563
-0.269240
-0.267915
-0.266588
-0.265258
-0.263925
-0.262589
-0.261251
-0.259911
-0.258568
-0.257222
-0.255874
-0.254523
-0.253169
-0.251814
-0.250455
-0.249095
-0.247731
-0.246366
-0.244998
-0.243627
-0.242254
-0.240879
-0.239501
-0.238121
-0.236739
-0.235354
-0.233967
-0.232578
-0.231186
-0.229792
-0.228396
-0.226997
-0.225597
-0.224194
-0.222789
-0.221381
-0.219972
-0.218560
-0.217146
-0.215730
-0.214312
-0.212892
-0.211470
-0.210045
-0.208619
-0.207190
-0.205759
-0.204327
-0.202892
-0.201455
-0.200017
-0.198576
-0.197134
-0.195689
-0.194243
-0.192794
-0.191344
-0.189892
-0.188438
-0.186982
-0.185524
-0.184065
-0.182603
-0.181140
-0.179675
-0.178208
-0.176740
-0.175270
-0.173798
-0.172324
-0.170848
-0.169371
-0.167893
-0.166412
-0.164930
-0.163446
-0.161961
-0.160474
-0.158986
-0.157496
-0.156004
-0.154511
-0.153016
-0.151520
-0.150022
-0.148523
-0.147023
-0.145521
-0.144017
-0.142512
-0.141006
-0.139498
-0.137989
-0.136478
-0.134967
-0.133453
-0.131939
-0.130423
-0.128906
-0.127388
-0.125868
-0.124347
-0.122825
-0.121302
-0.119778
-0.118252
-0.116725
-0.115197
-0.113668
-0.112138
-0.110607
-0.109074
-0.107541
-0.106006
-0.104470
-0.102934
-0.101396
-0.099858
-0.098318
-0.096777
-0.095236
-0.093693
-0.092150
-0.090605
-0.089060
-0.087514
-0.085967
-0.084419
-0.082871
-0.081321
-0.079771
-0.078220
-0.076668
-0.075115
-0.073562
-0.072008
-0.070453
-0.068898
-0.067342
-0.065785
-0.064227
-0.062669
-0.061110
-0.059551
-0.057991
-0.056431
-0.054870
-0.053308
-0.051746
-0.050183
-0.048620
-0.047057
-0.045493
-0.043928
-0.042363
-0.040798
-0.039232
-0.037666
-0.036100
-0.034533
-0.032965
-0.031398
-0.029830
-0.028262
-0.026693
-0.025125
-0.023556
-0.021987
-0.020417
-0.018848
-0.017278
-0.015708
-0.014138
-0.012568
-0.010997
-0.009427
-0.007856
-0.006286
-0.004715
-0.003144
-0.001573
-0.000003
0.001568
0.003139
0.004710
0.006280
0.007851
0.009422
0.010992
0.012562
0.014133
0.015703
0.017273
0.018842
0.020412
0.021981
0.023551
0.025119
0.026688
0.028257
0.029825
0.031393
0.032960
0.034527
0.036094
0.037661
0.039227
0.040793
0.042358
0.043923
0.045487
0.047051
0.048615
0.050178
0.051741
0.053303
0.054864
0.056426
0.057986
0.059546
0.061105
0.062664
0.064222
0.065779
0.067336
0.068892
0.070448
0.072003
0.073557
0.075110
0.076663
0.078215
0.079766
0.081316
0.082865
0.084414
0.085962
0.087509
0.089055
0.090600
0.092145
0.093688
0.095230
0.096772
0.098313
0.099852
0.101391
0.102929
0.104465
0.106001
0.107535
0.109069
0.110601
0.112133
0.113663
0.115192
0.116720
0.118247
0.119772
0.121297
0.122820
0.124342
0.125863
0.127383
0.128901
0.130418
0.131934
0.133448
0.134961
0.136473
0.137984
0.139493
0.141001
0.142507
0.144012
0.145515
0.147018
0.148518
0.150017
0.151515
0.153011
0.154506
0.155999
0.157491
0.158981
0.160469
0.161956
0.163441
0.164925
0.166407
0.167888
0.169366
0.170843
0.172319
0.173793
0.175265
0.176735
0.178203
0.179670
0.181135
0.182598
0.184060
0.185519
0.186977
0.188433
0.189887
0.191339
0.192789
0.194238
0.195684
0.197129
0.198571
0.200012
0.201451
0.202887
0.204322
0.205755
0.207185
0.208614
0.210040
0.211465
0.212887
0.214307
0.215725
0.217141
0.218555
0.219967
0.221377
0.222784
0.224189
0.225592
0.226993
0.228391
0.229787
0.231181
0.232573
0.233962
0.235349
0.236734
0.238117
0.239497
0.240874
0.242250
0.243623
0.244993
0.246361
0.247727
0.249090
0.250451
0.251809
0.253165
0.254518
0.255869
0.257217
0.258563
0.259906
0.261247
0.262585
0.263920
0.265253
0.266583
0.267911
0.269236
0.270558
0.271878
0.273195
0.274509
0.275821
0.277129
0.278435
0.279739
0.281039
0.282337
0.283632
0.284924
0.286214
0.287500
0.288784
0.290065
0.291343
0.292618
0.293890
0.295160
0.296426
0.297690
0.298950
0.300208
0.301462
0.302714
0.303963
0.305209
0.306451
0.307691
0.308927
0.310161
0.311392
0.312619
0.313843
0.315065
0.316283
0.317498
0.318710
0.319918
0.321124
0.322326
0.323526
0.324722
0.325915
0.327104
0.328291
0.329474
0.330654
0.331830
0.333004
0.334174
0.335341
0.336504
0.337664
0.338821
0.339975
0.341125
0.342271
0.343415
0.344555
0.345691
0.346825
0.347954
0.349081
0.350203
0.351323
0.352439
0.353551
0.354660
0.355766
0.356868
0.357966
0.359061
0.360152
0.361240
0.362325
0.363405
0.364482
0.365556
0.366626
0.367692
0.368755
0.369814
0.370869
0.371921
0.372969
0.374013
0.375054
0.376090
0.377124
0.378153
0.379179
0.380201
0.381219
0.382234
0.383245
0.384252
0.385255
0.386254
0.387250
0.388241
0.389229
0.390213
0.391194
0.392170
0.393142
0.394111
0.395076
0.396036
0.396993
0.397946
0.398895
0.399841
0.400782
0.401719
0.402652
0.403581
0.404507
0.405428
0.406345
0.407259
0.408168
0.409073
0.409974
0.410871
0.411765
0.412654
0.413539
0.414419
0.415296
0.416169
0.417038
0.417902
0.418762
0.419619
0.420471
0.421319
0.422162
0.423002
0.423837
0.424669
0.425496
0.426318
0.427137
0.427952
0.428762
0.429568
0.430369
0.431167
0.431960
0.432749
0.433534
0.434314
0.435090
0.435862
0.436630
0.437393
0.438152
0.438906
0.439657
0.440403
0.441144
0.441881
0.442614
0.443343
0.444067
0.444787
0.445502
0.446213
0.446919
0.447621
0.448319
0.449012
0.449701
0.450386
0.451066
0.451741
0.452412
0.453079
0.453741
0.454399
0.455052
0.455700
0.456345
0.456984
0.457619
0.458250
0.458876
0.459498
0.460115
0.460727
0.461335
0.461939
0.462537
0.463132
0.463721
0.464307
0.464887
0.465463
0.466034
0.466601
0.467163
0.467721
0.468274
0.468822
0.469366
0.469905
0.470439
0.470969
0.471494
0.472015
0.472530
0.473042
0.473548
0.474050
0.474547
0.475040
0.475527
0.476010
0.476489
0.476962
0.477431
0.477896
0.478355
0.478810
0.479260
0.479705
0.480146
0.480582
0.481013
0.481439
0.481861
0.482278
0.482690
0.483097
0.483500
0.483898
0.484291
0.484679
0.485063
0.485441
0.485815
0.486184
0.486549
0.486908
0.487263
0.487613
0.487958
0.488298
0.488633
0.488964
0.489290
0.489611
0.489927
0.490238
0.490545
0.490846
0.491143
0.491435
0.491722
0.492004
0.492282
0.492554
0.492822
0.493085
0.493342
0.493595
0.493844
0.494087
0.494325
0.494559
0.494788
0.495011
0.495230
0.495444
0.495653
0.495858
0.496057
0.496251
0.496441
0.496626
0.496805
0.496980
0.497150
0.497315
0.497475
0.497630
0.497781
0.497926
0.498067
0.498202
0.498333
0.498458
0.498579
0.498695
0.498806
0.498912
0.499013
0.499109
0.499201
0.499287
0.499368
0.499445
0.499516
0.499583
0.499645
0.499701
0.499753
0.499800
0.499842
0.499879
0.499911
0.499938
0.499960
0.499978
0.499990
0.499998
0.500000
0.499998
0.499990
0.499978
0.499961
0.499938
0.499911
0.499879
0.499842
0.499800
0.499753
0.499702
0.499645
0.499583
0.499517
0.499445
0.499369
0.499287
0.499201
0.499110
0.499014
0.498912
0.498806
0.498696
0.498580
0.498459
0.498333
0.498203
0.498067
0.497927
0.497781
0.497631
0.497476
0.497316
0.497151
0.496981
0.496806
0.496626
0.496442
0.496252
0.496058
0.495858
0.495654
0.495445
0.495231
0.495012
0.494789
0.494560
0.494326
0.494088
0.493845
0.493597
0.493344
0.493086
0.492823
0.492555
0.492283
0.492005
0.491723
0.491436
0.491144
0.490848
0.490546
0.490239
0.489928
0.489612
0.489291
0.488965
0.488635
0.488299
0.487959
0.487614
0.487264
0.486910
0.486550
0.486186
0.485817
0.485443
0.485064
0.484681
0.484292
0.483899
0.483502
0.483099
0.482692
0.482280
0.481863
0.481441
0.481015
0.480584
0.480148
0.479707
0.479262
0.478812
0.478357
0.477898
0.477433
0.476964
0.476491
0.476012
0.475529
0.475042
0.474549
0.474052
0.473550
0.473044
0.472533
0.472017
0.471496
0.470971
0.470442
0.469907
0.469368
0.468824
0.468276
0.467723
0.467166
0.466604
0.466037
0.465465
0.464890
0.464309
0.463724
0.463134
0.462540
0.461941
0.461338
0.460730
0.460117
0.459500
0.458879
0.458253
0.457622
0.456987
0.456347
0.455703
0.455054
0.454401
0.453744
0.453082
0.452415
0.451744
0.451068
0.450389
0.449704
0.449015
0.448322
0.447624
0.446922
0.446216
0.445505
0.444790
0.444070
0.443346
0.442617
0.441884
0.441147
0.440406
0.439660
0.438910
0.438155
0.437396
0.436633
0.435865
0.435094
0.434318
0.433537
0.432752
0.431963
0.431170
0.430373
0.429571
0.428765
0.427955
0.427141
0.426322
0.425499
0.424672
0.423841
0.423005
0.422166
0.421322
0.420474
0.419622
0.418766
0.417906
0.417041
0.416173
0.415300
0.414423
0.413542
0.412657
0.411768
0.410875
0.409978
0.409077
0.408172
0.407262
0.406349
0.405432
0.404511
0.403585
0.402656
0.401723
0.400786
0.399844
0.398899
0.397950
0.396997
0.396041
0.395080
0.394115
0.393146
0.392174
0.391198
0.390217
0.389233
0.388246
0.387254
0.386258
0.385259
0.384256
0.383249
0.382238
0.381224
0.380205
0.379183
0.378158
0.377128
0.376095
0.375058
0.374017
0.372973
0.371925
0.370873
0.369818
0.368759
0.367696
0.366630
0.365560
0.364487
0.363410
0.362329
0.361245
0.360157
0.359066
0.357971
0.356872
0.355770
0.354665
0.353556
0.352444
0.351328
0.350208
0.349085
0.347959
0.346829
0.345696
0.344560
0.343420
0.342276
0.341129
0.339979
0.338826
0.337669
0.336509
0.335346
0.334179
0.333009
0.331835
0.330659
0.329479
0.328296
0.327109
0.325920
0.324727
0.323531
0.322332
0.321129
0.319924
0.318715
0.317503
0.316288
0.315070
0.313849
0.312624
0.311397
0.310166
0.308933
0.307696
0.306456
0.305214
0.303968
0.302719
0.301468
0.300213
0.298955
0.297695
0.296431
0.295165
0.293896
0.292623
0.291348
0.290070
0.288789
0.287506
0.286219
0.284930
0.283638
0.282343
0.281045
0.279744
0.278441
0.277135
0.275826
0.274515
0.273200
0.271883
0.270564
0.269241
0.267917
0.266589
0.265259
0.263926
0.262591
0.261252
0.259912
0.258569
0.257223
0.255875
0.254524
0.253171
0.251815
0.250457
0.249096
0.247733
0.246367
0.244999
0.243628
0.242255
0.240880
0.239502
0.238122
0.236740
0.235355
0.233968
0.232579
0.231187
0.229793
0.228397
0.226999
0.225598
0.224195
0.222790
0.221383
0.219973
0.218561
0.217147
0.215731
0.214313
0.212893
0.211471
0.210046
0.208620
0.207191
0.205761
0.204328
0.202893
0.201457
0.200018
0.198577
0.197135
0.195690
0.194244
0.192796
0.191345
0.189893
0.188439
0.186983
0.185525
0.184066
0.182604
0.181141
0.179676
0.178210
0.176741
0.175271
0.173799
0.172325
0.170850
0.169373
0.167894
0.166413
0.164931
0.163448
0.161962
0.160475
0.158987
0.157497
0.156005
0.154512
0.153017
0.151521
0.150024
0.148524
0.147024
0.145522
0.144018
0.142513
0.141007
0.139499
0.137990
0.136480
0.134968
0.133455
0.131940
0.130424
0.128907
0.127389
0.125870
0.124349
0.122827
0.121303
0.119779
0.118253
0.116726
0.115198
0.113669
0.112139
0.110608
0.109075
0.107542
0.106007
0.104472
0.102935
0.101397
0.099859
0.098319
0.096779
0.095237
0.093694
0.092151
0.090607
0.089061
0.087515
0.085968
0.084421
0.082872
0.081322
0.079772
0.078221
0.076669
0.075117
0.073563
0.072009
0.070454
0.068899
0.067343
0.065786
0.064229
0.062671
0.061112
0.059552
0.057993
0.056432
0.054871
0.053309
0.051747
0.050185
0.048622
0.047058
0.045494
0.043930
0.042365
0.040799
0.039233
0.037667
0.036101
0.034534
0.032967
0.031399
0.029831
0.028263
0.026695
0.025126
0.023557
0.021988
0.020419
0.018849
0.017279
0.015709
0.014139
0.012569
0.010999
0.009428
0.007858
0.006287
0.004716
0.003146
0.001575
0.000004
-0.001567
-0.003138
-0.004708
-0.006279
-0.007850
-0.009420
-0.010991
-0.012561
-0.014131
-0.015701
-0.017271
-0.018841
-0.020411
-0.021980
-0.023549
-0.025118
-0.026687
-0.028255
-0.029823
-0.031391
-0.032959
-0.034526
-0.036093
-0.037659
-0.039226
-0.040791
-0.042357
-0.043922
-0.045486
-0.047050
-0.048614
-0.050177
-0.051739
-0.053302
-0.054863
-0.056424
-0.057985
-0.059545
-0.061104
-0.062663
-0.064221
-0.065778
-0.067335
-0.068891
-0.070447
-0.072001
-0.073555
-0.075109
-0.076661
-0.078213
-0.079764
-0.081315
-0.082864
-0.084413
-0.085961
-0.087508
-0.089054
-0.090599
-0.092143
-0.093687
-0.095229
-0.096771
-0.098311
-0.099851
-0.101390
-0.102927
-0.104464
-0.106000
-0.107534
-0.109068
-0.110600
-0.112131
-0.113662
-0.115191
-0.116719
-0.118246
-0.119771
-0.121296
-0.122819
-0.124341
-0.125862
-0.127381
-0.128900
-0.130417
-0.131933
-0.133447
-0.134960
-0.136472
-0.137983
-0.139492
-0.140999
-0.142506
-0.144011
-0.145514
-0.147016
-0.148517
-0.150016
-0.151514
-0.153010
-0.154505
-0.155998
-0.157489
-0.158979
-0.160468
-0.161955
-0.163440
-0.164924
-0.166406
-0.167886
-0.169365
-0.170842
-0.172318
-0.173791
-0.175263
-0.176734
-0.178202
-0.179669
-0.181134
-0.182597
-0.184058
-0.185518
-0.186976
-0.188432
-0.189886
-0.191338
-0.192788
-0.194237
-0.195683
-0.197128
-0.198570
-0.200011
-0.201449
-0.202886
-0.204321
-0.205753
-0.207184
-0.208613
-0.210039
-0.211464
-0.212886
-0.214306
-0.215724
-0.217140
-0.218554
-0.219966
-0.221375
-0.222783
-0.224188
-0.225591
-0.226992
-0.228390
-0.229786
-0.231180
-0.232572
-0.233961
-0.235348
-0.236733
-0.238115
-0.239495
-0.240873
-0.242248
-0.243621
-0.244992
-0.246360
-0.247726
-0.249089
-0.250450
-0.251808
-0.253164
-0.254517
-0.255868
-0.257216
-0.258562
-0.259905
-0.261246
-0.262584
-0.263919
-0.265252
-0.266582
-0.267910
-0.269235
-0.270557
-0.271877
-0.273194
-0.274508
-0.275819
-0.277128
-0.278434
-0.279738
-0.281038
-0.282336
-0.283631
-0.284923
-0.286213
-0.287499
-0.288783
-0.290064
-0.291342
-0.292617
-0.293889
-0.295159
-0.296425
-0.297689
-0.298949
-0.300207
-0.301461
-0.302713
-0.303962
-0.305207
-0.306450
-0.307690
-0.308926
-0.310160
-0.311391
-0.312618
-0.313842
-0.315064
-0.316282
-0.317497
-0.318709
-0.319917
-0.321123
-0.322325
-0.323525
-0.324721
-0.325914
-0.327103
-0.328290
-0.329473
-0.330653
-0.331829
-0.333003
-0.334173
-0.335340
-0.336503
-0.337663
-0.338820
-0.339974
-0.341124
-0.342270
-0.343414
-0.344554
-0.345690
-0.346824
-0.347953
-0.349080
-0.350203
-0.351322
-0.352438
-0.353550
-0.354659
-0.355765
-0.356867
-0.357965
-0.359060
-0.360152
-0.361239
-0.362324
-0.363404
-0.364481
-0.365555
-0.366625
-0.367691
-0.368754
-0.369813
-0.370868
-0.371920
-0.372968
-0.374012
-0.375053
-0.376090
-0.377123
-0.378152
-0.379178
-0.380200
-0.381218
-0.382233
-0.383244
-0.384251
-0.385254
-0.386253
-0.387249
-0.388241
-0.389228
-0.390212
-0.391193
-0.392169
-0.393142
-0.394110
-0.395075
-0.396036
-0.396993
-0.397946
-0.398895
-0.399840
-0.400781
-0.401718
-0.402651
-0.403581
-0.404506
-0.405427
-0.406345
-0.407258
-0.408167
-0.409072
-0.409974
-0.410871
-0.411764
-0.412653
-0.413538
-0.414419
-0.415296
-0.416168
-0.417037
-0.417901
-0.418762
-0.419618
-0.420470
-0.421318
-0.422162
-0.423001
-0.423837
-0.424668
-0.425495
-0.426318
-0.427136
-0.427951
-0.428761
-0.429567
-0.430369
-0.431166
-0.431959
-0.432748
-0.433533
-0.434314
-0.435090
-0.435862
-0.436629
-0.437392
-0.438151
-0.438906
-0.439656
-0.440402
-0.441144
-0.441881
-0.442614
-0.443342
-0.444066
-0.444786
-0.445501
-0.446212
-0.446919
-0.447621
-0.448319
-0.449012
-0.449701
-0.450385
-0.451065
-0.451741
-0.452412
-0.453078
-0.453740
-0.454398
-0.455051
-0.455700
-0.456344
-0.456984
-0.457619
-0.458249
-0.458876
-0.459497
-0.460114
-0.460727
-0.461335
-0.461938
-0.462537
-0.463131
-0.463721
-0.464306
-0.464887
-0.465463
-0.466034
-0.466601
-0.467163
-0.467720
-0.468273
-0.468822
-0.469365
-0.469904
-0.470439
-0.470969
-0.471494
-0.472014
-0.472530
-0.473041
-0.473548
-0.474050
-0.474547
-0.475039
-0.475527
-0.476010
-0.476488
-0.476962
-0.477431
-0.477895
-0.478355
-0.478810
-0.479260
-0.479705
-0.480146
-0.480581
-0.481013
-0.481439
-0.481861
-0.482278
-0.482690
-0.483097
-0.483500
-0.483897
-0.484290
-0.484679
-0.485062
-0.485441
-0.485815
-0.486184
-0.486548
-0.486908
-0.487262
-0.487612
-0.487957
-0.488298
-0.488633
-0.488964
-0.489290
-0.489610
-0.489927
-0.490238
-0.490544
-0.490846
-0.491143
-0.491435
-0.491722
-0.492004
-0.492281
-0.492554
-0.492822
-0.493084
-0.493342
-0.493595
-0.493843
-0.494087
-0.494325
-0.494559
-0.494787
-0.495011
-0.495230
-0.495444
-0.495653
-0.495857
-0.496057
-0.496251
-0.496441
-0.496625
-0.496805
-0.496980
-0.497150
-0.497315
-0.497475
-0.497630
-0.497781
-0.497926
-0.498066
-0.498202
-0.498333
-0.498458
-0.498579
-0.498695
-0.498806
-0.498912
-0.499013
-0.499109
-0.499201
-0.499287
-0.499368
-0.499445
-0.499516
-0.499583
-0.499645
-0.499701
-0.499753
-0.499800
-0.499842
-0.499879
-0.499911
-0.499938
-0.499960
-0.499978
-0.499990
-0.499998
-0.500000
-0.499998
-0.499990
-0.499978
-0.499961
-0.499938
-0.499911
-0.499879
-0.499842
-0.499800
-0.499753
-0.499702
-0.499645
-0.499583
-0.499517
-0.499445
-0.499369
-0.499287
-0.499201
-0.499110
-0.499014
-0.498913
-0.498807
-0.498696
-0.498580
-0.498459
-0.498333
-0.498203
-0.498067
-0.497927
-0.497781
-0.497631
-0.497476
-0.497316
-0.497151
-0.496981
-0.496806
-0.496626
-0.496442
-0.496252
-0.496058
-0.495859
-0.495654
-0.495445
-0.495231
-0.495012
-0.494789
-0.494560
-0.494327
-0.494088
-0.493845
-0.493597
-0.493344
-0.493086
-0.492823
-0.492555
-0.492283
-0.492006
-0.491723
-0.491436
-0.491145
-0.490848
-0.490546
-0.490240
-0.489928
-0.489612
-0.489291
-0.488966
-0.488635
-0.488300
-0.487959
-0.487614
-0.487264
-0.486910
-0.486550
-0.486186
-0.485817
-0.485443
-0.485064
-0.484681
-0.484293
-0.483900
-0.483502
-0.483099
-0.482692
-0.482280
-0.481863
-0.481441
-0.481015
-0.480584
-0.480148
-0.479708
-0.479262
-0.478812
-0.478357
-0.477898
-0.477434
-0.476965
-0.476491
-0.476013
-0.475530
-0.475042
-0.474550
-0.474052
-0.473551
-0.473044
-0.472533
-0.472017
-0.471497
-0.470972
-0.470442
-0.469908
-0.469369
-0.468825
-0.468277
-0.467724
-0.467166
-0.466604
-0.466037
-0.465466
-0.464890
-0.464309
-0.463724
-0.463135
-0.462540
-0.461942
-0.461338
-0.460730
-0.460118
-0.459501
-0.458879
-0.458253
-0.457623
-0.456987
-0.456348
-0.455704
-0.455055
-0.454402
-0.453744
-0.453082
-0.452416
-0.451745
-0.451069
-0.450389
-0.449705
-0.449016
-0.448323
-0.447625
-0.446923
-0.446216
-0.445505
-0.444790
-0.444070
-0.443346
-0.442618
-0.441885
-0.441148
-0.440406
-0.439660
-0.438910
-0.438156
-0.437397
-0.436634
-0.435866
-0.435094
-0.434318
-0.433538
-0.432753
-0.431964
-0.431171
-0.430373
-0.429572
-0.428766
-0.427956
-0.427141
-0.426323
-0.425500
-0.424673
-0.423842
-0.423006
-0.422167
-0.421323
-0.420475
-0.419623
-0.418767
-0.417906
-0.417042
-0.416173
-0.415301
-0.414424
-0.413543
-0.412658
-0.411769
-0.410876
-0.409979
-0.409078
-0.408172
-0.407263
-0.406350
-0.405433
-0.404511
-0.403586
-0.402657
-0.401724
-0.400786
-0.399845
-0.398900
-0.397951
-0.396998
-0.396041
-0.395081
-0.394116
-0.393147
-0.392175
-0.391198
-0.390218
-0.389234
-0.388246
-0.387255
-0.386259
-0.385260
-0.384257
-0.383250
-0.382239
-0.381224
-0.380206
-0.379184
-0.378158
-0.377129
-0.376096
-0.375059
-0.374018
-0.372974
-0.371926
-0.370874
-0.369819
-0.368760
-0.367697
-0.366631
-0.365561
-0.364488
-0.363411
-0.362330
-0.361246
-0.360158
-0.359067
-0.357972
-0.356873
-0.355771
-0.354666
-0.353557
-0.352444
-0.351329
-0.350209
-0.349086
-0.347960
-0.346830
-0.345697
-0.344561
-0.343421
-0.342277
-0.341130
-0.339980
-0.338827
-0.337670
-0.336510
-0.335346
-0.334180
-0.333010
-0.331836
-0.330660
-0.329480
-0.328297
-0.327110
-0.325921
-0.324728
-0.323532
-0.322333
-0.321130
-0.319925
-0.318716
-0.317504
-0.316289
-0.315071
-0.313850
-0.312625
-0.311398
-0.310167
-0.308934
-0.307697
-0.306458
-0.305215
-0.303969
-0.302720
-0.301469
-0.300214
-0.298957
-0.297696
-0.296432
-0.295166
-0.293897
-0.292624
-0.291349
-0.290071
-0.288790
-0.287507
-0.286220
-0.284931
-0.283639
-0.282344
-0.281046
-0.279745
-0.278442
-0.277136
-0.275827
-0.274516
-0.273201
-0.271884
-0.270565
-0.269243
-0.267918
-0.266590
-0.265260
-0.263927
-0.262592
-0.261254
-0.259913
-0.258570
-0.257224
-0.255876
-0.254525
-0.253172
-0.251816
-0.250458
-0.249097
-0.247734
-0.246368
-0.245000
-0.243630
-0.242257
-0.240881
-0.239504
-0.238124
-0.236741
-0.235356
-0.233969
-0.232580
-0.231188
-0.229794
-0.228398
-0.227000
-0.225599
-0.224196
-0.222791
-0.221384
-0.219974
-0.218562
-0.217149
-0.215733
-0.214315
-0.212894
-0.211472
-0.210048
-0.208621
-0.207192
-0.205762
-0.204329
-0.202895
-0.201458
-0.200019
-0.198579
-0.197136
-0.195692
-0.194245
-0.192797
-0.191346
-0.189894
-0.188440
-0.186984
-0.185527
-0.184067
-0.182606
-0.181142
-0.179678
-0.178211
-0.176742
-0.175272
-0.173800
-0.172326
-0.170851
-0.169374
-0.167895
-0.166415
-0.164933
-0.163449
-0.161964
-0.160477
-0.158988
-0.157498
-0.156007
-0.154513
-0.153019
-0.151523
-0.150025
-0.148526
-0.147025
-0.145523
-0.144020
-0.142515
-0.141008
-0.139501
-0.137991
-0.136481
-0.134969
-0.133456
-0.131942
-0.130426
-0.128909
-0.127390
-0.125871
-0.124350
-0.122828
-0.121305
-0.119780
-0.118255
-0.116728
-0.115200
-0.113671
-0.112140
-0.110609
-0.109077
-0.107543
-0.106009
-0.104473
-0.102936
-0.101399
-0.099860
-0.098320
-0.096780
-0.095238
-0.093696
-0.092152
-0.090608
-0.089063
-0.087517
-0.085970
-0.084422
-0.082873
-0.081324
-0.079773
-0.078222
-0.076671
-0.075118
-0.073565
-0.072011
-0.070456
-0.068900
-0.067344
-0.065787
-0.064230
-0.062672
-0.061113
-0.059554
-0.057994
-0.056433
-0.054872
-0.053311
-0.051749
-0.050186
-0.048623
-0.047059
-0.045495
-0.043931
-0.042366
-0.040801
-0.039235
-0.037669
-0.036102
-0.034535
-0.032968
-0.031401
-0.029833
-0.028265
-0.026696
-0.025127
-0.023559
-0.021989
-0.020420
-0.018850
-0.017281
-0.015711
-0.014141
-0.012570
-0.011000
-0.009430
-0.007859
-0.006288
-0.004718
-0.003147
-0.001576
-0.000005
0.001565
0.003136
0.004707
0.006278
0.007848
0.009419
0.010989
0.012560
0.014130
0.015700
0.017270
0.018840
0.020409
0.021979
0.023548
0.025117
0.026686
0.028254
0.029822
0.031390
0.032957
0.034525
0.036092
0.037658
0.039224
0.040790
0.042355
0.043920
0.045485
0.047049
0.048612
0.050176
0.051738
0.053300
0.054862
0.056423
0.057983
0.059543
0.061103
0.062661
0.064219
0.065777
0.067334
0.068890
0.070445
0.072000
0.073554
0.075107
0.076660
0.078212
0.079763
0.081313
0.082863
0.084411
0.085959
0.087506
0.089052
0.090598
0.092142
0.093685
0.095228
0.096769
0.098310
0.099850
0.101388
0.102926
0.104463
0.105998
0.107533
0.109066
0.110599
0.112130
0.113660
0.115189
0.116717
0.118244
0.119770
0.121294
0.122818
0.124340
0.125861
0.127380
0.128898
0.130416
0.131931
0.133446
0.134959
0.136471
0.137981
0.139490
0.140998
0.142504
0.144009
0.145513
0.147015
0.148516
0.150015
0.151512
0.153009
0.154503
0.155996
0.157488
0.158978
0.160467
0.161954
0.163439
0.164923
0.166405
0.167885
0.169364
0.170841
0.172316
0.173790
0.175262
0.176732
0.178201
0.179668
0.181133
0.182596
0.184057
0.185517
0.186975
0.188430
0.189884
0.191337
0.192787
0.194235
0.195682
0.197126
0.198569
0.200010
0.201448
0.202885
0.204320
0.205752
0.207183
0.208611
0.210038
0.211462
0.212885
0.214305
0.215723
0.217139
0.218553
0.219965
0.221374
0.222782
0.224187
0.225590
0.226990
0.228389
0.229785
0.231179
0.232571
0.233960
0.235347
0.236732
0.238114
0.239494
0.240872
0.242247
0.243620
0.244991
0.246359
0.247725
0.249088
0.250449
0.251807
0.253163
0.254516
0.255867
0.257215
0.258561
0.259904
0.261245
0.262583
0.263918
0.265251
0.266581
0.267909
0.269234
0.270556
0.271876
0.273193
0.274507
0.275818
0.277127
0.278433
0.279737
0.281037
0.282335
0.283630
0.284922
0.286212
0.287498
0.288782
0.290063
0.291341
0.292616
0.293888
0.295157
0.296424
0.297687
0.298948
0.300206
0.301460
0.302712
0.303961
0.305206
0.306449
0.307689
0.308925
0.310159
0.311390
0.312617
0.313841
0.315063
0.316281
0.317496
0.318708
0.319916
0.321122
0.322324
0.323524
0.324720
0.325913
0.327102
0.328289
0.329472
0.330652
0.331828
0.333002
0.334172
0.335339
0.336502
0.337662
0.338819
0.339973
0.341123
0.342269
0.343413
0.344553
0.345689
0.346823
0.347952
0.349079
0.350202
0.351321
0.352437
0.353549
0.354658
0.355764
0.356866
0.357964
0.359059
0.360151
0.361238
0.362323
0.363403
0.364480
0.365554
0.366624
0.367690
0.368753
0.369812
0.370867
0.371919
0.372967
0.374011
0.375052
0.376089
0.377122
0.378151
0.379177
0.380199
0.381218
0.382232
0.383243
0.384250
0.385253
0.386252
0.387248
0.388240
0.389228
0.390212
0.391192
0.392168
0.393141
0.394109
0.395074
0.396035
0.396992
0.397945
0.398894
0.399839
0.400780
0.401717
0.402651
0.403580
0.404505
0.405426
0.406344
0.407257
0.408166
0.409072
0.409973
0.410870
0.411763
0.412652
0.413537
0.414418
0.415295
0.416167
0.417036
0.417901
0.418761
0.419617
0.420469
0.421317
0.422161
0.423000
0.423836
0.424667
0.425494
0.426317
0.427136
0.427950
0.428760
0.429566
0.430368
0.431166
0.431959
0.432748
0.433532
0.434313
0.435089
0.435861
0.436628
0.437392
0.438151
0.438905
0.439655
0.440401
0.441143
0.441880
0.442613
0.443341
0.444066
0.444785
0.445501
0.446212
0.446918
0.447620
0.448318
0.449011
0.449700
0.450385
0.451064
0.451740
0.452411
0.453078
0.453740
0.454397
0.455051
0.455699
0.456343
0.456983
0.457618
0.458249
0.458875
0.459497
0.460114
0.460726
0.461334
0.461938
0.462536
0.463131
0.463720
0.464306
0.464886
0.465462
0.466033
0.466600
0.467162
0.467720
0.468273
0.468821
0.469365
0.469904
0.470438
0.470968
0.471493
0.472014
0.472530
0.473041
0.473547
0.474049
0.474546
0.475039
0.475526
0.476010
0.476488
0.476962
0.477431
0.477895
0.478354
0.478809
0.479259
0.479705
0.480145
0.480581
0.481012
0.481439
0.481860
0.482277
0.482689
0.483097
0.483499
0.483897
0.484290
0.484678
0.485062
0.485441
0.485814
0.486184
0.486548
0.486907
0.487262
0.487612
0.487957
0.488297
0.488633
0.488963
0.489289
0.489610
0.489926
0.490238
0.490544
0.490846
0.491143
0.491434
0.491722
0.492004
0.492281
0.492554
0.492821
0.493084
0.493342
0.493595
0.493843
0.494087
0.494325
0.494559
0.494787
0.495011
0.495230
0.495444
0.495653
0.495857
0.496057
0.496251
0.496441
0.496625
0.496805
0.496980
0.497150
0.497315
0.497475
0.497630
0.497780
0.497926
0.498066
0.498202
0.498332
0.498458
0.498579
0.498695
0.498806
0.498912
0.499013
0.499109
0.499200
0.499287
0.499368
0.499445
0.499516
0.499583
0.499645
0.499701
0.499753
0.499800
0.499842
0.499879
0.499911
0.499938
0.499960
0.499978
0.499990
0.499998
0.500000
0.499998
0.499990
0.499978
0.499961
0.499938
0.499911
0.499879
0.499842
0.499800
0.499753
0.499702
0.499645
0.499583
0.499517
0.499445
0.499369
0.499287
0.499201
0.499110
0.499014
0.498913
0.498807
0.498696
0.498580
0.498459
0.498333
0.498203
0.498067
0.497927
0.497782
0.497631
0.497476
0.497316
0.497151
0.496981
0.496806
0.496627
0.496442
0.496253
0.496058
0.495859
0.495655
0.495446
0.495232
0.495013
0.494789
0.494560
0.494327
0.494088
0.493845
0.493597
0.493344
0.493086
0.492823
0.492556
0.492283
0.492006
0.491724
0.491437
0.491145
0.490848
0.490546
0.490240
0.489929
0.489613
0.489292
0.488966
0.488635
0.488300
0.487960
0.487615
0.487265
0.486910
0.486551
0.486186
0.485817
0.485443
0.485065
0.484681
0.484293
0.483900
0.483502
0.483100
0.482692
0.482280
0.481863
0.481442
0.481015
0.480584
0.480149
0.479708
0.479263
0.478813
0.478358
0.477898
0.477434
0.476965
0.476492
0.476013
0.475530
0.475042
0.474550
0.474053
0.473551
0.473045
0.472534
0.472018
0.471497
0.470972
0.470442
0.469908
0.469369
0.468825
0.468277
0.467724
0.467167
0.466605
0.466038
0.465466
0.464890
0.464310
0.463725
0.463135
0.462541
0.461942
0.461339
0.460731
0.460118
0.459501
0.458880
0.458254
0.457623
0.456988
0.456348
0.455704
0.455056
0.454402
0.453745
0.453083
0.452416
0.451745
0.451070
0.450390
0.449705
0.449016
0.448323
0.447626
0.446923
0.446217
0.445506
0.444791
0.444071
0.443347
0.442619
0.441886
0.441149
0.440407
0.439661
0.438911
0.438156
0.437397
0.436634
0.435867
0.435095
0.434319
0.433538
0.432754
0.431965
0.431172
0.430374
0.429572
0.428767
0.427956
0.427142
0.426323
0.425500
0.424673
0.423842
0.423007
0.422167
0.421324
0.420476
0.419624
0.418767
0.417907
0.417043
0.416174
0.415301
0.414425
0.413544
0.412659
0.411770
0.410877
0.409980
0.409078
0.408173
0.407264
0.406351
0.405433
0.404512
0.403587
0.402658
0.401724
0.400787
0.399846
0.398901
0.397952
0.396999
0.396042
0.395081
0.394117
0.393148
0.392176
0.391199
0.390219
0.389235
0.388247
0.387255
0.386260
0.385261
0.384257
0.383251
0.382240
0.381225
0.380207
0.379185
0.378159
0.377130
0.376097
0.375060
0.374019
0.372975
0.371927
0.370875
0.369820
0.368761
0.367698
0.366632
0.365562
0.364489
0.363412
0.362331
0.361247
0.360159
0.359068
0.357973
0.356874
0.355772
0.354667
0.353558
0.352445
0.351329
0.350210
0.349087
0.347961
0.346831
0.345698
0.344561
0.343422
0.342278
0.341131
0.339981
0.338828
0.337671
0.336511
0.335347
0.334181
0.333011
0.331837
0.330661
0.329481
0.328298
0.327111
0.325922
0.324729
0.323533
0.322334
0.321131
0.319926
0.318717
0.317505
0.316290
0.315072
0.313851
0.312626
0.311399
0.310168
0.308935
0.307698
0.306459
0.305216
0.303970
0.302722
0.301470
0.300215
0.298958
0.297697
0.296434
0.295167
0.293898
0.292626
0.291350
0.290072
0.288792
0.287508
0.286221
0.284932
0.283640
0.282345
0.281047
0.279746
0.278443
0.277137
0.275828
0.274517
0.273203
0.271886
0.270566
0.269244
0.267919
0.266591
0.265261
0.263928
0.262593
0.261255
0.259914
0.258571
0.257225
0.255877
0.254526
0.253173
0.251817
0.250459
0.249098
0.247735
0.246369
0.245001
0.243631
0.242258
0.240882
0.239505
0.238125
0.236742
0.235358
0.233971
0.232581
0.231190
0.229796
0.228399
0.227001
0.225600
0.224197
0.222792
0.221385
0.219975
0.218564
0.217150
0.215734
0.214316
0.212895
0.211473
0.210049
0.208622
0.207194
0.205763
0.204330
0.202896
0.201459
0.200020
0.198580
0.197137
0.195693
0.194246
0.192798
0.191348
0.189896
0.188441
0.186986
0.185528
0.184068
0.182607
0.181144
0.179679
0.178212
0.176743
0.175273
0.173801
0.172328
0.170852
0.169375
0.167896
0.166416
0.164934
0.163450
0.161965
0.160478
0.158989
0.157499
0.156008
0.154515
0.153020
0.151524
0.150026
0.148527
0.147026
0.145524
0.144021
0.142516
0.141010
0.139502
0.137993
0.136482
0.134970
0.133457
0.131943
0.130427
0.128910
0.127392
0.125872
0.124351
0.122829
0.121306
0.119781
0.118256
0.116729
0.115201
0.113672
0.112142
0.110610
0.109078
0.107545
0.106010
0.104474
0.102938
0.101400
0.099861
0.098322
0.096781
0.095240
0.093697
0.092154
0.090609
0.089064
0.087518
0.085971
0.084423
0.082875
0.081325
0.079775
0.078224
0.076672
0.075119
0.073566
0.072012
0.070457
0.068902
0.067346
0.065789
0.064231
0.062673
0.061114
0.059555
0.057995
0.056435
0.054874
0.053312
0.051750
0.050187
0.048624
0.047061
0.045497
0.043932
0.042367
0.040802
0.039236
0.037670
0.036103
0.034537
0.032969
0.031402
0.029834
0.028266
0.026697
0.025129
0.023560
0.021991
0.020421
0.018852
0.017282
0.015712
0.014142
0.012572
0.011001
0.009431
0.007860
0.006290
0.004719
0.003148
0.001577
0.000007
-0.001564
-0.003135
-0.004706
-0.006276
-0.007847
-0.009418
-0.010988
-0.012558
-0.014129
-0.015699
-0.017269
-0.018838
-0.020408
-0.021977
-0.023547
-0.025116
-0.026684
-0.028253
-0.029821
-0.031389
-0.032956
-0.034523
-0.036090
-0.037657
-0.039223
-0.040789
-0.042354
-0.043919
-0.045483
-0.047048
-0.048611
-0.050174
-0.051737
-0.053299
-0.054861
-0.056422
-0.057982
-0.059542
-0.061101
-0.062660
-0.064218
-0.065776
-0.067332
-0.068889
-0.070444
-0.071999
-0.073553
-0.075106
-0.076659
-0.078211
-0.079762
-0.081312
-0.082861
-0.084410
-0.085958
-0.087505
-0.089051
-0.090596
-0.092141
-0.093684
-0.095227
-0.096768
-0.098309
-0.099848
-0.101387
-0.102925
-0.104461
-0.105997
-0.107532
-0.109065
-0.110597
-0.112129
-0.113659
-0.115188
-0.116716
-0.118243
-0.119769
-0.121293
-0.122816
-0.124338
-0.125859
-0.127379
-0.128897
-0.130414
-0.131930
-0.133444
-0.134958
-0.136469
-0.137980
-0.139489
-0.140997
-0.142503
-0.144008
-0.145512
-0.147014
-0.148514
-0.150014
-0.151511
-0.153007
-0.154502
-0.155995
-0.157487
-0.158977
-0.160465
-0.161952
-0.163438
-0.164921
-0.166403
-0.167884
-0.169363
-0.170840
-0.172315
-0.173789
-0.175261
-0.176731
-0.178200
-0.179666
-0.181131
-0.182595
-0.184056
-0.185516
-0.186973
-0.188429
-0.189883
-0.191335
-0.192786
-0.194234
-0.195681
-0.197125
-0.198568
-0.200008
-0.201447
-0.202884
-0.204318
-0.205751
-0.207182
-0.208610
-0.210037
-0.211461
-0.212883
-0.214304
-0.215722
-0.217138
-0.218552
-0.219963
-0.221373
-0.222780
-0.224186
-0.225588
-0.226989
-0.228388
-0.229784
-0.231178
-0.232569
-0.233959
-0.235346
-0.236731
-0.238113
-0.239493
-0.240871
-0.242246
-0.243619
-0.244990
-0.246358
-0.247723
-0.249087
-0.250447
-0.251806
-0.253161
-0.254515
-0.255866
-0.257214
-0.258560
-0.259903
-0.261243
-0.262581
-0.263917
-0.265250
-0.266580
-0.267908
-0.269233
-0.270555
-0.271874
-0.273191
-0.274506
-0.275817
-0.277126
-0.278432
-0.279735
-0.281036
-0.282334
-0.283629
-0.284921
-0.286210
-0.287497
-0.288781
-0.290062
-0.291340
-0.292615
-0.293887
-0.295156
-0.296423
-0.297686
-0.298947
-0.300205
-0.301459
-0.302711
-0.303960
-0.305205
-0.306448
-0.307688
-0.308924
-0.310158
-0.311388
-0.312616
-0.313840
-0.315062
-0.316280
-0.317495
-0.318707
-0.319915
-0.321121
-0.322323
-0.323523
-0.324719
-0.325912
-0.327101
-0.328288
-0.329471
-0.330651
-0.331827
-0.333001
-0.334171
-0.335338
-0.336501
-0.337661
-0.338818
-0.339972
-0.341122
-0.342268
-0.343412
-0.344552
-0.345688
-0.346822
-0.347951
-0.349078
-0.350201
-0.351320
-0.352436
-0.353548
-0.354657
-0.355763
-0.356865
-0.357963
-0.359058
-0.360150
-0.361237
-0.362322
-0.363402
-0.364480
-0.365553
-0.366623
-0.367689
-0.368752
-0.369811
-0.370866
-0.371918
-0.372966
-0.374010
-0.375051
-0.376088
-0.377121
-0.378151
-0.379176
-0.380198
-0.381217
-0.382231
-0.383242
-0.384249
-0.385252
-0.386252
-0.387247
-0.388239
-0.389227
-0.390211
-0.391191
-0.392167
-0.393140
-0.394108
-0.395073
-0.396034
-0.396991
-0.397944
-0.398893
-0.399838
-0.400779
-0.401717
-0.402650
-0.403579
-0.404504
-0.405426
-0.406343
-0.407256
-0.408166
-0.409071
-0.409972
-0.410869
-0.411762
-0.412651
-0.413536
-0.414417
-0.415294
-0.416167
-0.417035
-0.417900
-0.418760
-0.419616
-0.420468
-0.421316
-0.422160
-0.423000
-0.423835
-0.424666
-0.425494
-0.426316
-0.427135
-0.427949
-0.428760
-0.429566
-0.430367
-0.431165
-0.431958
-0.432747
-0.433532
-0.434312
-0.435088
-0.435860
-0.436628
-0.437391
-0.438150
-0.438905
-0.439655
-0.440401
-0.441142
-0.441879
-0.442612
-0.443341
-0.444065
-0.444785
-0.445500
-0.446211
-0.446918
-0.447620
-0.448317
-0.449011
-0.449700
-0.450384
-0.451064
-0.451739
-0.452410
-0.453077
-0.453739
-0.454397
-0.455050
-0.455699
-0.456343
-0.456983
-0.457618
-0.458248
-0.458874
-0.459496
-0.460113
-0.460726
-0.461334
-0.461937
-0.462536
-0.463130
-0.463720
-0.464305
-0.464886
-0.465462
-0.466033
-0.466600
-0.467162
-0.467719
-0.468272
-0.468821
-0.469364
-0.469904
-0.470438
-0.470968
-0.471493
-0.472013
-0.472529
-0.473040
-0.473547
-0.474049
-0.474546
-0.475038
-0.475526
-0.476009
-0.476487
-0.476961
-0.477430
-0.477894
-0.478354
-0.478809
-0.479259
-0.479704
-0.480145
-0.480581
-0.481012
-0.481438
-0.481860
-0.482277
-0.482689
-0.483096
-0.483499
-0.483897
-0.484290
-0.484678
-0.485062
-0.485440
-0.485814
-0.486183
-0.486548
-0.486907
-0.487262
-0.487612
-0.487957
-0.488297
-0.488633
-0.488963
-0.489289
-0.489610
-0.489926
-0.490237
-0.490544
-0.490845
-0.491142
-0.491434
-0.491721
-0.492004
-0.492281
-0.492553
-0.492821
-0.493084
-0.493342
-0.493595
-0.493843
-0.494086
-0.494325
-0.494558
-0.494787
-0.495011
-0.495230
-0.495444
-0.495653
-0.495857
-0.496056
-0.496251
-0.496440
-0.496625
-0.496805
-0.496980
-0.497150
-0.497315
-0.497475
-0.497630
-0.497780
-0.497926
-0.498066
-0.498202
-0.498332
-0.498458
-0.498579
-0.498695
-0.498806
-0.498912
-0.499013
-0.499109
-0.499200
-0.499287
-0.499368
-0.499445
-0.499516
-0.499583
-0.499644
-0.499701
-0.499753
-0.499800
-0.499842
-0.499879
-0.499911
-0.499938
-0.499960
-0.499978
-0.499990
-0.499998
-0.500000
-0.499998
-0.499990
-0.499978
-0.499961
-0.499938
-0.499911
-0.499879
-0.499842
-0.499800
-0.499754
-0.499702
-0.499645
-0.499583
-0.499517
-0.499445
-0.499369
-0.499287
-0.499201
-0.499110
-0.499014
-0.498913
-0.498807
-0.498696
-0.498580
-0.498459
-0.498334
-0.498203
-0.498067
-0.497927
-0.497782
-0.497631
-0.497476
-0.497316
-0.497151
-0.496981
-0.496806
-0.496627
-0.496442
-0.496253
-0.496058
-0.495859
-0.495655
-0.495446
-0.495232
-0.495013
-0.494789
-0.494560
-0.494327
-0.494089
-0.493845
-0.493597
-0.493344
-0.493086
-0.492824
-0.492556
-0.492283
-0.492006
-0.491724
-0.491437
-0.491145
-0.490848
-0.490547
-0.490240
-0.489929
-0.489613
-0.489292
-0.488966
-0.488636
-0.488300
-0.487960
-0.487615
-0.487265
-0.486910
-0.486551
-0.486187
-0.485818
-0.485444
-0.485065
-0.484682
-0.484293
-0.483900
-0.483503
-0.483100
-0.482693
-0.482281
-0.481864
-0.481442
-0.481016
-0.480585
-0.480149
-0.479708
-0.479263
-0.478813
-0.478358
-0.477899
-0.477434
-0.476966
-0.476492
-0.476014
-0.475531
-0.475043
-0.474550
-0.474053
-0.473552
-0.473045
-0.472534
-0.472018
-0.471498
-0.470973
-0.470443
-0.469909
-0.469369
-0.468826
-0.468278
-0.467725
-0.467167
-0.466605
-0.466038
-0.465467
-0.464891
-0.464310
-0.463725
-0.463136
-0.462541
-0.461943
-0.461339
-0.460731
-0.460119
-0.459502
-0.458880
-0.458254
-0.457624
-0.456988
-0.456349
-0.455705
-0.455056
-0.454403
-0.453745
-0.453083
-0.452417
-0.451746
-0.451070
-0.450390
-0.449706
-0.449017
-0.448324
-0.447626
-0.446924
-0.446218
-0.445507
-0.444791
-0.444072
-0.443348
-0.442619
-0.441886
-0.441149
-0.440408
-0.439662
-0.438912
-0.438157
-0.437398
-0.436635
-0.435867
-0.435096
-0.434319
-0.433539
-0.432754
-0.431965
-0.431172
-0.430375
-0.429573
-0.428767
-0.427957
-0.427143
-0.426324
-0.425501
-0.424674
-0.423843
-0.423008
-0.422168
-0.421324
-0.420476
-0.419624
-0.418768
-0.417908
-0.417043
-0.416175
-0.415302
-0.414425
-0.413545
-0.412660
-0.411771
-0.410878
-0.409980
-0.409079
-0.408174
-0.407265
-0.406351
-0.405434
-0.404513
-0.403588
-0.402658
-0.401725
-0.400788
-0.399847
-0.398902
-0.397953
-0.397000
-0.396043
-0.395082
-0.394117
-0.393149
-0.392176
-0.391200
-0.390220
-0.389236
-0.388248
-0.387256
-0.386261
-0.385261
-0.384258
-0.383251
-0.382241
-0.381226
-0.380208
-0.379186
-0.378160
-0.377131
-0.376097
-0.375061
-0.374020
-0.372976
-0.371928
-0.370876
-0.369821
-0.368762
-0.367699
-0.366633
-0.365563
-0.364490
-0.363412
-0.362332
-0.361248
-0.360160
-0.359068
-0.357974
-0.356875
-0.355773
-0.354668
-0.353559
-0.352446
-0.351330
-0.350211
-0.349088
-0.347962
-0.346832
-0.345699
-0.344562
-0.343422
-0.342279
-0.341132
-0.339982
-0.338829
-0.337672
-0.336512
-0.335348
-0.334182
-0.333012
-0.331838
-0.330662
-0.329482
-0.328299
-0.327112
-0.325923
-0.324730
-0.323534
-0.322335
-0.321132
-0.319927
-0.318718
-0.317506
-0.316291
-0.315073
-0.313852
-0.312627
-0.311400
-0.310169
-0.308936
-0.307699
-0.306460
-0.305217
-0.303971
-0.302723
-0.301471
-0.300216
-0.298959
-0.297698
-0.296435
-0.295168
-0.293899
-0.292627
-0.291351
-0.290073
-0.288793
-0.287509
-0.286222
-0.284933
-0.283641
-0.282346
-0.281048
-0.279748
-0.278444
-0.277138
-0.275829
-0.274518
-0.273204
-0.271887
-0.270567
-0.269245
-0.267920
-0.266592
-0.265262
-0.263929
-0.262594
-0.261256
-0.259915
-0.258572
-0.257226
-0.255878
-0.254527
-0.253174
-0.251818
-0.250460
-0.249099
-0.247736
-0.246370
-0.245002
-0.243632
-0.242259
-0.240884
-0.239506
-0.238126
-0.236744
-0.235359
-0.233972
-0.232582
-0.231191
-0.229797
-0.228401
-0.227002
-0.225601
-0.224199
-0.222793
-0.221386
-0.219977
-0.218565
-0.217151
-0.215735
-0.214317
-0.212897
-0.211474
-0.210050
-0.208623
-0.207195
-0.205764
-0.204332
-0.202897
-0.201460
-0.200022
-0.198581
-0.197139
-0.195694
-0.194248
-0.192799
-0.191349
-0.189897
-0.188443
-0.186987
-0.185529
-0.184070
-0.182608
-0.181145
-0.179680
-0.178213
-0.176745
-0.175274
-0.173802
-0.172329
-0.170853
-0.169376
-0.167898
-0.166417
-0.164935
-0.163451
-0.161966
-0.160479
-0.158991
-0.157501
-0.156009
-0.154516
-0.153021
-0.151525
-0.150027
-0.148528
-0.147028
-0.145526
-0.144022
-0.142517
-0.141011
-0.139503
-0.137994
-0.136484
-0.134972
-0.133459
-0.131944
-0.130428
-0.128911
-0.127393
-0.125873
-0.124353
-0.122831
-0.121307
-0.119783
-0.118257
-0.116730
-0.115202
-0.113673
-0.112143
-0.110612
-0.109079
-0.107546
-0.106011
-0.104476
-0.102939
-0.101401
-0.099863
-0.098323
-0.096782
-0.095241
-0.093698
-0.092155
-0.090611
-0.089065
-0.087519
-0.085972
-0.084424
-0.082876
-0.081326
-0.079776
-0.078225
-0.076673
-0.075121
-0.073567
-0.072013
-0.070458
-0.068903
-0.067347
-0.065790
-0.064233
-0.062674
-0.061116
-0.059556
-0.057997
-0.056436
-0.054875
-0.053313
-0.051751
-0.050189
-0.048626
-0.047062
-0.045498
-0.043933
-0.042369
-0.040803
-0.039237
-0.037671
-0.036105
-0.034538
-0.032971
-0.031403
-0.029835
-0.028267
-0.026699
-0.025130
-0.023561
-0.021992
-0.020423
-0.018853
-0.017283
-0.015713
-0.014143
-0.012573
-0.011003
-0.009432
-0.007862
-0.006291
-0.004720
-0.003150
-0.001579
-0.000008
0.001563
0.003134
0.004704
0.006275
0.007846
0.009416
0.010987
0.012557
0.014127
0.015697
0.017267
0.018837
0.020407
0.021976
0.023545
0.025114
0.026683
0.028251
0.029819
0.031387
0.032955
0.034522
0.036089
0.037655
0.039222
0.040787
0.042353
0.043918
0.045482
0.047046
0.048610
0.050173
0.051736
0.053298
0.054859
0.056420
0.057981
0.059541
0.061100
0.062659
0.064217
0.065774
0.067331
0.068887
0.070443
0.071997
0.073552
0.075105
0.076657
0.078209
0.079760
0.081311
0.082860
0.084409
0.085957
0.087504
0.089050
0.090595
0.092139
0.093683
0.095225
0.096767
0.098307
0.099847
0.101386
0.102923
0.104460
0.105996
0.107530
0.109064
0.110596
0.112128
0.113658
0.115187
0.116715
0.118242
0.119767
0.121292
0.122815
0.124337
0.125858
0.127378
0.128896
0.130413
0.131929
0.133443
0.134956
0.136468
0.137979
0.139488
0.140996
0.142502
0.144007
0.145510
0.147012
0.148513
0.150012
0.151510
0.153006
0.154501
0.155994
0.157486
0.158976
0.160464
0.161951
0.163436
0.164920
0.166402
0.167883
0.169361
0.170838
0.172314
0.173788
0.175260
0.176730
0.178198
0.179665
0.181130
0.182593
0.184055
0.185514
0.186972
0.188428
0.189882
0.191334
0.192784
0.194233
0.195679
0.197124
0.198566
0.200007
0.201446
0.202882
0.204317
0.205750
0.207180
0.208609
0.210035
0.211460
0.212882
0.214303
0.215721
0.217137
0.218551
0.219962
0.221372
0.222779
0.224184
0.225587
0.226988
0.228386
0.229783
0.231177
0.232568
0.233958
0.235345
0.236730
0.238112
0.239492
0.240870
0.242245
0.243618
0.244988
0.246357
0.247722
0.249085
0.250446
0.251805
0.253160
0.254514
0.255864
0.257213
0.258558
0.259902
0.261242
0.262580
0.263916
0.265249
0.266579
0.267906
0.269231
0.270554
0.271873
0.273190
0.274505
0.275816
0.277125
0.278431
0.279734
0.281035
0.282333
0.283628
0.284920
0.286209
0.287496
0.288780
0.290061
0.291339
0.292614
0.293886
0.295155
0.296422
0.297685
0.298946
0.300204
0.301458
0.302710
0.303959
0.305204
0.306447
0.307687
0.308923
0.310157
0.311387
0.312615
0.313839
0.315061
0.316279
0.317494
0.318706
0.319914
0.321120
0.322322
0.323522
0.324718
0.325911
0.327100
0.328287
0.329470
0.330650
0.331826
0.333000
0.334170
0.335337
0.336500
0.337660
0.338817
0.339971
0.341121
0.342268
0.343411
0.344551
0.345687
0.346821
0.347950
0.349077
0.350200
0.351319
0.352435
0.353548
0.354657
0.355762
0.356864
0.357962
0.359057
0.360149
0.361237
0.362321
0.363402
0.364479
0.365552
0.366622
0.367688
0.368751
0.369810
0.370865
0.371917
0.372965
0.374009
0.375050
0.376087
0.377120
0.378150
0.379176
0.380198
0.381216
0.382230
0.383241
0.384248
0.385251
0.386251
0.387246
0.388238
0.389226
0.390210
0.391190
0.392167
0.393139
0.394108
0.395072
0.396033
0.396990
0.397943
0.398892
0.399837
0.400778
0.401716
0.402649
0.403578
0.404504
0.405425
0.406342
0.407256
0.408165
0.409070
0.409971
0.410868
0.411762
0.412651
0.413536
0.414416
0.415293
0.416166
0.417035
0.417899
0.418759
0.419616
0.420468
0.421316
0.422159
0.422999
0.423835
0.424666
0.425493
0.426316
0.427134
0.427949
0.428759
0.429565
0.430367
0.431164
0.431957
0.432746
0.433531
0.434312
0.435088
0.435860
0.436627
0.437390
0.438149
0.438904
0.439654
0.440400
0.441142
0.441879
0.442612
0.443340
0.444064
0.444784
0.445499
0.446210
0.446917
0.447619
0.448317
0.449010
0.449699
0.450383
0.451063
0.451739
0.452410
0.453077
0.453739
0.454396
0.455049
0.455698
0.456342
0.456982
0.457617
0.458248
0.458874
0.459496
0.460113
0.460725
0.461333
0.461937
0.462535
0.463130
0.463719
0.464305
0.464885
0.465461
0.466032
0.466599
0.467161
0.467719
0.468272
0.468820
0.469364
0.469903
0.470438
0.470967
0.471492
0.472013
0.472529
0.473040
0.473546
0.474048
0.474545
0.475038
0.475526
0.476009
0.476487
0.476961
0.477430
0.477894
0.478354
0.478808
0.479258
0.479704
0.480144
0.480580
0.481012
0.481438
0.481860
0.482276
0.482689
0.483096
0.483499
0.483896
0.484289
0.484678
0.485061
0.485440
0.485814
0.486183
0.486547
0.486907
0.487262
0.487611
0.487957
0.488297
0.488632
0.488963
0.489289
0.489610
0.489926
0.490237
0.490544
0.490845
0.491142
0.491434
0.491721
0.492003
0.492281
0.492553
0.492821
0.493084
0.493342
0.493595
0.493843
0.494086
0.494325
0.494558
0.494787
0.495011
0.495230
0.495444
0.495653
0.495857
0.496056
0.496251
0.496440
0.496625
0.496805
0.496980
0.497149
0.497315
0.497475
0.497630
0.497780
0.497926
0.498066
0.498202
0.498332
0.498458
0.498579
0.498695
0.498806
0.498912
0.499013
0.499109
0.499200
0.499287
0.499368
0.499445
0.499516
0.499583
0.499644
0.499701
0.499753
0.499800
0.499842
0.499879
0.499911
0.499938
0.499960
0.499978
0.499990
0.499998
0.500000
0.499998
0.499990
0.499978
0.499961
0.499938
0.499911
0.499879
0.499842
0.499800
0.499754
0.499702
0.499645
0.499583
0.499517
0.499445
0.499369
0.499288
0.499201
0.499110
0.499014
0.498913
0.498807
0.498696
0.498580
0.498459
0.498334
0.498203
0.498068
0.497927
0.497782
0.497632
0.497476
0.497316
0.497151
0.496981
0.496807
0.496627
0.496442
0.496253
0.496058
0.495859
0.495655
0.495446
0.495232
0.495013
0.494789
0.494561
0.494327
0.494089
0.493846
0.493597
0.493344
0.493087
0.492824
0.492556
0.492284
0.492006
0.491724
0.491437
0.491145
0.490849
0.490547
0.490241
0.489929
0.489613
0.489292
0.488966
0.488636
0.488301
0.487960
0.487615
0.487265
0.486911
0.486551
0.486187
0.485818
0.485444
0.485065
0.484682
0.484294
0.483901
0.483503
0.483100
0.482693
0.482281
0.481864
0.481443
0.481016
0.480585
0.480149
0.479709
0.479263
0.478813
0.478359
0.477899
0.477435
0.476966
0.476492
0.476014
0.475531
0.475043
0.474551
0.474054
0.473552
0.473046
0.472534
0.472019
0.471498
0.470973
0.470443
0.469909
0.469370
0.468826
0.468278
0.467725
0.467168
0.466605
0.466039
0.465467
0.464891
0.464311
0.463726
0.463136
0.462542
0.461943
0.461340
0.460732
0.460119
0.459502
0.458881
0.458255
0.457624
0.456989
0.456349
0.455705
0.455057
0.454404
0.453746
0.453084
0.452417
0.451746
0.451071
0.450391
0.449706
0.449018
0.448324
0.447627
0.446925
0.446218
0.445507
0.444792
0.444072
0.443348
0.442620
0.441887
0.441150
0.440408
0.439662
0.438912
0.438158
0.437399
0.436636
0.435868
0.435096
0.434320
0.433540
0.432755
0.431966
0.431173
0.430376
0.429574
0.428768
0.427958
0.427143
0.426325
0.425502
0.424675
0.423844
0.423008
0.422169
0.421325
0.420477
0.419625
0.418769
0.417909
0.417044
0.416176
0.415303
0.414426
0.413545
0.412660
0.411771
0.410878
0.409981
0.409080
0.408175
0.407266
0.406352
0.405435
0.404514
0.403588
0.402659
0.401726
0.400789
0.399848
0.398903
0.397954
0.397001
0.396044
0.395083
0.394118
0.393150
0.392177
0.391201
0.390221
0.389237
0.388249
0.387257
0.386262
0.385262
0.384259
0.383252
0.382242
0.381227
0.380209
0.379187
0.378161
0.377132
0.376098
0.375061
0.374021
0.372977
0.371929
0.370877
0.369822
0.368763
0.367700
0.366634
0.365564
0.364490
0.363413
0.362333
0.361249
0.360161
0.359069
0.357974
0.356876
0.355774
0.354669
0.353560
0.352447
0.351331
0.350212
0.349089
0.347963
0.346833
0.345700
0.344563
0.343423
0.342280
0.341133
0.339983
0.338830
0.337673
0.336513
0.335349
0.334183
0.333013
0.331839
0.330663
0.329483
0.328300
0.327113
0.325924
0.324731
0.323535
0.322336
0.321133
0.319928
0.318719
0.317507
0.316292
0.315074
0.313853
0.312628
0.311401
0.310170
0.308937
0.307700
0.306461
0.305218
0.303972
0.302724
0.301472
0.300217
0.298960
0.297699
0.296436
0.295169
0.293900
0.292628
0.291353
0.290075
0.288794
0.287510
0.286223
0.284934
0.283642
0.282347
0.281049
0.279749
0.278445
0.277139
0.275830
0.274519
0.273205
0.271888
0.270568
0.269246
0.267921
0.266593
0.265263
0.263930
0.262595
0.261257
0.259916
0.258573
0.257228
0.255879
0.254529
0.253175
0.251819
0.250461
0.249100
0.247737
0.246372
0.245003
0.243633
0.242260
0.240885
0.239507
0.238127
0.236745
0.235360
0.233973
0.232584
0.231192
0.229798
0.228402
0.227003
0.225603
0.224200
0.222795
0.221387
0.219978
0.218566
0.217152
0.215736
0.214318
0.212898
0.211476
0.210051
0.208625
0.207196
0.205765
0.204333
0.202898
0.201462
0.200023
0.198582
0.197140
0.195695
0.194249
0.192800
0.191350
0.189898
0.188444
0.186988
0.185530
0.184071
0.182609
0.181146
0.179681
0.178214
0.176746
0.175276
0.173804
0.172330
0.170855
0.169378
0.167899
0.166418
0.164936
0.163453
0.161967
0.160480
0.158992
0.157502
0.156010
0.154517
0.153023
0.151526
0.150029
0.148530
0.147029
0.145527
0.144023
0.142518
0.141012
0.139504
0.137995
0.136485
0.134973
0.133460
0.131945
0.130430
0.128913
0.127394
0.125875
0.124354
0.122832
0.121309
0.119784
0.118258
0.116732
0.115204
0.113675
0.112144
0.110613
0.109081
0.107547
0.106013
0.104477
0.102940
0.101403
0.099864
0.098324
0.096784
0.095242
0.093700
0.092156
0.090612
0.089067
0.087521
0.085974
0.084426
0.082877
0.081328
0.079777
0.078226
0.076675
0.075122
0.073569
0.072015
0.070460
0.068904
0.067348
0.065791
0.064234
0.062676
0.061117
0.059558
0.057998
0.056437
0.054876
0.053315
0.051753
0.050190
0.048627
0.047063
0.045499
0.043935
0.042370
0.040805
0.039239
0.037673
0.036106
0.034539
0.032972
0.031405
0.029837
0.028269
0.026700
0.025131
0.023562
0.021993
0.020424
0.018854
0.017285
0.015715
0.014145
0.012574
0.011004
0.009433
0.007863
0.006292
0.004722
0.003151
0.001580
0.000009
-0.001562
-0.003132
-0.004703
-0.006274
-0.007844
-0.009415
-0.010985
-0.012556
-0.014126
-0.015696
-0.017266
-0.018836
-0.020405
-0.021975
-0.023544
-0.025113
-0.026682
-0.028250
-0.029818
-0.031386
-0.032954
-0.034521
-0.036088
-0.037654
-0.039220
-0.040786
-0.042351
-0.043916
-0.045481
-0.047045
-0.048608
-0.050172
-0.051734
-0.053296
-0.054858
-0.056419
-0.057979
-0.059539
-0.061099
-0.062657
-0.064215
-0.065773
-0.067330
-0.068886
-0.070441
-0.071996
-0.073550
-0.075104
-0.076656
-0.078208
-0.079759
-0.081309
-0.082859
-0.084407
-0.085955
-0.087502
-0.089048
-0.090594
-0.092138
-0.093681
-0.095224
-0.096766
-0.098306
-0.099846
-0.101384
-0.102922
-0.104459
-0.105994
-0.107529
-0.109062
-0.110595
-0.112126
-0.113656
-0.115186
-0.116714
-0.118240
-0.119766
-0.121291
-0.122814
-0.124336
-0.125857
-0.127376
-0.128895
-0.130412
-0.131927
-0.133442
-0.134955
-0.136467
-0.137977
-0.139487
-0.140994
-0.142501
-0.144006
-0.145509
-0.147011
-0.148512
-0.150011
-0.151509
-0.153005
-0.154500
-0.155993
-0.157484
-0.158974
-0.160463
-0.161950
-0.163435
-0.164919
-0.166401
-0.167881
-0.169360
-0.170837
-0.172313
-0.173786
-0.175258
-0.176729
-0.178197
-0.179664
-0.181129
-0.182592
-0.184053
-0.185513
-0.186971
-0.188427
-0.189881
-0.191333
-0.192783
-0.194232
-0.195678
-0.197123
-0.198565
-0.200006
-0.201445
-0.202881
-0.204316
-0.205749
-0.207179
-0.208608
-0.210034
-0.211459
-0.212881
-0.214301
-0.215719
-0.217135
-0.218549
-0.219961
-0.221371
-0.222778
-0.224183
-0.225586
-0.226987
-0.228385
-0.229782
-0.231175
-0.232567
-0.233957
-0.235344
-0.236728
-0.238111
-0.239491
-0.240869
-0.242244
-0.243617
-0.244987
-0.246355
-0.247721
-0.249084
-0.250445
-0.251803
-0.253159
-0.254513
-0.255863
-0.257212
-0.258557
-0.259901
-0.261241
-0.262579
-0.263915
-0.265248
-0.266578
-0.267905
-0.269230
-0.270553
-0.271872
-0.273189
-0.274503
-0.275815
-0.277124
-0.278430
-0.279733
-0.281034
-0.282332
-0.283627
-0.284919
-0.286208
-0.287495
-0.288779
-0.290059
-0.291337
-0.292613
-0.293885
-0.295154
-0.296421
-0.297684
-0.298945
-0.300202
-0.301457
-0.302709
-0.303958
-0.305203
-0.306446
-0.307686
-0.308922
-0.310156
-0.311386
-0.312614
-0.313838
-0.315060
-0.316278
-0.317493
-0.318705
-0.319913
-0.321119
-0.322321
-0.323521
-0.324717
-0.325910
-0.327099
-0.328286
-0.329469
-0.330649
-0.331825
-0.332999
-0.334169
-0.335336
-0.336499
-0.337659
-0.338816
-0.339970
-0.341120
-0.342267
-0.343410
-0.344550
-0.345687
-0.346820
-0.347949
-0.349076
-0.350199
-0.351318
-0.352434
-0.353547
-0.354656
-0.355761
-0.356863
-0.357962
-0.359056
-0.360148
-0.361236
-0.362320
-0.363401
-0.364478
-0.365551
-0.366621
-0.367687
-0.368750
-0.369809
-0.370864
-0.371916
-0.372964
-0.374008
-0.375049
-0.376086
-0.377119
-0.378149
-0.379175
-0.380197
-0.381215
-0.382230
-0.383240
-0.384247
-0.385250
-0.386250
-0.387245
-0.388237
-0.389225
-0.390209
-0.391189
-0.392166
-0.393138
-0.394107
-0.395072
-0.396032
-0.396989
-0.397942
-0.398891
-0.399837
-0.400778
-0.401715
-0.402648
-0.403577
-0.404503
-0.405424
-0.406341
-0.407255
-0.408164
-0.409069
-0.409971
-0.410868
-0.411761
-0.412650
-0.413535
-0.414416
-0.415293
-0.416165
-0.417034
-0.417898
-0.418759
-0.419615
-0.420467
-0.421315
-0.422159
-0.422998
-0.423834
-0.424665
-0.425492
-0.426315
-0.427134
-0.427948
-0.428758
-0.429564
-0.430366
-0.431164
-0.431957
-0.432746
-0.433531
-0.434311
-0.435087
-0.435859
-0.436626
-0.437390
-0.438149
-0.438903
-0.439654
-0.440399
-0.441141
-0.441878
-0.442611
-0.443340
-0.444064
-0.444783
-0.445499
-0.446210
-0.446916
-0.447618
-0.448316
-0.449009
-0.449698
-0.450383
-0.451063
-0.451738
-0.452409
-0.453076
-0.453738
-0.454396
-0.455049
-0.455698
-0.456342
-0.456981
-0.457617
-0.458247
-0.458873
-0.459495
-0.460112
-0.460725
-0.461333
-0.461936
-0.462535
-0.463129
-0.463719
-0.464304
-0.464885
-0.465461
-0.466032
-0.466599
-0.467161
-0.467719
-0.468272
-0.468820
-0.469364
-0.469903
-0.470437
-0.470967
-0.471492
-0.472012
-0.472528
-0.473040
-0.473546
-0.474048
-0.474545
-0.475037
-0.475525
-0.476008
-0.476487
-0.476960
-0.477429
-0.477894
-0.478353
-0.478808
-0.479258
-0.479703
-0.480144
-0.480580
-0.481011
-0.481438
-0.481859
-0.482276
-0.482688
-0.483096
-0.483498
-0.483896
-0.484289
-0.484677
-0.485061
-0.485440
-0.485814
-0.486183
-0.486547
-0.486907
-0.487261
-0.487611
-0.487956
-0.488297
-0.488632
-0.488963
-0.489288
-0.489609
-0.489926
-0.490237
-0.490543
-0.490845
-0.491142
-0.491434
-0.491721
-0.492003
-0.492280
-0.492553
-0.492821
-0.493083
-0.493341
-0.493594
-0.493843
-0.494086
-0.494324
-0.494558
-0.494787
-0.495010
-0.495229
-0.495443
-0.495653
-0.495857
-0.496056
-0.496251
-0.496440
-0.496625
-0.496805
-0.496979
-0.497149
-0.497314
-0.497475
-0.497630
-0.497780
-0.497925
-0.498066
-0.498202
-0.498332
-0.498458
-0.498579
-0.498695
-0.498806
-0.498912
-0.499013
-0.499109
-0.499200
-0.499287
-0.499368
-0.499444
-0.499516
-0.499583
-0.499644
-0.499701
-0.499753
-0.499800
-0.499842
-0.499879
-0.499911
-0.499938
-0.499960
-0.499978
-0.499990
-0.499998
-0.500000
-0.499998
-0.499990
-0.499978
-0.499961
-0.499938
-0.499911
-0.499879
-0.499842
-0.499800
-0.499754
-0.499702
-0.499645
-0.499583
-0.499517
-0.499445
-0.499369
-0.499288
-0.499201
-0.499110
-0.499014
-0.498913
-0.498807
-0.498696
-0.498580
-0.498459
-0.498334
-0.498203
-0.498068
-0.497927
-0.497782
-0.497632
-0.497477
-0.497316
-0.497151
-0.496982
-0.496807
-0.496627
-0.496442
-0.496253
-0.496059
-0.495859
-0.495655
-0.495446
-0.495232
-0.495013
-0.494790
-0.494561
-0.494327
-0.494089
-0.493846
-0.493598
-0.493345
-0.493087
-0.492824
-0.492556
-0.492284
-0.492007
-0.491724
-0.491437
-0.491146
-0.490849
-0.490547
-0.490241
-0.489930
-0.489613
-0.489293
-0.488967
-0.488636
-0.488301
-0.487961
-0.487616
-0.487266
-0.486911
-0.486552
-0.486187
-0.485818
-0.485444
-0.485066
-0.484682
-0.484294
-0.483901
-0.483503
-0.483101
-0.482693
-0.482281
-0.481865
-0.481443
-0.481017
-0.480585
-0.480150
-0.479709
-0.479264
-0.478814
-0.478359
-0.477899
-0.477435
-0.476966
-0.476493
-0.476014
-0.475531
-0.475044
-0.474551
-0.474054
-0.473552
-0.473046
-0.472535
-0.472019
-0.471499
-0.470974
-0.470444
-0.469909
-0.469370
-0.468827
-0.468278
-0.467726
-0.467168
-0.466606
-0.466039
-0.465468
-0.464892
-0.464311
-0.463726
-0.463137
-0.462542
-0.461944
-0.461340
-0.460732
-0.460120
-0.459503
-0.458881
-0.458255
-0.457625
-0.456990
-0.456350
-0.455706
-0.455057
-0.454404
-0.453746
-0.453084
-0.452418
-0.451747
-0.451071
-0.450391
-0.449707
-0.449018
-0.448325
-0.447627
-0.446925
-0.446219
-0.445508
-0.444793
-0.444073
-0.443349
-0.442620
-0.441888
-0.441150
-0.440409
-0.439663
-0.438913
-0.438158
-0.437399
-0.436636
-0.435869
-0.435097
-0.434321
-0.433540
-0.432756
-0.431967
-0.431174
-0.430376
-0.429574
-0.428769
-0.427958
-0.427144
-0.426325
-0.425503
-0.424676
-0.423844
-0.423009
-0.422169
-0.421326
-0.420478
-0.419626
-0.418770
-0.417909
-0.417045
-0.416176
-0.415304
-0.414427
-0.413546
-0.412661
-0.411772
-0.410879
-0.409982
-0.409081
-0.408176
-0.407266
-0.406353
-0.405436
-0.404515
-0.403589
-0.402660
-0.401727
-0.400790
-0.399848
-0.398903
-0.397954
-0.397001
-0.396045
-0.395084
-0.394119
-0.393151
-0.392178
-0.391202
-0.390222
-0.389238
-0.388250
-0.387258
-0.386262
-0.385263
-0.384260
-0.383253
-0.382242
-0.381228
-0.380210
-0.379188
-0.378162
-0.377132
-0.376099
-0.375062
-0.374022
-0.372977
-0.371929
-0.370878
-0.369822
-0.368763
-0.367701
-0.366635
-0.365565
-0.364491
-0.363414
-0.362334
-0.361249
-0.360162
-0.359070
-0.357975
-0.356877
-0.355775
-0.354670
-0.353561
-0.352448
-0.351332
-0.350213
-0.349090
-0.347964
-0.346834
-0.345701
-0.344564
-0.343424
-0.342281
-0.341134
-0.339984
-0.338831
-0.337674
-0.336514
-0.335350
-0.334184
-0.333014
-0.331840
-0.330664
-0.329484
-0.328301
-0.327114
-0.325925
-0.324732
-0.323536
-0.322337
-0.321134
-0.319929
-0.318720
-0.317508
-0.316293
-0.315075
-0.313854
-0.312629
-0.311402
-0.310171
-0.308938
-0.307701
-0.306462
-0.305219
-0.303973
-0.302725
-0.301473
-0.300218
-0.298961
-0.297700
-0.296437
-0.295170
-0.293901
-0.292629
-0.291354
-0.290076
-0.288795
-0.287511
-0.286225
-0.284935
-0.283643
-0.282348
-0.281050
-0.279750
-0.278446
-0.277140
-0.275832
-0.274520
-0.273206
-0.271889
-0.270569
-0.269247
-0.267922
-0.266595
-0.265264
-0.263932
-0.262596
-0.261258
-0.259918
-0.258574
-0.257229
-0.255880
-0.254530
-0.253176
-0.251821
-0.250462
-0.249102
-0.247738
-0.246373
-0.245005
-0.243634
-0.242261
-0.240886
-0.239508
-0.238128
-0.236746
-0.235361
-0.233974
-0.232585
-0.231193
-0.229799
-0.228403
-0.227005
-0.225604
-0.224201
-0.222796
-0.221388
-0.219979
-0.218567
-0.217153
-0.215737
-0.214319
-0.212899
-0.211477
-0.210052
-0.208626
-0.207197
-0.205767
-0.204334
-0.202899
-0.201463
-0.200024
-0.198584
-0.197141
-0.195696
-0.194250
-0.192802
-0.191351
-0.189899
-0.188445
-0.186989
-0.185532
-0.184072
-0.182611
-0.181147
-0.179682
-0.178216
-0.176747
-0.175277
-0.173805
-0.172331
-0.170856
-0.169379
-0.167900
-0.166420
-0.164938
-0.163454
-0.161969
-0.160482
-0.158993
-0.157503
-0.156012
-0.154518
-0.153024
-0.151528
-0.150030
-0.148531
-0.147030
-0.145528
-0.144025
-0.142520
-0.141013
-0.139506
-0.137997
-0.136486
-0.134974
-0.133461
-0.131947
-0.130431
-0.128914
-0.127396
-0.125876
-0.124355
-0.122833
-0.121310
-0.119785
-0.118260
-0.116733
-0.115205
-0.113676
-0.112146
-0.110614
-0.109082
-0.107548
-0.106014
-0.104478
-0.102942
-0.101404
-0.099865
-0.098326
-0.096785
-0.095244
-0.093701
-0.092158
-0.090613
-0.089068
-0.087522
-0.085975
-0.084427
-0.082878
-0.081329
-0.079779
-0.078228
-0.076676
-0.075123
-0.073570
-0.072016
-0.070461
-0.068906
-0.067349
-0.065793
-0.064235
-0.062677
-0.061118
-0.059559
-0.057999
-0.056439
-0.054878
-0.053316
-0.051754
-0.050191
-0.048628
-0.047065
-0.045501
-0.043936
-0.042371
-0.040806
-0.039240
-0.037674
-0.036107
-0.034541
-0.032973
-0.031406
-0.029838
-0.028270
-0.026701
-0.025133
-0.023564
-0.021995
-0.020425
-0.018856
-0.017286
-0.015716
-0.014146
-0.012576
-0.011005
-0.009435
-0.007864
-0.006294
-0.004723
-0.003152
-0.001581
-0.000011
0.001560
0.003131
0.004702
0.006272
0.007843
0.009414
0.010984
0.012554
0.014125
0.015695
0.017265
0.018834
0.020404
0.021973
0.023543
0.025112
0.026680
0.028249
0.029817
0.031385
0.032952
0.034519
0.036086
0.037653
0.039219
0.040785
0.042350
0.043915
0.045479
0.047044
0.048607
0.050170
0.051733
0.053295
0.054857
0.056418
0.057978
0.059538
0.061097
0.062656
0.064214
0.065772
0.067328
0.068885
0.070440
0.071995
0.073549
0.075102
0.076655
0.078207
0.079758
0.081308
0.082858
0.084406
0.085954
0.087501
0.089047
0.090592
0.092137
0.093680
0.095223
0.096764
0.098305
0.099845
0.101383
0.102921
0.104457
0.105993
0.107528
0.109061
0.110594
0.112125
0.113655
0.115184
0.116712
0.118239
0.119765
0.121289
0.122812
0.124335
0.125855
0.127375
0.128893
0.130410
0.131926
0.133441
0.134954
0.136466
0.137976
0.139485
0.140993
0.142499
0.144004
0.145508
0.147010
0.148511
0.150010
0.151507
0.153004
0.154498
0.155991
0.157483
0.158973
0.160462
0.161949
0.163434
0.164918
0.166400
0.167880
0.169359
0.170836
0.172311
0.173785
0.175257
0.176727
0.178196
0.179663
0.181128
0.182591
0.184052
0.185512
0.186970
0.188426
0.189880
0.191332
0.192782
0.194230
0.195677
0.197121
0.198564
0.200005
0.201443
0.202880
0.204315
0.205747
0.207178
0.208607
0.210033
0.211458
0.212880
0.214300
0.215718
0.217134
0.218548
0.219960
0.221369
0.222777
0.224182
0.225585
0.226986
0.228384
0.229780
0.231174
0.232566
0.233955
0.235342
0.236727
0.238110
0.239490
0.240867
0.242243
0.243616
0.244986
0.246354
0.247720
0.249083
0.250444
0.251802
0.253158
0.254511
0.255862
0.257210
0.258556
0.259899
0.261240
0.262578
0.263914
0.265246
0.266577
0.267904
0.269229
0.270551
0.271871
0.273188
0.274502
0.275814
0.277123
0.278429
0.279732
0.281033
0.282331
0.283626
0.284918
0.286207
0.287494
0.288777
0.290058
0.291336
0.292612
0.293884
0.295153
0.296420
0.297683
0.298944
0.300201
0.301456
0.302708
0.303957
0.305202
0.306445
0.307685
0.308921
0.310155
0.311385
0.312613
0.313837
0.315058
0.316277
0.317492
0.318704
0.319912
0.321118
0.322320
0.323520
0.324716
0.325909
0.327098
0.328285
0.329468
0.330648
0.331824
0.332998
0.334168
0.335335
0.336498
0.337658
0.338815
0.339969
0.341119
0.342266
0.343409
0.344549
0.345686
0.346819
0.347949
0.349075
0.350198
0.351317
0.352433
0.353546
0.354655
0.355760
0.356862
0.357961
0.359056
0.360147
0.361235
0.362319
0.363400
0.364477
0.365550
0.366620
0.367687
0.368749
0.369808
0.370864
0.371915
0.372963
0.374008
0.375048
0.376085
0.377118
0.378148
0.379174
0.380196
0.381214
0.382229
0.383239
0.384246
0.385250
0.386249
0.387245
0.388236
0.389224
0.390208
0.391189
0.392165
0.393137
0.394106
0.395071
0.396032
0.396989
0.397942
0.398891
0.399836
0.400777
0.401714
0.402647
0.403577
0.404502
0.405423
0.406341
0.407254
0.408163
0.409069
0.409970
0.410867
0.411760
0.412649
0.413534
0.414415
0.415292
0.416165
0.417033
0.417898
0.418758
0.419614
0.420466
0.421314
0.422158
0.422998
0.423833
0.424664
0.425491
0.426314
0.427133
0.427947
0.428758
0.429564
0.430365
0.431163
0.431956
0.432745
0.433530
0.434310
0.435086
0.435858
0.436626
0.437389
0.438148
0.438903
0.439653
0.440399
0.441140
0.441878
0.442611
0.443339
0.444063
0.444783
0.445498
0.446209
0.446916
0.447618
0.448316
0.449009
0.449698
0.450382
0.451062
0.451738
0.452409
0.453075
0.453738
0.454395
0.455048
0.455697
0.456341
0.456981
0.457616
0.458247
0.458873
0.459495
0.460112
0.460724
0.461332
0.461936
0.462534
0.463129
0.463718
0.464304
0.464884
0.465460
0.466032
0.466598
0.467161
0.467718
0.468271
0.468819
0.469363
0.469902
0.470437
0.470966
0.471492
0.472012
0.472528
0.473039
0.473546
0.474047
0.474545
0.475037
0.475525
0.476008
0.476486
0.476960
0.477429
0.477893
0.478353
0.478808
0.479258
0.479703
0.480144
0.480580
0.481011
0.481437
0.481859
0.482276
0.482688
0.483095
0.483498
0.483896
0.484289
0.484677
0.485061
0.485439
0.485813
0.486182
0.486547
0.486906
0.487261
0.487611
0.487956
0.488296
0.488632
0.488962
0.489288
0.489609
0.489925
0.490237
0.490543
0.490845
0.491142
0.491433
0.491721
0.492003
0.492280
0.492553
0.492820
0.493083
0.493341
0.493594
0.493842
0.494086
0.494324
0.494558
0.494786
0.495010
0.495229
0.495443
0.495652
0.495857
0.496056
0.496250
0.496440
0.496625
0.496804
0.496979
0.497149
0.497314
0.497474
0.497630
0.497780
0.497925
0.498066
0.498201
0.498332
0.498458
0.498579
0.498695
0.498805
0.498912
0.499013
0.499109
0.499200
0.499286
0.499368
0.499444
0.499516
0.499583
0.499644
0.499701
0.499753
0.499800
0.499842
0.499879
0.499911
0.499938
0.499960
0.499978
0.499990
0.499997
0.500000
0.499998
0.499990
0.499978
0.499961
0.499938
0.499911
0.499879
0.499842
0.499800
0.499754
0.499702
0.499645
0.499584
0.499517
0.499445
0.499369
0.499288
0.499201
0.499110
0.499014
0.498913
0.498807
0.498696
0.498580
0.498460
0.498334
0.498203
0.498068
0.497927
0.497782
0.497632
0.497477
0.497317
0.497152
0.496982
0.496807
0.496627
0.496443
0.496253
0.496059
0.495859
0.495655
0.495446
0.495232
0.495013
0.494790
0.494561
0.494328
0.494089
0.493846
0.493598
0.493345
0.493087
0.492824
0.492557
0.492284
0.492007
0.491725
0.491438
0.491146
0.490849
0.490547
0.490241
0.489930
0.489614
0.489293
0.488967
0.488636
0.488301
0.487961
0.487616
0.487266
0.486911
0.486552
0.486188
0.485819
0.485445
0.485066
0.484683
0.484294
0.483901
0.483504
0.483101
0.482694
0.482282
0.481865
0.481443
0.481017
0.480586
0.480150
0.479709
0.479264
0.478814
0.478359
0.477900
0.477436
0.476967
0.476493
0.476015
0.475532
0.475044
0.474552
0.474055
0.473553
0.473046
0.472535
0.472019
0.471499
0.470974
0.470444
0.469910
0.469371
0.468827
0.468279
0.467726
0.467169
0.466606
0.466040
0.465468
0.464892
0.464312
0.463727
0.463137
0.462543
0.461944
0.461341
0.460733
0.460120
0.459503
0.458882
0.458256
0.457625
0.456990
0.456350
0.455706
0.455058
0.454405
0.453747
0.453085
0.452418
0.451747
0.451072
0.450392
0.449708
0.449019
0.448326
0.447628
0.446926
0.446219
0.445508
0.444793
0.444074
0.443349
0.442621
0.441888
0.441151
0.440409
0.439664
0.438913
0.438159
0.437400
0.436637
0.435869
0.435098
0.434321
0.433541
0.432756
0.431968
0.431174
0.430377
0.429575
0.428769
0.427959
0.427145
0.426326
0.425503
0.424676
0.423845
0.423010
0.422170
0.421326
0.420479
0.419626
0.418770
0.417910
0.417046
0.416177
0.415304
0.414428
0.413547
0.412662
0.411773
0.410880
0.409983
0.409081
0.408176
0.407267
0.406354
0.405437
0.404515
0.403590
0.402661
0.401728
0.400790
0.399849
0.398904
0.397955
0.397002
0.396045
0.395085
0.394120
0.393151
0.392179
0.391203
0.390222
0.389238
0.388251
0.387259
0.386263
0.385264
0.384261
0.383254
0.382243
0.381229
0.380211
0.379189
0.378163
0.377133
0.376100
0.375063
0.374023
0.372978
0.371930
0.370879
0.369823
0.368764
0.367702
0.366636
0.365566
0.364492
0.363415
0.362335
0.361250
0.360163
0.359071
0.357976
0.356878
0.355776
0.354671
0.353562
0.352449
0.351333
0.350214
0.349091
0.347965
0.346835
0.345702
0.344565
0.343425
0.342282
0.341135
0.339985
0.338832
0.337675
0.336515
0.335351
0.334185
0.333015
0.331841
0.330665
0.329485
0.328302
0.327115
0.325926
0.324733
0.323537
0.322338
0.321135
0.319930
0.318721
0.317509
0.316294
0.315076
0.313855
0.312630
0.311403
0.310173
0.308939
0.307702
0.306463
0.305220
0.303974
0.302726
0.301474
0.300219
0.298962
0.297701
0.296438
0.295171
0.293902
0.292630
0.291355
0.290077
0.288796
0.287512
0.286226
0.284936
0.283644
0.282349
0.281051
0.279751
0.278448
0.277141
0.275833
0.274521
0.273207
0.271890
0.270570
0.269248
0.267923
0.266596
0.265266
0.263933
0.262597
0.261259
0.259919
0.258576
0.257230
0.255882
0.254531
0.253178
0.251822
0.250463
0.249103
0.247740
0.246374
0.245006
0.243635
0.242262
0.240887
0.239509
0.238129
0.236747
0.235362
0.233975
0.232586
0.231194
0.229800
0.228404
0.227006
0.225605
0.224202
0.222797
0.221390
0.219980
0.218568
0.217155
0.215739
0.214321
0.212900
0.211478
0.210054
0.208627
0.207198
0.205768
0.204335
0.202901
0.201464
0.200025
0.198585
0.197142
0.195698
0.194251
0.192803
0.191353
0.189900
0.188446
0.186991
0.185533
0.184073
0.182612
0.181149
0.179684
0.178217
0.176748
0.175278
0.173806
0.172333
0.170857
0.169380
0.167901
0.166421
0.164939
0.163455
0.161970
0.160483
0.158995
0.157504
0.156013
0.154520
0.153025
0.151529
0.150031
0.148532
0.147031
0.145529
0.144026
0.142521
0.141015
0.139507
0.137998
0.136487
0.134976
0.133462
0.131948
0.130432
0.128915
0.127397
0.125877
0.124356
0.122834
0.121311
0.119787
0.118261
0.116734
0.115206
0.113677
0.112147
0.110616
0.109083
0.107550
0.106015
0.104480
0.102943
0.101405
0.099867
0.098327
0.096786
0.095245
0.093702
0.092159
0.090615
0.089069
0.087523
0.085976
0.084428
0.082880
0.081330
0.079780
0.078229
0.076677
0.075125
0.073571
0.072017
0.070462
0.068907
0.067351
0.065794
0.064237
0.062678
0.061120
0.059560
0.058000
0.056440
0.054879
0.053317
0.051755
0.050193
0.048630
0.047066
0.045502
0.043937
0.042373
0.040807
0.039241
0.037675
0.036109
0.034542
0.032975
0.031407
0.029839
0.028271
0.026703
0.025134
0.023565
0.021996
0.020427
0.018857
0.017287
0.015717
0.014147
0.012577
0.011007
0.009436
0.007866
0.006295
0.004724
0.003154
0.001583
0.000012
-0.001559
-0.003130
-0.004700
-0.006271
-0.007842
-0.009412
-0.010983
-0.012553
-0.014123
-0.015693
-0.017263
-0.018833
-0.020403
-0.021972
-0.023541
-0.025110
-0.026679
-0.028247
-0.029815
-0.031383
-0.032951
-0.034518
-0.036085
-0.037651
-0.039218
-0.040783
-0.042349
-0.043914
-0.045478
-0.047042
-0.048606
-0.050169
-0.051732
-0.053294
-0.054855
-0.056416
-0.057977
-0.059537
-0.061096
-0.062655
-0.064213
-0.065770
-0.067327
-0.068883
-0.070439
-0.071994
-0.073548
-0.075101
-0.076654
-0.078205
-0.079756
-0.081307
-0.082856
-0.084405
-0.085953
-0.087500
-0.089046
-0.090591
-0.092135
-0.093679
-0.095221
-0.096763
-0.098304
-0.099843
-0.101382
-0.102920
-0.104456
-0.105992
-0.107526
-0.109060
-0.110592
-0.112124
-0.113654
-0.115183
-0.116711
-0.118238
-0.119763
-0.121288
-0.122811
-0.124333
-0.125854
-0.127374
-0.128892
-0.130409
-0.131925
-0.133439
-0.134953
-0.136464
-0.137975
-0.139484
-0.140992
-0.142498
-0.144003
-0.145507
-0.147009
-0.148509
-0.150008
-0.151506
-0.153002
-0.154497
-0.155990
-0.157482
-0.158972
-0.160460
-0.161947
-0.163433
-0.164916
-0.166398
-0.167879
-0.169358
-0.170835
-0.172310
-0.173784
-0.175256
-0.176726
-0.178195
-0.179661
-0.181126
-0.182590
-0.184051
-0.185511
-0.186968
-0.188424
-0.189878
-0.191331
-0.192781
-0.194229
-0.195676
-0.197120
-0.198563
-0.200003
-0.201442
-0.202879
-0.204313
-0.205746
-0.207177
-0.208605
-0.210032
-0.211456
-0.212879
-0.214299
-0.215717
-0.217133
-0.218547
-0.219959
-0.221368
-0.222776
-0.224181
-0.225584
-0.226984
-0.228383
-0.229779
-0.231173
-0.232565
-0.233954
-0.235341
-0.236726
-0.238108
-0.239488
-0.240866
-0.242242
-0.243614
-0.244985
-0.246353
-0.247719
-0.249082
-0.250443
-0.251801
-0.253157
-0.254510
-0.255861
-0.257209
-0.258555
-0.259898
-0.261239
-0.262577
-0.263912
-0.265245
-0.266576
-0.267903
-0.269228
-0.270550
-0.271870
-0.273187
-0.274501
-0.275813
-0.277122
-0.278428
-0.279731
-0.281032
-0.282329
-0.283624
-0.284917
-0.286206
-0.287493
-0.288776
-0.290057
-0.291335
-0.292610
-0.293883
-0.295152
-0.296419
-0.297682
-0.298943
-0.300200
-0.301455
-0.302707
-0.303955
-0.305201
-0.306444
-0.307684
-0.308920
-0.310154
-0.311384
-0.312612
-0.313836
-0.315057
-0.316276
-0.317491
-0.318703
-0.319911
-0.321117
-0.322319
-0.323519
-0.324715
-0.325908
-0.327097
-0.328284
-0.329467
-0.330647
-0.331823
-0.332997
-0.334167
-0.335334
-0.336497
-0.337657
-0.338814
-0.339968
-0.341118
-0.342265
-0.343408
-0.344548
-0.345685
-0.346818
-0.347948
-0.349074
-0.350197
-0.351316
-0.352432
-0.353545
-0.354654
-0.355759
-0.356861
-0.357960
-0.359055
-0.360146
-0.361234
-0.362318
-0.363399
-0.364476
-0.365549
-0.366619
-0.367686
-0.368748
-0.369807
-0.370863
-0.371914
-0.372962
-0.374007
-0.375047
-0.376084
-0.377118
-0.378147
-0.379173
-0.380195
-0.381213
-0.382228
-0.383239
-0.384246
-0.385249
-0.386248
-0.387244
-0.388235
-0.389223
-0.390208
-0.391188
-0.392164
-0.393137
-0.394105
-0.395070
-0.396031
-0.396988
-0.397941
-0.398890
-0.399835
-0.400776
-0.401713
-0.402647
-0.403576
-0.404501
-0.405423
-0.406340
-0.407253
-0.408162
-0.409068
-0.409969
-0.410866
-0.411759
-0.412648
-0.413533
-0.414414
-0.415291
-0.416164
-0.417032
-0.417897
-0.418757
-0.419614
-0.420466
-0.421314
-0.422157
-0.422997
-0.423832
-0.424664
-0.425491
-0.426314
-0.427132
-0.427947
-0.428757
-0.429563
-0.430365
-0.431162
-0.431955
-0.432744
-0.433529
-0.434310
-0.435086
-0.435858
-0.436625
-0.437388
-0.438147
-0.438902
-0.439652
-0.440398
-0.441140
-0.441877
-0.442610
-0.443338
-0.444063
-0.444782
-0.445498
-0.446209
-0.446915
-0.447617
-0.448315
-0.449008
-0.449697
-0.450382
-0.451062
-0.451737
-0.452408
-0.453075
-0.453737
-0.454395
-0.455048
-0.455697
-0.456341
-0.456980
-0.457616
-0.458246
-0.458872
-0.459494
-0.460111
-0.460724
-0.461332
-0.461935
-0.462534
-0.463128
-0.463718
-0.464303
-0.464884
-0.465460
-0.466031
-0.466598
-0.467160
-0.467718
-0.468271
-0.468819
-0.469363
-0.469902
-0.470436
-0.470966
-0.471491
-0.472012
-0.472527
-0.473039
-0.473545
-0.474047
-0.474544
-0.475037
-0.475524
-0.476007
-0.476486
-0.476960
-0.477429
-0.477893
-0.478352
-0.478807
-0.479257
-0.479703
-0.480143
-0.480579
-0.481010
-0.481437
-0.481859
-0.482275
-0.482688
-0.483095
-0.483498
-0.483895
-0.484288
-0.484677
-0.485060
-0.485439
-0.485813
-0.486182
-0.486546
-0.486906
-0.487261
-0.487611
-0.487956
-0.488296
-0.488631
-0.488962
-0.489288
-0.489609
-0.489925
-0.490236
-0.490543
-0.490844
-0.491141
-0.491433
-0.491720
-0.492003
-0.492280
-0.492553
-0.492820
-0.493083
-0.493341
-0.493594
-0.493842
-0.494086
-0.494324
-0.494558
-0.494786
-0.495010
-0.495229
-0.495443
-0.495652
-0.495856
-0.496056
-0.496250
-0.496440
-0.496624
-0.496804
-0.496979
-0.497149
-0.497314
-0.497474
-0.497629
-0.497780
-0.497925
-0.498066
-0.498201
-0.498332
-0.498458
-0.498579
-0.498694
-0.498805
-0.498911
-0.499013
-0.499109
-0.499200
-0.499286
-0.499368
-0.499444
-0.499516
-0.499583
-0.499644
-0.499701
-0.499753
-0.499800
-0.499842
-0.499879
-0.499911
-0.499938
-0.499960
-0.499978
-0.499990
-0.499997
-0.500000
-0.499998
-0.499990
-0.499978
-0.499961
-0.499939
-0.499911
-0.499879
-0.499842
-0.499801
-0.499754
-0.499702
-0.499645
-0.499584
-0.499517
-0.499446
-0.499369
-0.499288
-0.499201
-0.499110
-0.499014
-0.498913
-0.498807
-0.498696
-0.498580
-0.498460
-0.498334
-0.498203
-0.498068
-0.497928
-0.497782
-0.497632
-0.497477
-0.497317
-0.497152
-0.496982
-0.496807
-0.496627
-0.496443
-0.496253
-0.496059
-0.495860
-0.495655
-0.495446
-0.495232
-0.495014
-0.494790
-0.494561
-0.494328
-0.494089
-0.493846
-0.493598
-0.493345
-0.493087
-0.492824
-0.492557
-0.492284
-0.492007
-0.491725
-0.491438
-0.491146
-0.490849
-0.490548
-0.490241
-0.489930
-0.489614
-0.489293
-0.488967
-0.488637
-0.488301
-0.487961
-0.487616
-0.487266
-0.486912
-0.486552
-0.486188
-0.485819
-0.485445
-0.485066
-0.484683
-0.484295
-0.483902
-0.483504
-0.483101
-0.482694
-0.482282
-0.481865
-0.481444
-0.481017
-0.480586
-0.480150
-0.479710
-0.479265
-0.478814
-0.478360
-0.477900
-0.477436
-0.476967
-0.476494
-0.476015
-0.475532
-0.475044
-0.474552
-0.474055
-0.473553
-0.473047
-0.472536
-0.472020
-0.471500
-0.470974
-0.470445
-0.469910
-0.469371
-0.468828
-0.468279
-0.467727
-0.467169
-0.466607
-0.466040
-0.465469
-0.464893
-0.464312
-0.463727
-0.463138
-0.462543
-0.461945
-0.461341
-0.460733
-0.460121
-0.459504
-0.458882
-0.458256
-0.457626
-0.456991
-0.456351
-0.455707
-0.455058
-0.454405
-0.453748
-0.453086
-0.452419
-0.451748
-0.451072
-0.450393
-0.449708
-0.449019
-0.448326
-0.447629
-0.446926
-0.446220
-0.445509
-0.444794
-0.444074
-0.443350
-0.442622
-0.441889
-0.441152
-0.440410
-0.439664
-0.438914
-0.438160
-0.437401
-0.436637
-0.435870
-0.435098
-0.434322
-0.433542
-0.432757
-0.431968
-0.431175
-0.430378
-0.429576
-0.428770
-0.427960
-0.427145
-0.426327
-0.425504
-0.424677
-0.423846
-0.423010
-0.422171
-0.421327
-0.420479
-0.419627
-0.418771
-0.417911
-0.417046
-0.416178
-0.415305
-0.414428
-0.413548
-0.412663
-0.411774
-0.410881
-0.409983
-0.409082
-0.408177
-0.407268
-0.406355
-0.405437
-0.404516
-0.403591
-0.402662
-0.401728
-0.400791
-0.399850
-0.398905
-0.397956
-0.397003
-0.396046
-0.395085
-0.394121
-0.393152
-0.392180
-0.391203
-0.390223
-0.389239
-0.388251
-0.387260
-0.386264
-0.385265
-0.384262
-0.383255
-0.382244
-0.381230
-0.380211
-0.379189
-0.378164
-0.377134
-0.376101
-0.375064
-0.374023
-0.372979
-0.371931
-0.370880
-0.369824
-0.368765
-0.367703
-0.366636
-0.365567
-0.364493
-0.363416
-0.362335
-0.361251
-0.360163
-0.359072
-0.357977
-0.356879
-0.355777
-0.354671
-0.353563
-0.352450
-0.351334
-0.350215
-0.349092
-0.347966
-0.346836
-0.345703
-0.344566
-0.343426
-0.342283
-0.341136
-0.339986
-0.338833
-0.337676
-0.336516
-0.335352
-0.334186
-0.333016
-0.331842
-0.330666
-0.329486
-0.328303
-0.327116
-0.325927
-0.324734
-0.323538
-0.322339
-0.321136
-0.319931
-0.318722
-0.317510
-0.316295
-0.315077
-0.313856
-0.312631
-0.311404
-0.310174
-0.308940
-0.307703
-0.306464
-0.305221
-0.303975
-0.302727
-0.301475
-0.300221
-0.298963
-0.297702
-0.296439
-0.295172
-0.293903
-0.292631
-0.291356
-0.290078
-0.288797
-0.287513
-0.286227
-0.284937
-0.283645
-0.282350
-0.281052
-0.279752
-0.278449
-0.277143
-0.275834
-0.274522
-0.273208
-0.271891
-0.270572
-0.269249
-0.267924
-0.266597
-0.265267
-0.263934
-0.262598
-0.261260
-0.259920
-0.258577
-0.257231
-0.255883
-0.254532
-0.253179
-0.251823
-0.250465
-0.249104
-0.247741
-0.246375
-0.245007
-0.243636
-0.242264
-0.240888
-0.239511
-0.238131
-0.236748
-0.235363
-0.233976
-0.232587
-0.231195
-0.229802
-0.228405
-0.227007
-0.225606
-0.224203
-0.222798
-0.221391
-0.219981
-0.218570
-0.217156
-0.215740
-0.214322
-0.212901
-0.211479
-0.210055
-0.208628
-0.207200
-0.205769
-0.204336
-0.202902
-0.201465
-0.200027
-0.198586
-0.197143
-0.195699
-0.194252
-0.192804
-0.191354
-0.189902
-0.188448
-0.186992
-0.185534
-0.184074
-0.182613
-0.181150
-0.179685
-0.178218
-0.176750
-0.175279
-0.173807
-0.172334
-0.170858
-0.169381
-0.167903
-0.166422
-0.164940
-0.163456
-0.161971
-0.160484
-0.158996
-0.157506
-0.156014
-0.154521
-0.153026
-0.151530
-0.150032
-0.148533
-0.147033
-0.145531
-0.144027
-0.142522
-0.141016
-0.139508
-0.137999
-0.136489
-0.134977
-0.133464
-0.131949
-0.130433
-0.128916
-0.127398
-0.125879
-0.124358
-0.122836
-0.121312
-0.119788
-0.118262
-0.116735
-0.115208
-0.113678
-0.112148
-0.110617
-0.109084
-0.107551
-0.106016
-0.104481
-0.102944
-0.101407
-0.099868
-0.098328
-0.096788
-0.095246
-0.093704
-0.092160
-0.090616
-0.089071
-0.087525
-0.085978
-0.084430
-0.082881
-0.081332
-0.079781
-0.078230
-0.076678
-0.075126
-0.073573
-0.072018
-0.070464
-0.068908
-0.067352
-0.065795
-0.064238
-0.062680
-0.061121
-0.059562
-0.058002
-0.056441
-0.054880
-0.053319
-0.051757
-0.050194
-0.048631
-0.047067
-0.045503
-0.043939
-0.042374
-0.040808
-0.039243
-0.037677
-0.036110
-0.034543
-0.032976
-0.031408
-0.029841
-0.028272
-0.026704
-0.025135
-0.023566
-0.021997
-0.020428
-0.018858
-0.017289
-0.015719
-0.014149
-0.012578
-0.011008
-0.009437
-0.007867
-0.006296
-0.004726
-0.003155
-0.001584
