0.000000
0.003142
0.006283
0.009425
0.012566
0.015707
0.018848
0.021989
0.025130
0.028271
0.031411
0.034551
0.037690
0.040829
0.043968
0.047106
0.050244
0.053382
0.056518
0.059655
0.062790
0.065926
0.069060
0.072194
0.075327
0.078459
0.081591
0.084721
0.087851
0.090980
0.094108
0.097235
0.100362
0.103487
0.106611
0.109734
0.112856
0.115977
0.119097
0.122216
0.125333
0.128449
0.131564
0.134678
0.137790
0.140901
0.144011
0.147119
0.150225
0.153331
0.156434
0.159536
0.162637
0.165736
0.168833
0.171929
0.175023
0.178115
0.181206
0.184294
0.187381
0.190466
0.193549
0.196631
0.199710
0.202787
0.205862
0.208936
0.212007
0.215076
0.218143
0.221208
0.224271
0.227331
0.230389
0.233445
0.236499
0.239550
0.242599
0.245646
0.248690
0.251731
0.254771
0.257807
0.260841
0.263873
0.266902
0.269928
0.272952
0.275973
0.278991
0.282006
0.285019
0.288029
0.291036
0.294040
0.297041
0.300040
0.303035
0.306027
0.309017
0.312003
0.314986
0.317966
0.320943
0.323917
0.326888
0.329855
0.332819
0.335780
0.338738
0.341692
0.344643
0.347590
0.350534
0.353475
0.356412
0.359345
0.362275
0.365201
0.368124
0.371043
0.373959
0.376871
0.379779
0.382683
0.385584
0.388480
0.391373
0.394262
0.397148
0.400029
0.402906
0.405779
0.408649
0.411514
0.414375
0.417232
0.420085
0.422934
0.425779
0.428619
0.431456
0.434288
0.437115
0.439939
0.442758
0.445573
0.448383
0.451189
0.453990
0.456787
0.459580
0.462367
0.465151
0.467929
0.470704
0.473473
0.476238
0.478998
0.481753
0.484504
0.487250
0.489991
0.492727
0.495458
0.498185
0.500906
0.503623
0.506334
0.509041
0.511743
0.514439
0.517131
0.519817
0.522498
0.525174
0.527845
0.530511
0.533171
0.535826
0.538476
0.541121
0.543760
0.546394
0.549022
0.551645
0.554263
0.556875
0.559482
0.562083
0.564679
0.567269
0.569853
0.572432
0.575005
0.577572
0.580134
0.582690
0.585240
0.587785
0.590324
0.592856
0.595383
0.597905
0.600420
0.602929
0.605432
0.607930
0.610421
0.612907
0.615386
0.617859
0.620326
0.622787
0.625242
0.627691
0.630133
0.632570
0.635000
0.637424
0.639841
0.642252
0.644657
0.647056
0.649448
0.651833
0.654213
0.656585
0.658952
0.661311
0.663665
0.666011
0.668352
0.670685
0.673012
0.675332
0.677646
0.679953
0.682253
0.684547
0.686833
0.689113
0.691387
0.693653
0.695912
0.698165
0.700411
0.702650
0.704881
0.707106
0.709324
0.711535
0.713739
0.715936
0.718126
0.720309
0.722484
0.724653
0.726814
0.728968
0.731115
0.733255
0.735387
0.737513
0.739631
0.741741
0.743845
0.745941
0.748029
0.750111
0.752184
0.754251
0.756310
0.758361
0.760405
0.762442
0.764471
0.766493
0.768506
0.770513
0.772511
0.774503
0.776486
0.778462
0.780430
0.782390
0.784343
0.786288
0.788225
0.790155
0.792076
0.793990
0.795896
0.797794
0.799684
0.801567
0.803441
0.805307
0.807166
0.809017
0.810859
0.812694
0.814520
0.816339
0.818149
0.819952
0.821746
0.823532
0.825310
0.827080
0.828842
0.830595
0.832341
0.834078
0.835807
0.837528
0.839240
0.840944
0.842640
0.844327
0.846007
0.847677
0.849340
0.850994
0.852640
0.854277
0.855906
0.857526
0.859138
0.860742
0.862337
0.863923
0.865501
0.867070
0.868631
0.870183
0.871727
0.873262
0.874788
0.876306
0.877815
0.879316
0.880808
0.882291
0.883765
0.885231
0.886688
0.888136
0.889575
0.891006
0.892428
0.893841
0.895245
0.896641
0.898027
0.899405
0.900774
0.902134
0.903485
0.904827
0.906160
0.907484
0.908799
0.910106
0.911403
0.912691
0.913970
0.915241
0.916502
0.917754
0.918997
0.920231
0.921456
0.922672
0.923879
0.925077
0.926265
0.927445
0.928615
0.929776
0.930928
0.932071
0.933204
0.934329
0.935444
0.936550
0.937646
0.938734
0.939812
0.940880
0.941940
0.942990
0.944031
0.945063
0.946085
0.947098
0.948102
0.949096
0.950081
0.951056
0.952022
0.952979
0.953926
0.954864
0.955793
0.956712
0.957621
0.958521
0.959412
0.960293
0.961165
0.962027
0.962880
0.963723
0.964557
0.965381
0.966196
0.967001
0.967797
0.968583
0.969359
0.970126
0.970884
0.971631
0.972370
0.973098
0.973817
0.974527
0.975226
0.975917
0.976597
0.977268
0.977929
0.978581
0.979223
0.979855
0.980477
0.981090
0.981694
0.982287
0.982871
0.983445
0.984009
0.984564
0.985109
0.985644
0.986170
0.986686
0.987192
0.987688
0.988175
0.988652
0.989119
0.989576
0.990023
0.990461
0.990889
0.991307
0.991716
0.992115
0.992503
0.992882
0.993252
0.993611
0.993961
0.994301
0.994631
0.994951
0.995261
0.995562
0.995853
0.996133
0.996405
0.996666
0.996917
0.997159
0.997391
0.997612
0.997824
0.998027
0.998219
0.998401
0.998574
0.998737
0.998890
0.999033
0.999166
0.999289
0.999403
0.999507
0.999600
0.999684
0.999758
0.999822
0.999877
0.999921
0.999956
0.999980
0.999995
1.000000
0.999995
0.999980
0.999956
0.999921
0.999877
0.999822
0.999758
0.999684
0.999600
0.999507
0.999403
0.999290
0.999166
0.999033
0.998890
0.998737
0.998574
0.998402
0.998219
0.998027
0.997825
0.997613
0.997391
0.997159
0.996917
0.996666
0.996405
0.996134
0.995853
0.995562
0.995262
0.994951
0.994631
0.994301
0.993961
0.993611
0.993252
0.992883
0.992504
0.992115
0.991716
0.991308
0.990890
0.990462
0.990024
0.989576
0.989119
0.988652
0.988175
0.987689
0.987192
0.986686
0.986170
0.985645
0.985110
0.984565
0.984010
0.983445
0.982871
0.982288
0.981694
0.981091
0.980478
0.979855
0.979223
0.978581
0.977930
0.977268
0.976598
0.975917
0.975227
0.974527
0.973818
0.973099
0.972370
0.971632
0.970884
0.970127
0.969360
0.968584
0.967797
0.967002
0.966197
0.965382
0.964558
0.963724
0.962881
0.962028
0.961166
0.960294
0.959413
0.958522
0.957622
0.956713
0.955793
0.954865
0.953927
0.952980
0.952023
0.951057
0.950082
0.949097
0.948102
0.947099
0.946086
0.945064
0.944032
0.942991
0.941941
0.940881
0.939813
0.938734
0.937647
0.936550
0.935445
0.934330
0.933205
0.932072
0.930929
0.929777
0.928616
0.927446
0.926266
0.925078
0.923880
0.922673
0.921457
0.920232
0.918998
0.917755
0.916503
0.915242
0.913972
0.912692
0.911404
0.910107
0.908800
0.907485
0.906161
0.904828
0.903486
0.902135
0.900775
0.899406
0.898028
0.896642
0.895246
0.893842
0.892429
0.891007
0.889577
0.888137
0.886689
0.885232
0.883766
0.882292
0.880809
0.879317
0.877817
0.876308
0.874790
0.873263
0.871728
0.870185
0.868632
0.867072
0.865502
0.863924
0.862338
0.860743
0.859139
0.857528
0.855907
0.854278
0.852641
0.850995
0.849341
0.847679
0.846008
0.844329
0.842641
0.840946
0.839241
0.837529
0.835808
0.834079
0.832342
0.830597
0.828843
0.827082
0.825312
0.823534
0.821747
0.819953
0.818151
0.816340
0.814522
0.812695
0.810861
0.809018
0.807168
0.805309
0.803443
0.801568
0.799686
0.797796
0.795897
0.793992
0.792078
0.790156
0.788227
0.786290
0.784345
0.782392
0.780432
0.778463
0.776488
0.774504
0.772513
0.770514
0.768508
0.766494
0.764473
0.762444
0.760407
0.758363
0.756312
0.754253
0.752186
0.750112
0.748031
0.745942
0.743846
0.741743
0.739632
0.737514
0.735389
0.733257
0.731117
0.728970
0.726816
0.724654
0.722486
0.720310
0.718128
0.715938
0.713741
0.711537
0.709326
0.707108
0.704883
0.702651
0.700413
0.698167
0.695914
0.693655
0.691388
0.689115
0.686835
0.684549
0.682255
0.679955
0.677648
0.675334
0.673014
0.670687
0.668354
0.666013
0.663667
0.661313
0.658954
0.656587
0.654215
0.651835
0.649450
0.647058
0.644659
0.642254
0.639843
0.637426
0.635002
0.632572
0.630135
0.627693
0.625244
0.622789
0.620328
0.617861
0.615388
0.612909
0.610423
0.607932
0.605435
0.602931
0.600422
0.597907
0.595386
0.592859
0.590326
0.587787
0.585242
0.582692
0.580136
0.577574
0.575007
0.572434
0.569855
0.567271
0.564681
0.562085
0.559484
0.556877
0.554265
0.551648
0.549025
0.546396
0.543762
0.541123
0.538479
0.535829
0.533173
0.530513
0.527847
0.525176
0.522500
0.519819
0.517133
0.514441
0.511745
0.509043
0.506337
0.503625
0.500909
0.498187
0.495461
0.492729
0.489993
0.487252
0.484506
0.481756
0.479000
0.476240
0.473475
0.470706
0.467932
0.465153
0.462370
0.459582
0.456789
0.453993
0.451191
0.448385
0.445575
0.442760
0.439941
0.437118
0.434290
0.431458
0.428622
0.425781
0.422937
0.420088
0.417235
0.414378
0.411516
0.408651
0.405782
0.402909
0.400031
0.397150
0.394265
0.391376
0.388483
0.385586
0.382686
0.379781
0.376873
0.373961
0.371046
0.368127
0.365204
0.362278
0.359348
0.356414
0.353477
0.350537
0.347593
0.344645
0.341694
0.338740
0.335783
0.332822
0.329858
0.326890
0.323920
0.320946
0.317969
0.314989
0.312006
0.309019
0.306030
0.303038
0.300042
0.297044
0.294043
0.291038
0.288031
0.285022
0.282009
0.278993
0.275975
0.272954
0.269931
0.266904
0.263875
0.260844
0.257810
0.254773
0.251734
0.248692
0.245648
0.242602
0.239553
0.236501
0.233448
0.230392
0.227334
0.224273
0.221210
0.218146
0.215079
0.212010
0.208938
0.205865
0.202790
0.199712
0.196633
0.193552
0.190469
0.187384
0.184297
0.181208
0.178118
0.175026
0.171932
0.168836
0.165739
0.162640
0.159539
0.156437
0.153333
0.150228
0.147121
0.144013
0.140904
0.137793
0.134681
0.131567
0.128452
0.125336
0.122218
0.119100
0.115980
0.112859
0.109737
0.106614
0.103489
0.100364
0.097238
0.094111
0.090983
0.087854
0.084724
0.081593
0.078462
0.075329
0.072196
0.069063
0.065928
0.062793
0.059657
0.056521
0.053384
0.050247
0.047109
0.043971
0.040832
0.037693
0.034553
0.031413
0.028273
0.025133
0.021992
0.018851
0.015710
0.012569
0.009427
0.006286
0.003144
0.000003
-0.003139
-0.006280
-0.009422
-0.012563
-0.015705
-0.018846
-0.021987
-0.025127
-0.028268
-0.031408
-0.034548
-0.037687
-0.040827
-0.043965
-0.047104
-0.050242
-0.053379
-0.056516
-0.059652
-0.062788
-0.065923
-0.069057
-0.072191
-0.075324
-0.078456
-0.081588
-0.084719
-0.087848
-0.090977
-0.094106
-0.097233
-0.100359
-0.103484
-0.106608
-0.109732
-0.112854
-0.115975
-0.119094
-0.122213
-0.125330
-0.128447
-0.131562
-0.134675
-0.137788
-0.140898
-0.144008
-0.147116
-0.150223
-0.153328
-0.156432
-0.159534
-0.162634
-0.165733
-0.168831
-0.171926
-0.175020
-0.178113
-0.181203
-0.184292
-0.187379
-0.190464
-0.193547
-0.196628
-0.199707
-0.202785
-0.205860
-0.208933
-0.212004
-0.215073
-0.218140
-0.221205
-0.224268
-0.227328
-0.230387
-0.233443
-0.236496
-0.239548
-0.242596
-0.245643
-0.248687
-0.251729
-0.254768
-0.257805
-0.260839
-0.263870
-0.266899
-0.269926
-0.272949
-0.275970
-0.278988
-0.282004
-0.285016
-0.288026
-0.291033
-0.294038
-0.297039
-0.300037
-0.303032
-0.306025
-0.309014
-0.312001
-0.314984
-0.317964
-0.320941
-0.323915
-0.326885
-0.329853
-0.332817
-0.335778
-0.338735
-0.341689
-0.344640
-0.347588
-0.350532
-0.353472
-0.356409
-0.359343
-0.362273
-0.365199
-0.368122
-0.371041
-0.373956
-0.376868
-0.379776
-0.382681
-0.385581
-0.388478
-0.391371
-0.394260
-0.397145
-0.400026
-0.402904
-0.405777
-0.408646
-0.411512
-0.414373
-0.417230
-0.420083
-0.422932
-0.425777
-0.428617
-0.431453
-0.434285
-0.437113
-0.439936
-0.442756
-0.445570
-0.448380
-0.451186
-0.453988
-0.456785
-0.459577
-0.462365
-0.465148
-0.467927
-0.470701
-0.473471
-0.476236
-0.478996
-0.481751
-0.484502
-0.487247
-0.489988
-0.492725
-0.495456
-0.498182
-0.500904
-0.503621
-0.506332
-0.509039
-0.511740
-0.514437
-0.517128
-0.519815
-0.522496
-0.525172
-0.527843
-0.530509
-0.533169
-0.535824
-0.538474
-0.541119
-0.543758
-0.546392
-0.549020
-0.551643
-0.554261
-0.556873
-0.559480
-0.562081
-0.564676
-0.567266
-0.569851
-0.572430
-0.575003
-0.577570
-0.580132
-0.582688
-0.585238
-0.587783
-0.590321
-0.592854
-0.595381
-0.597902
-0.600418
-0.602927
-0.605430
-0.607928
-0.610419
-0.612905
-0.615384
-0.617857
-0.620324
-0.622785
-0.625240
-0.627689
-0.630131
-0.632568
-0.634998
-0.637421
-0.639839
-0.642250
-0.644655
-0.647053
-0.649446
-0.651831
-0.654211
-0.656583
-0.658950
-0.661309
-0.663663
-0.666009
-0.668350
-0.670683
-0.673010
-0.675330
-0.677644
-0.679951
-0.682251
-0.684545
-0.686831
-0.689111
-0.691385
-0.693651
-0.695910
-0.698163
-0.700409
-0.702648
-0.704880
-0.707104
-0.709322
-0.711533
-0.713737
-0.715934
-0.718124
-0.720307
-0.722482
-0.724651
-0.726812
-0.728966
-0.731113
-0.733253
-0.735386
-0.737511
-0.739629
-0.741740
-0.743843
-0.745939
-0.748028
-0.750109
-0.752183
-0.754249
-0.756308
-0.758360
-0.760404
-0.762440
-0.764469
-0.766491
-0.768505
-0.770511
-0.772510
-0.774501
-0.776484
-0.778460
-0.780428
-0.782389
-0.784341
-0.786286
-0.788224
-0.790153
-0.792075
-0.793988
-0.795894
-0.797792
-0.799683
-0.801565
-0.803439
-0.805306
-0.807164
-0.809015
-0.810858
-0.812692
-0.814519
-0.816337
-0.818148
-0.819950
-0.821744
-0.823531
-0.825309
-0.827079
-0.828840
-0.830594
-0.832339
-0.834077
-0.835805
-0.837526
-0.839239
-0.840943
-0.842639
-0.844326
-0.846005
-0.847676
-0.849339
-0.850993
-0.852638
-0.854276
-0.855904
-0.857525
-0.859137
-0.860740
-0.862335
-0.863922
-0.865500
-0.867069
-0.868630
-0.870182
-0.871726
-0.873261
-0.874787
-0.876305
-0.877814
-0.879315
-0.880806
-0.882290
-0.883764
-0.885230
-0.886687
-0.888135
-0.889574
-0.891005
-0.892427
-0.893840
-0.895244
-0.896639
-0.898026
-0.899404
-0.900772
-0.902132
-0.903483
-0.904826
-0.906159
-0.907483
-0.908798
-0.910104
-0.911402
-0.912690
-0.913969
-0.915240
-0.916501
-0.917753
-0.918996
-0.920230
-0.921455
-0.922671
-0.923878
-0.925076
-0.926264
-0.927444
-0.928614
-0.929775
-0.930927
-0.932070
-0.933203
-0.934328
-0.935443
-0.936549
-0.937645
-0.938733
-0.939811
-0.940880
-0.941939
-0.942989
-0.944030
-0.945062
-0.946084
-0.947097
-0.948101
-0.949095
-0.950080
-0.951055
-0.952021
-0.952978
-0.953926
-0.954863
-0.955792
-0.956711
-0.957621
-0.958521
-0.959411
-0.960293
-0.961164
-0.962027
-0.962879
-0.963723
-0.964556
-0.965381
-0.966195
-0.967001
-0.967796
-0.968582
-0.969359
-0.970126
-0.970883
-0.971631
-0.972369
-0.973098
-0.973817
-0.974526
-0.975226
-0.975916
-0.976596
-0.977267
-0.977929
-0.978580
-0.979222
-0.979854
-0.980477
-0.981090
-0.981693
-0.982287
-0.982870
-0.983445
-0.984009
-0.984564
-0.985109
-0.985644
-0.986169
-0.986685
-0.987191
-0.987688
-0.988174
-0.988651
-0.989118
-0.989576
-0.990023
-0.990461
-0.990889
-0.991307
-0.991716
-0.992114
-0.992503
-0.992882
-0.993251
-0.993611
-0.993961
-0.994300
-0.994630
-0.994951
-0.995261
-0.995562
-0.995852
-0.996133
-0.996404
-0.996666
-0.996917
-0.997159
-0.997390
-0.997612
-0.997824
-0.998026
-0.998219
-0.998401
-0.998574
-0.998737
-0.998890
-0.999033
-0.999166
-0.999289
-0.999403
-0.999506
-0.999600
-0.999684
-0.999758
-0.999822
-0.999877
-0.999921
-0.999956
-0.999980
-0.999995
-1.000000
-0.999995
-0.999980
-0.999956
-0.999921
-0.999877
-0.999822
-0.999758
-0.999684
-0.999600
-0.999507
-0.999403
-0.999290
-0.999166
-0.999033
-0.998890
-0.998737
-0.998574
-0.998402
-0.998219
-0.998027
-0.997825
-0.997613
-0.997391
-0.997159
-0.996918
-0.996666
-0.996405
-0.996134
-0.995853
-0.995562
-0.995262
-0.994951
-0.994631
-0.994301
-0.993961
-0.993612
-0.993252
-0.992883
-0.992504
-0.992115
-0.991717
-0.991308
-0.990890
-0.990462
-0.990024
-0.989577
-0.989119
-0.988652
-0.988176
-0.987689
-0.987193
-0.986687
-0.986171
-0.985645
-0.985110
-0.984565
-0.984010
-0.983446
-0.982872
-0.982288
-0.981695
-0.981091
-0.980478
-0.979856
-0.979224
-0.978582
-0.977930
-0.977269
-0.976598
-0.975918
-0.975228
-0.974528
-0.973818
-0.973099
-0.972371
-0.971633
-0.970885
-0.970128
-0.969361
-0.968584
-0.967798
-0.967003
-0.966197
-0.965383
-0.964559
-0.963725
-0.962882
-0.962029
-0.961167
-0.960295
-0.959414
-0.958523
-0.957623
-0.956713
-0.955794
-0.954866
-0.953928
-0.952981
-0.952024
-0.951058
-0.950082
-0.949097
-0.948103
-0.947100
-0.946087
-0.945064
-0.944033
-0.942992
-0.941942
-0.940882
-0.939813
-0.938735
-0.937648
-0.936551
-0.935446
-0.934330
-0.933206
-0.932073
-0.930930
-0.929778
-0.928617
-0.927447
-0.926267
-0.925079
-0.923881
-0.922674
-0.921459
-0.920234
-0.918999
-0.917756
-0.916504
-0.915243
-0.913973
-0.912693
-0.911405
-0.910108
-0.908801
-0.907486
-0.906162
-0.904829
-0.903487
-0.902136
-0.900776
-0.899407
-0.898029
-0.896643
-0.895248
-0.893843
-0.892430
-0.891009
-0.889578
-0.888138
-0.886690
-0.885233
-0.883768
-0.882293
-0.880810
-0.879318
-0.877818
-0.876309
-0.874791
-0.873265
-0.871730
-0.870186
-0.868634
-0.867073
-0.865504
-0.863926
-0.862339
-0.860744
-0.859141
-0.857529
-0.855909
-0.854280
-0.852642
-0.850997
-0.849343
-0.847680
-0.846009
-0.844330
-0.842643
-0.840947
-0.839243
-0.837530
-0.835810
-0.834081
-0.832344
-0.830598
-0.828845
-0.827083
-0.825313
-0.823535
-0.821749
-0.819955
-0.818152
-0.816342
-0.814523
-0.812697
-0.810862
-0.809020
-0.807169
-0.805311
-0.803444
-0.801570
-0.799687
-0.797797
-0.795899
-0.793993
-0.792079
-0.790158
-0.788228
-0.786291
-0.784346
-0.782394
-0.780433
-0.778465
-0.776489
-0.774506
-0.772515
-0.770516
-0.768510
-0.766496
-0.764474
-0.762445
-0.760409
-0.758365
-0.756313
-0.754254
-0.752188
-0.750114
-0.748033
-0.745944
-0.743848
-0.741745
-0.739634
-0.737516
-0.735391
-0.733258
-0.731119
-0.728972
-0.726818
-0.724656
-0.722488
-0.720312
-0.718130
-0.715940
-0.713743
-0.711539
-0.709328
-0.707110
-0.704885
-0.702653
-0.700414
-0.698169
-0.695916
-0.693657
-0.691390
-0.689117
-0.686837
-0.684551
-0.682257
-0.679957
-0.677650
-0.675336
-0.673016
-0.670689
-0.668356
-0.666015
-0.663669
-0.661315
-0.658956
-0.656589
-0.654217
-0.651837
-0.649452
-0.647060
-0.644661
-0.642256
-0.639845
-0.637428
-0.635004
-0.632574
-0.630138
-0.627695
-0.625246
-0.622791
-0.620330
-0.617863
-0.615390
-0.612911
-0.610425
-0.607934
-0.605437
-0.602933
-0.600424
-0.597909
-0.595388
-0.592861
-0.590328
-0.587789
-0.585245
-0.582694
-0.580138
-0.577577
-0.575009
-0.572436
-0.569857
-0.567273
-0.564683
-0.562087
-0.559486
-0.556880
-0.554267
-0.551650
-0.549027
-0.546398
-0.543765
-0.541125
-0.538481
-0.535831
-0.533176
-0.530515
-0.527850
-0.525179
-0.522503
-0.519821
-0.517135
-0.514444
-0.511747
-0.509046
-0.506339
-0.503627
-0.500911
-0.498189
-0.495463
-0.492732
-0.489995
-0.487254
-0.484509
-0.481758
-0.479003
-0.476243
-0.473478
-0.470708
-0.467934
-0.465155
-0.462372
-0.459584
-0.456792
-0.453995
-0.451193
-0.448388
-0.445577
-0.442763
-0.439944
-0.437120
-0.434292
-0.431460
-0.428624
-0.425784
-0.422939
-0.420090
-0.417237
-0.414380
-0.411519
-0.408654
-0.405784
-0.402911
-0.400034
-0.397152
-0.394267
-0.391378
-0.388485
-0.385589
-0.382688
-0.379784
-0.376876
-0.373964
-0.371048
-0.368129
-0.365206
-0.362280
-0.359350
-0.356417
-0.353480
-0.350539
-0.347595
-0.344648
-0.341697
-0.338743
-0.335785
-0.332824
-0.329860
-0.326893
-0.323922
-0.320948
-0.317971
-0.314991
-0.312008
-0.309022
-0.306032
-0.303040
-0.300045
-0.297046
-0.294045
-0.291041
-0.288034
-0.285024
-0.282011
-0.278996
-0.275978
-0.272957
-0.269933
-0.266907
-0.263878
-0.260846
-0.257812
-0.254776
-0.251736
-0.248695
-0.245651
-0.242604
-0.239555
-0.236504
-0.233450
-0.230394
-0.227336
-0.224276
-0.221213
-0.218148
-0.215081
-0.212012
-0.208941
-0.205868
-0.202792
-0.199715
-0.196636
-0.193555
-0.190471
-0.187386
-0.184300
-0.181211
-0.178120
-0.175028
-0.171934
-0.168839
-0.165741
-0.162642
-0.159542
-0.156440
-0.153336
-0.150231
-0.147124
-0.144016
-0.140906
-0.137795
-0.134683
-0.131570
-0.128455
-0.125338
-0.122221
-0.119102
-0.115983
-0.112862
-0.109739
-0.106616
-0.103492
-0.100367
-0.097241
-0.094114
-0.090985
-0.087856
-0.084727
-0.081596
-0.078464
-0.075332
-0.072199
-0.069065
-0.065931
-0.062796
-0.059660
-0.056524
-0.053387
-0.050250
-0.047112
-0.043973
-0.040835
-0.037695
-0.034556
-0.031416
-0.028276
-0.025135
-0.021995
-0.018854
-0.015713
-0.012571
-0.009430
-0.006288
-0.003147
-0.000005
0.003136
0.006278
0.009419
0.012561
0.015702
0.018843
0.021984
0.025125
0.028265
0.031405
0.034545
0.037685
0.040824
0.043963
0.047101
0.050239
0.053376
0.056513
0.059649
0.062785
0.065920
0.069055
0.072188
0.075321
0.078454
0.081585
0.084716
0.087846
0.090975
0.094103
0.097230
0.100356
0.103482
0.106606
0.109729
0.112851
0.115972
0.119092
0.122210
0.125328
0.128444
0.131559
0.134673
0.137785
0.140896
0.144005
0.147114
0.150220
0.153325
0.156429
0.159531
0.162632
0.165731
0.168828
0.171924
0.175018
0.178110
0.181200
0.184289
0.187376
0.190461
0.193544
0.196625
0.199705
0.202782
0.205857
0.208931
0.212002
0.215071
0.218138
0.221203
0.224265
0.227326
0.230384
0.233440
0.236494
0.239545
0.242594
0.245640
0.248685
0.251726
0.254765
0.257802
0.260836
0.263868
0.266897
0.269923
0.272947
0.275968
0.278986
0.282001
0.285014
0.288024
0.291031
0.294035
0.297036
0.300035
0.303030
0.306022
0.309012
0.311998
0.314981
0.317961
0.320938
0.323912
0.326883
0.329850
0.332814
0.335775
0.338733
0.341687
0.344638
0.347585
0.350529
0.353470
0.356407
0.359340
0.362270
0.365197
0.368119
0.371038
0.373954
0.376866
0.379774
0.382678
0.385579
0.388476
0.391368
0.394258
0.397143
0.400024
0.402901
0.405775
0.408644
0.411509
0.414370
0.417228
0.420081
0.422929
0.425774
0.428615
0.431451
0.434283
0.437111
0.439934
0.442753
0.445568
0.448378
0.451184
0.453985
0.456782
0.459575
0.462363
0.465146
0.467925
0.470699
0.473468
0.476233
0.478993
0.481749
0.484499
0.487245
0.489986
0.492722
0.495454
0.498180
0.500902
0.503618
0.506330
0.509036
0.511738
0.514435
0.517126
0.519812
0.522494
0.525170
0.527841
0.530506
0.533167
0.535822
0.538472
0.541116
0.543756
0.546389
0.549018
0.551641
0.554259
0.556871
0.559477
0.562079
0.564674
0.567264
0.569849
0.572427
0.575000
0.577568
0.580130
0.582686
0.585236
0.587781
0.590319
0.592852
0.595379
0.597900
0.600416
0.602925
0.605428
0.607926
0.610417
0.612902
0.615382
0.617855
0.620322
0.622783
0.625238
0.627687
0.630129
0.632566
0.634996
0.637419
0.639837
0.642248
0.644653
0.647051
0.649444
0.651829
0.654208
0.656581
0.658948
0.661307
0.663661
0.666007
0.668348
0.670681
0.673008
0.675328
0.677642
0.679949
0.682249
0.684543
0.686830
0.689109
0.691383
0.693649
0.695909
0.698161
0.700407
0.702646
0.704878
0.707103
0.709321
0.711531
0.713735
0.715932
0.718122
0.720305
0.722481
0.724649
0.726810
0.728965
0.731112
0.733251
0.735384
0.737509
0.739627
0.741738
0.743841
0.745937
0.748026
0.750107
0.752181
0.754247
0.756306
0.758358
0.760402
0.762439
0.764468
0.766489
0.768503
0.770509
0.772508
0.774499
0.776483
0.778458
0.780427
0.782387
0.784340
0.786285
0.788222
0.790151
0.792073
0.793987
0.795893
0.797791
0.799681
0.801563
0.803438
0.805304
0.807163
0.809013
0.810856
0.812691
0.814517
0.816336
0.818146
0.819949
0.821743
0.823529
0.825307
0.827077
0.828839
0.830592
0.832338
0.834075
0.835804
0.837525
0.839237
0.840941
0.842637
0.844325
0.846004
0.847675
0.849337
0.850991
0.852637
0.854274
0.855903
0.857523
0.859135
0.860739
0.862334
0.863920
0.865498
0.867068
0.868628
0.870181
0.871724
0.873259
0.874786
0.876304
0.877813
0.879313
0.880805
0.882288
0.883763
0.885228
0.886685
0.888134
0.889573
0.891004
0.892426
0.893839
0.895243
0.896638
0.898025
0.899403
0.900771
0.902131
0.903482
0.904824
0.906158
0.907482
0.908797
0.910103
0.911401
0.912689
0.913968
0.915239
0.916500
0.917752
0.918995
0.920229
0.921454
0.922670
0.923877
0.925075
0.926263
0.927443
0.928613
0.929774
0.930926
0.932069
0.933202
0.934327
0.935442
0.936548
0.937644
0.938732
0.939810
0.940879
0.941938
0.942988
0.944029
0.945061
0.946083
0.947096
0.948100
0.949094
0.950079
0.951055
0.952021
0.952977
0.953925
0.954863
0.955791
0.956710
0.957620
0.958520
0.959411
0.960292
0.961164
0.962026
0.962879
0.963722
0.964556
0.965380
0.966195
0.967000
0.967795
0.968582
0.969358
0.970125
0.970882
0.971630
0.972368
0.973097
0.973816
0.974525
0.975225
0.975915
0.976596
0.977267
0.977928
0.978580
0.979222
0.979854
0.980476
0.981089
0.981692
0.982286
0.982870
0.983444
0.984008
0.984563
0.985108
0.985643
0.986169
0.986685
0.987191
0.987687
0.988174
0.988651
0.989118
0.989575
0.990023
0.990461
0.990889
0.991307
0.991715
0.992114
0.992503
0.992882
0.993251
0.993611
0.993960
0.994300
0.994630
0.994950
0.995261
0.995561
0.995852
0.996133
0.996404
0.996665
0.996917
0.997158
0.997390
0.997612
0.997824
0.998026
0.998219
0.998401
0.998574
0.998737
0.998890
0.999033
0.999166
0.999289
0.999403
0.999506
0.999600
0.999684
0.999758
0.999822
0.999877
0.999921
0.999956
0.999980
0.999995
1.000000
0.999995
0.999980
0.999956
0.999921
0.999877
0.999822
0.999758
0.999684
0.999600
0.999507
0.999403
0.999290
0.999166
0.999033
0.998890
0.998737
0.998575
0.998402
0.998219
0.998027
0.997825
0.997613
0.997391
0.997159
0.996918
0.996666
0.996405
0.996134
0.995853
0.995563
0.995262
0.994952
0.994632
0.994302
0.993962
0.993612
0.993253
0.992883
0.992504
0.992116
0.991717
0.991309
0.990890
0.990462
0.990025
0.989577
0.989120
0.988653
0.988176
0.987689
0.987193
0.986687
0.986171
0.985646
0.985110
0.984566
0.984011
0.983446
0.982872
0.982289
0.981695
0.981092
0.980479
0.979856
0.979224
0.978582
0.977931
0.977270
0.976599
0.975918
0.975228
0.974528
0.973819
0.973100
0.972372
0.971633
0.970886
0.970128
0.969361
0.968585
0.967799
0.967003
0.966198
0.965383
0.964559
0.963726
0.962882
0.962030
0.961167
0.960296
0.959414
0.958524
0.957624
0.956714
0.955795
0.954867
0.953929
0.952981
0.952025
0.951059
0.950083
0.949098
0.948104
0.947101
0.946088
0.945065
0.944034
0.942993
0.941943
0.940883
0.939814
0.938736
0.937649
0.936552
0.935446
0.934331
0.933207
0.932074
0.930931
0.929779
0.928618
0.927448
0.926268
0.925080
0.923882
0.922675
0.921460
0.920235
0.919001
0.917757
0.916505
0.915244
0.913974
0.912694
0.911406
0.910109
0.908803
0.907487
0.906163
0.904830
0.903488
0.902137
0.900777
0.899408
0.898031
0.896644
0.895249
0.893845
0.892432
0.891010
0.889579
0.888140
0.886692
0.885235
0.883769
0.882295
0.880811
0.879320
0.877819
0.876310
0.874792
0.873266
0.871731
0.870187
0.868635
0.867074
0.865505
0.863927
0.862341
0.860746
0.859142
0.857530
0.855910
0.854281
0.852644
0.850998
0.849344
0.847682
0.846011
0.844332
0.842644
0.840948
0.839244
0.837532
0.835811
0.834082
0.832345
0.830600
0.828846
0.827085
0.825315
0.823537
0.821750
0.819956
0.818154
0.816343
0.814525
0.812698
0.810864
0.809021
0.807171
0.805312
0.803446
0.801571
0.799689
0.797799
0.795901
0.793995
0.792081
0.790159
0.788230
0.786293
0.784348
0.782395
0.780435
0.778467
0.776491
0.774508
0.772517
0.770518
0.768512
0.766498
0.764476
0.762447
0.760411
0.758367
0.756315
0.754256
0.752190
0.750116
0.748035
0.745946
0.743850
0.741747
0.739636
0.737518
0.735393
0.733260
0.731121
0.728974
0.726819
0.724658
0.722490
0.720314
0.718131
0.715942
0.713745
0.711541
0.709330
0.707112
0.704887
0.702655
0.700416
0.698171
0.695918
0.693659
0.691392
0.689119
0.686839
0.684552
0.682259
0.679959
0.677652
0.675338
0.673018
0.670691
0.668357
0.666017
0.663671
0.661317
0.658958
0.656591
0.654219
0.651839
0.649454
0.647062
0.644663
0.642258
0.639847
0.637430
0.635006
0.632576
0.630140
0.627697
0.625248
0.622794
0.620333
0.617865
0.615392
0.612913
0.610428
0.607936
0.605439
0.602935
0.600426
0.597911
0.595390
0.592863
0.590330
0.587791
0.585247
0.582697
0.580141
0.577579
0.575011
0.572438
0.569859
0.567275
0.564685
0.562090
0.559488
0.556882
0.554270
0.551652
0.549029
0.546401
0.543767
0.541128
0.538483
0.535833
0.533178
0.530518
0.527852
0.525181
0.522505
0.519824
0.517137
0.514446
0.511749
0.509048
0.506341
0.503630
0.500913
0.498192
0.495465
0.492734
0.489998
0.487257
0.484511
0.481760
0.479005
0.476245
0.473480
0.470711
0.467936
0.465158
0.462374
0.459587
0.456794
0.453997
0.451196
0.448390
0.445580
0.442765
0.439946
0.437123
0.434295
0.431463
0.428627
0.425786
0.422941
0.420093
0.417240
0.414382
0.411521
0.408656
0.405787
0.402913
0.400036
0.397155
0.394270
0.391381
0.388488
0.385591
0.382690
0.379786
0.376878
0.373966
0.371051
0.368132
0.365209
0.362282
0.359353
0.356419
0.353482
0.350541
0.347598
0.344650
0.341699
0.338745
0.335788
0.332827
0.329863
0.326895
0.323925
0.320951
0.317974
0.314994
0.312011
0.309024
0.306035
0.303043
0.300047
0.297049
0.294048
0.291044
0.288037
0.285027
0.282014
0.278999
0.275980
0.272959
0.269936
0.266909
0.263881
0.260849
0.257815
0.254778
0.251739
0.248697
0.245653
0.242607
0.239558
0.236507
0.233453
0.230397
0.227339
0.224278
0.221216
0.218151
0.215084
0.212015
0.208944
0.205870
0.202795
0.199718
0.196638
0.193557
0.190474
0.187389
0.184302
0.181213
0.178123
0.175031
0.171937
0.168841
0.165744
0.162645
0.159544
0.156442
0.153339
0.150233
0.147127
0.144019
0.140909
0.137798
0.134686
0.131572
0.128457
0.125341
0.122224
0.119105
0.115985
0.112864
0.109742
0.106619
0.103495
0.100370
0.097243
0.094116
0.090988
0.087859
0.084729
0.081598
0.078467
0.075335
0.072202
0.069068
0.065933
0.062798
0.059663
0.056526
0.053390
0.050252
0.047114
0.043976
0.040837
0.037698
0.034559
0.031419
0.028279
0.025138
0.021997
0.018856
0.015715
0.012574
0.009433
0.006291
0.003150
0.000008
-0.003134
-0.006275
-0.009417
-0.012558
-0.015699
-0.018840
-0.021981
-0.025122
-0.028263
-0.031403
-0.034543
-0.037682
-0.040821
-0.043960
-0.047098
-0.050236
-0.053374
-0.056511
-0.059647
-0.062783
-0.065918
-0.069052
-0.072186
-0.075319
-0.078451
-0.081583
-0.084713
-0.087843
-0.090972
-0.094100
-0.097227
-0.100354
-0.103479
-0.106603
-0.109726
-0.112848
-0.115969
-0.119089
-0.122208
-0.125325
-0.128441
-0.131556
-0.134670
-0.137782
-0.140893
-0.144003
-0.147111
-0.150218
-0.153323
-0.156426
-0.159529
-0.162629
-0.165728
-0.168825
-0.171921
-0.175015
-0.178107
-0.181198
-0.184286
-0.187373
-0.190458
-0.193541
-0.196623
-0.199702
-0.202779
-0.205855
-0.208928
-0.211999
-0.215068
-0.218135
-0.221200
-0.224263
-0.227323
-0.230381
-0.233437
-0.236491
-0.239542
-0.242591
-0.245638
-0.248682
-0.251724
-0.254763
-0.257799
-0.260834
-0.263865
-0.266894
-0.269920
-0.272944
-0.275965
-0.278983
-0.281999
-0.285011
-0.288021
-0.291028
-0.294032
-0.297034
-0.300032
-0.303027
-0.306020
-0.309009
-0.311995
-0.314979
-0.317959
-0.320936
-0.323910
-0.326880
-0.329848
-0.332812
-0.335773
-0.338730
-0.341684
-0.344635
-0.347583
-0.350527
-0.353467
-0.356404
-0.359338
-0.362268
-0.365194
-0.368117
-0.371036
-0.373952
-0.376863
-0.379771
-0.382676
-0.385576
-0.388473
-0.391366
-0.394255
-0.397140
-0.400022
-0.402899
-0.405772
-0.408641
-0.411507
-0.414368
-0.417225
-0.420078
-0.422927
-0.425772
-0.428612
-0.431449
-0.434281
-0.437108
-0.439932
-0.442751
-0.445565
-0.448376
-0.451182
-0.453983
-0.456780
-0.459572
-0.462360
-0.465144
-0.467922
-0.470697
-0.473466
-0.476231
-0.478991
-0.481746
-0.484497
-0.487243
-0.489984
-0.492720
-0.495451
-0.498178
-0.500899
-0.503616
-0.506328
-0.509034
-0.511736
-0.514432
-0.517124
-0.519810
-0.522491
-0.525167
-0.527838
-0.530504
-0.533164
-0.535820
-0.538470
-0.541114
-0.543753
-0.546387
-0.549016
-0.551639
-0.554256
-0.556869
-0.559475
-0.562076
-0.564672
-0.567262
-0.569846
-0.572425
-0.574998
-0.577566
-0.580128
-0.582684
-0.585234
-0.587778
-0.590317
-0.592850
-0.595377
-0.597898
-0.600413
-0.602923
-0.605426
-0.607924
-0.610415
-0.612900
-0.615380
-0.617853
-0.620320
-0.622781
-0.625236
-0.627685
-0.630127
-0.632564
-0.634994
-0.637417
-0.639835
-0.642246
-0.644651
-0.647049
-0.649442
-0.651827
-0.654206
-0.656579
-0.658946
-0.661305
-0.663659
-0.666005
-0.668346
-0.670679
-0.673006
-0.675326
-0.677640
-0.679947
-0.682247
-0.684541
-0.686828
-0.689108
-0.691381
-0.693647
-0.695907
-0.698159
-0.700405
-0.702644
-0.704876
-0.707101
-0.709319
-0.711530
-0.713734
-0.715930
-0.718120
-0.720303
-0.722479
-0.724647
-0.726809
-0.728963
-0.731110
-0.733249
-0.735382
-0.737507
-0.739625
-0.741736
-0.743839
-0.745935
-0.748024
-0.750105
-0.752179
-0.754246
-0.756305
-0.758356
-0.760400
-0.762437
-0.764466
-0.766487
-0.768501
-0.770508
-0.772506
-0.774498
-0.776481
-0.778457
-0.780425
-0.782385
-0.784338
-0.786283
-0.788220
-0.790150
-0.792071
-0.793985
-0.795891
-0.797789
-0.799679
-0.801562
-0.803436
-0.805303
-0.807161
-0.809012
-0.810854
-0.812689
-0.814516
-0.816334
-0.818145
-0.819947
-0.821741
-0.823528
-0.825306
-0.827076
-0.828837
-0.830591
-0.832336
-0.834074
-0.835803
-0.837523
-0.839236
-0.840940
-0.842636
-0.844323
-0.846002
-0.847673
-0.849336
-0.850990
-0.852636
-0.854273
-0.855902
-0.857522
-0.859134
-0.860738
-0.862333
-0.863919
-0.865497
-0.867066
-0.868627
-0.870179
-0.871723
-0.873258
-0.874785
-0.876302
-0.877812
-0.879312
-0.880804
-0.882287
-0.883761
-0.885227
-0.886684
-0.888132
-0.889572
-0.891002
-0.892424
-0.893837
-0.895242
-0.896637
-0.898024
-0.899401
-0.900770
-0.902130
-0.903481
-0.904823
-0.906156
-0.907481
-0.908796
-0.910102
-0.911400
-0.912688
-0.913967
-0.915238
-0.916499
-0.917751
-0.918994
-0.920228
-0.921453
-0.922669
-0.923876
-0.925074
-0.926262
-0.927442
-0.928612
-0.929773
-0.930925
-0.932068
-0.933201
-0.934326
-0.935441
-0.936547
-0.937643
-0.938731
-0.939809
-0.940878
-0.941937
-0.942988
-0.944028
-0.945060
-0.946082
-0.947095
-0.948099
-0.949093
-0.950078
-0.951054
-0.952020
-0.952977
-0.953924
-0.954862
-0.955790
-0.956709
-0.957619
-0.958519
-0.959410
-0.960291
-0.961163
-0.962025
-0.962878
-0.963721
-0.964555
-0.965379
-0.966194
-0.966999
-0.967795
-0.968581
-0.969357
-0.970124
-0.970882
-0.971630
-0.972368
-0.973096
-0.973815
-0.974525
-0.975225
-0.975915
-0.976595
-0.977266
-0.977927
-0.978579
-0.979221
-0.979853
-0.980476
-0.981089
-0.981692
-0.982286
-0.982869
-0.983444
-0.984008
-0.984563
-0.985108
-0.985643
-0.986169
-0.986684
-0.987191
-0.987687
-0.988174
-0.988650
-0.989117
-0.989575
-0.990022
-0.990460
-0.990888
-0.991306
-0.991715
-0.992114
-0.992502
-0.992882
-0.993251
-0.993610
-0.993960
-0.994300
-0.994630
-0.994950
-0.995261
-0.995561
-0.995852
-0.996133
-0.996404
-0.996665
-0.996917
-0.997158
-0.997390
-0.997612
-0.997824
-0.998026
-0.998219
-0.998401
-0.998574
-0.998736
-0.998889
-0.999033
-0.999166
-0.999289
-0.999403
-0.999506
-0.999600
-0.999684
-0.999758
-0.999822
-0.999876
-0.999921
-0.999955
-0.999980
-0.999995
-1.000000
-0.999995
-0.999980
-0.999956
-0.999921
-0.999877
-0.999823
-0.999758
-0.999684
-0.999601
-0.999507
-0.999403
-0.999290
-0.999167
-0.999033
-0.998890
-0.998737
-0.998575
-0.998402
-0.998220
-0.998027
-0.997825
-0.997613
-0.997391
-0.997160
-0.996918
-0.996667
-0.996405
-0.996134
-0.995854
-0.995563
-0.995262
-0.994952
-0.994632
-0.994302
-0.993962
-0.993612
-0.993253
-0.992884
-0.992505
-0.992116
-0.991717
-0.991309
-0.990891
-0.990463
-0.990025
-0.989577
-0.989120
-0.988653
-0.988176
-0.987690
-0.987194
-0.986687
-0.986172
-0.985646
-0.985111
-0.984566
-0.984011
-0.983447
-0.982873
-0.982289
-0.981696
-0.981092
-0.980479
-0.979857
-0.979225
-0.978583
-0.977931
-0.977270
-0.976599
-0.975919
-0.975229
-0.974529
-0.973820
-0.973101
-0.972372
-0.971634
-0.970886
-0.970129
-0.969362
-0.968586
-0.967799
-0.967004
-0.966199
-0.965384
-0.964560
-0.963726
-0.962883
-0.962030
-0.961168
-0.960296
-0.959415
-0.958525
-0.957624
-0.956715
-0.955796
-0.954867
-0.953930
-0.952982
-0.952026
-0.951059
-0.950084
-0.949099
-0.948105
-0.947101
-0.946088
-0.945066
-0.944035
-0.942994
-0.941944
-0.940884
-0.939815
-0.938737
-0.937650
-0.936553
-0.935447
-0.934332
-0.933208
-0.932075
-0.930932
-0.929780
-0.928619
-0.927449
-0.926269
-0.925081
-0.923883
-0.922676
-0.921461
-0.920236
-0.919002
-0.917758
-0.916506
-0.915245
-0.913975
-0.912696
-0.911407
-0.910110
-0.908804
-0.907488
-0.906164
-0.904831
-0.903489
-0.902138
-0.900778
-0.899409
-0.898032
-0.896645
-0.895250
-0.893846
-0.892433
-0.891011
-0.889580
-0.888141
-0.886693
-0.885236
-0.883770
-0.882296
-0.880813
-0.879321
-0.877820
-0.876311
-0.874794
-0.873267
-0.871732
-0.870189
-0.868636
-0.867076
-0.865506
-0.863928
-0.862342
-0.860747
-0.859144
-0.857532
-0.855911
-0.854282
-0.852645
-0.851000
-0.849346
-0.847683
-0.846012
-0.844333
-0.842646
-0.840950
-0.839246
-0.837533
-0.835813
-0.834084
-0.832347
-0.830601
-0.828848
-0.827086
-0.825316
-0.823538
-0.821752
-0.819958
-0.818155
-0.816345
-0.814526
-0.812700
-0.810865
-0.809023
-0.807172
-0.805314
-0.803447
-0.801573
-0.799691
-0.797800
-0.795902
-0.793996
-0.792083
-0.790161
-0.788232
-0.786295
-0.784350
-0.782397
-0.780437
-0.778468
-0.776493
-0.774509
-0.772518
-0.770520
-0.768513
-0.766499
-0.764478
-0.762449
-0.760412
-0.758368
-0.756317
-0.754258
-0.752191
-0.750118
-0.748036
-0.745948
-0.743852
-0.741748
-0.739638
-0.737520
-0.735395
-0.733262
-0.731122
-0.728975
-0.726821
-0.724660
-0.722492
-0.720316
-0.718133
-0.715943
-0.713747
-0.711543
-0.709332
-0.707114
-0.704889
-0.702657
-0.700418
-0.698173
-0.695920
-0.693660
-0.691394
-0.689121
-0.686841
-0.684554
-0.682261
-0.679961
-0.677654
-0.675340
-0.673020
-0.670693
-0.668359
-0.666019
-0.663673
-0.661319
-0.658960
-0.656593
-0.654221
-0.651841
-0.649456
-0.647064
-0.644665
-0.642260
-0.639849
-0.637432
-0.635008
-0.632578
-0.630142
-0.627699
-0.625250
-0.622796
-0.620335
-0.617868
-0.615394
-0.612915
-0.610430
-0.607938
-0.605441
-0.602938
-0.600428
-0.597913
-0.595392
-0.592865
-0.590332
-0.587793
-0.585249
-0.582699
-0.580143
-0.577581
-0.575014
-0.572440
-0.569862
-0.567277
-0.564687
-0.562092
-0.559491
-0.556884
-0.554272
-0.551654
-0.549031
-0.546403
-0.543769
-0.541130
-0.538485
-0.535835
-0.533180
-0.530520
-0.527854
-0.525183
-0.522507
-0.519826
-0.517140
-0.514448
-0.511752
-0.509050
-0.506344
-0.503632
-0.500915
-0.498194
-0.495468
-0.492736
-0.490000
-0.487259
-0.484513
-0.481763
-0.479007
-0.476247
-0.473482
-0.470713
-0.467939
-0.465160
-0.462377
-0.459589
-0.456797
-0.454000
-0.451198
-0.448392
-0.445582
-0.442767
-0.439948
-0.437125
-0.434297
-0.431465
-0.428629
-0.425789
-0.422944
-0.420095
-0.417242
-0.414385
-0.411524
-0.408658
-0.405789
-0.402916
-0.400039
-0.397157
-0.394272
-0.391383
-0.388490
-0.385593
-0.382693
-0.379789
-0.376881
-0.373969
-0.371053
-0.368134
-0.365211
-0.362285
-0.359355
-0.356422
-0.353484
-0.350544
-0.347600
-0.344653
-0.341702
-0.338748
-0.335790
-0.332829
-0.329865
-0.326898
-0.323927
-0.320953
-0.317976
-0.314996
-0.312013
-0.309027
-0.306037
-0.303045
-0.300050
-0.297051
-0.294050
-0.291046
-0.288039
-0.285029
-0.282017
-0.279001
-0.275983
-0.272962
-0.269938
-0.266912
-0.263883
-0.260852
-0.257817
-0.254781
-0.251742
-0.248700
-0.245656
-0.242609
-0.239560
-0.236509
-0.233455
-0.230400
-0.227341
-0.224281
-0.221218
-0.218153
-0.215086
-0.212017
-0.208946
-0.205873
-0.202798
-0.199720
-0.196641
-0.193560
-0.190477
-0.187392
-0.184305
-0.181216
-0.178126
-0.175033
-0.171939
-0.168844
-0.165746
-0.162648
-0.159547
-0.156445
-0.153341
-0.150236
-0.147129
-0.144021
-0.140912
-0.137801
-0.134688
-0.131575
-0.128460
-0.125344
-0.122226
-0.119108
-0.115988
-0.112867
-0.109745
-0.106622
-0.103497
-0.100372
-0.097246
-0.094119
-0.090991
-0.087862
-0.084732
-0.081601
-0.078470
-0.075337
-0.072204
-0.069071
-0.065936
-0.062801
-0.059665
-0.056529
-0.053392
-0.050255
-0.047117
-0.043979
-0.040840
-0.037701
-0.034561
-0.031421
-0.028281
-0.025141
-0.022000
-0.018859
-0.015718
-0.012577
-0.009435
-0.006294
-0.003152
-0.000011
0.003131
0.006273
0.009414
0.012555
0.015697
0.018838
0.021979
0.025119
0.028260
0.031400
0.034540
0.037680
0.040819
0.043957
0.047096
0.050234
0.053371
0.056508
0.059644
0.062780
0.065915
0.069049
0.072183
0.075316
0.078448
0.081580
0.084711
0.087841
0.090970
0.094098
0.097225
0.100351
0.103476
0.106601
0.109724
0.112846
0.115967
0.119087
0.122205
0.125323
0.128439
0.131554
0.134667
0.137780
0.140891
0.144000
0.147108
0.150215
0.153320
0.156424
0.159526
0.162627
0.165726
0.168823
0.171919
0.175012
0.178105
0.181195
0.184284
0.187371
0.190456
0.193539
0.196620
0.199699
0.202777
0.205852
0.208925
0.211997
0.215066
0.218133
0.221198
0.224260
0.227321
0.230379
0.233435
0.236488
0.239540
0.242589
0.245635
0.248679
0.251721
0.254760
0.257797
0.260831
0.263863
0.266892
0.269918
0.272941
0.275962
0.278981
0.281996
0.285009
0.288019
0.291026
0.294030
0.297031
0.300030
0.303025
0.306017
0.309007
0.311993
0.314976
0.317956
0.320933
0.323907
0.326878
0.329845
0.332809
0.335770
0.338728
0.341682
0.344633
0.347580
0.350524
0.353465
0.356402
0.359335
0.362265
0.365192
0.368114
0.371034
0.373949
0.376861
0.379769
0.382673
0.385574
0.388471
0.391364
0.394253
0.397138
0.400019
0.402896
0.405770
0.408639
0.411504
0.414366
0.417223
0.420076
0.422925
0.425769
0.428610
0.431446
0.434278
0.437106
0.439929
0.442748
0.445563
0.448373
0.451179
0.453981
0.456778
0.459570
0.462358
0.465141
0.467920
0.470694
0.473464
0.476229
0.478989
0.481744
0.484495
0.487240
0.489982
0.492718
0.495449
0.498176
0.500897
0.503614
0.506325
0.509032
0.511733
0.514430
0.517122
0.519808
0.522489
0.525165
0.527836
0.530502
0.533162
0.535817
0.538467
0.541112
0.543751
0.546385
0.549014
0.551637
0.554254
0.556866
0.559473
0.562074
0.564670
0.567260
0.569844
0.572423
0.574996
0.577564
0.580125
0.582681
0.585232
0.587776
0.590315
0.592848
0.595375
0.597896
0.600411
0.602921
0.605424
0.607921
0.610413
0.612898
0.615378
0.617851
0.620318
0.622779
0.625234
0.627683
0.630125
0.632561
0.634992
0.637415
0.639833
0.642244
0.644649
0.647047
0.649440
0.651825
0.654204
0.656577
0.658944
0.661303
0.663657
0.666003
0.668344
0.670677
0.673004
0.675325
0.677638
0.679945
0.682245
0.684539
0.686826
0.689106
0.691379
0.693645
0.695905
0.698157
0.700403
0.702642
0.704874
0.707099
0.709317
0.711528
0.713732
0.715929
0.718118
0.720301
0.722477
0.724645
0.726807
0.728961
0.731108
0.733248
0.735380
0.737505
0.739623
0.741734
0.743838
0.745934
0.748022
0.750104
0.752177
0.754244
0.756303
0.758355
0.760399
0.762435
0.764464
0.766486
0.768500
0.770506
0.772505
0.774496
0.776479
0.778455
0.780423
0.782384
0.784336
0.786281
0.788219
0.790148
0.792070
0.793983
0.795889
0.797788
0.799678
0.801560
0.803435
0.805301
0.807160
0.809010
0.810853
0.812688
0.814514
0.816333
0.818143
0.819946
0.821740
0.823526
0.825304
0.827074
0.828836
0.830590
0.832335
0.834072
0.835801
0.837522
0.839234
0.840938
0.842634
0.844322
0.846001
0.847672
0.849334
0.850988
0.852634
0.854271
0.855900
0.857521
0.859133
0.860736
0.862331
0.863918
0.865496
0.867065
0.868626
0.870178
0.871722
0.873257
0.874783
0.876301
0.877810
0.879311
0.880803
0.882286
0.883760
0.885226
0.886683
0.888131
0.889571
0.891001
0.892423
0.893836
0.895241
0.896636
0.898022
0.899400
0.900769
0.902129
0.903480
0.904822
0.906155
0.907480
0.908795
0.910101
0.911399
0.912687
0.913966
0.915237
0.916498
0.917750
0.918993
0.920227
0.921452
0.922668
0.923875
0.925073
0.926261
0.927441
0.928611
0.929772
0.930924
0.932067
0.933200
0.934325
0.935440
0.936546
0.937642
0.938730
0.939808
0.940877
0.941936
0.942987
0.944028
0.945059
0.946082
0.947095
0.948098
0.949092
0.950077
0.951053
0.952019
0.952976
0.953923
0.954861
0.955790
0.956709
0.957618
0.958518
0.959409
0.960290
0.961162
0.962024
0.962877
0.963721
0.964554
0.965379
0.966193
0.966999
0.967794
0.968580
0.969357
0.970124
0.970881
0.971629
0.972367
0.973096
0.973815
0.974524
0.975224
0.975914
0.976595
0.977266
0.977927
0.978578
0.979220
0.979853
0.980475
0.981088
0.981691
0.982285
0.982869
0.983443
0.984008
0.984562
0.985107
0.985643
0.986168
0.986684
0.987190
0.987686
0.988173
0.988650
0.989117
0.989574
0.990022
0.990460
0.990888
0.991306
0.991715
0.992113
0.992502
0.992881
0.993250
0.993610
0.993960
0.994300
0.994630
0.994950
0.995260
0.995561
0.995852
0.996133
0.996404
0.996665
0.996916
0.997158
0.997390
0.997612
0.997824
0.998026
0.998218
0.998401
0.998574
0.998736
0.998889
0.999032
0.999166
0.999289
0.999403
0.999506
0.999600
0.999684
0.999758
0.999822
0.999876
0.999921
0.999955
0.999980
0.999995
1.000000
0.999995
0.999980
0.999956
0.999921
0.999877
0.999823
0.999758
0.999684
0.999601
0.999507
0.999403
0.999290
0.999167
0.999033
0.998890
0.998738
0.998575
0.998402
0.998220
0.998027
0.997825
0.997613
0.997391
0.997160
0.996918
0.996667
0.996406
0.996135
0.995854
0.995563
0.995263
0.994952
0.994632
0.994302
0.993962
0.993613
0.993253
0.992884
0.992505
0.992116
0.991718
0.991309
0.990891
0.990463
0.990025
0.989578
0.989121
0.988654
0.988177
0.987690
0.987194
0.986688
0.986172
0.985647
0.985111
0.984566
0.984012
0.983447
0.982873
0.982290
0.981696
0.981093
0.980480
0.979857
0.979225
0.978583
0.977932
0.977271
0.976600
0.975919
0.975229
0.974530
0.973820
0.973101
0.972373
0.971635
0.970887
0.970130
0.969363
0.968586
0.967800
0.967005
0.966199
0.965385
0.964561
0.963727
0.962884
0.962031
0.961169
0.960297
0.959416
0.958525
0.957625
0.956716
0.955797
0.954868
0.953930
0.952983
0.952026
0.951060
0.950085
0.949100
0.948106
0.947102
0.946089
0.945067
0.944035
0.942995
0.941944
0.940885
0.939816
0.938738
0.937651
0.936554
0.935448
0.934333
0.933209
0.932076
0.930933
0.929781
0.928620
0.927450
0.926270
0.925082
0.923884
0.922677
0.921462
0.920237
0.919003
0.917760
0.916507
0.915246
0.913976
0.912697
0.911408
0.910111
0.908805
0.907490
0.906165
0.904832
0.903490
0.902139
0.900779
0.899411
0.898033
0.896646
0.895251
0.893847
0.892434
0.891012
0.889582
0.888142
0.886694
0.885237
0.883771
0.882297
0.880814
0.879322
0.877822
0.876313
0.874795
0.873268
0.871733
0.870190
0.868638
0.867077
0.865508
0.863930
0.862343
0.860748
0.859145
0.857533
0.855913
0.854284
0.852647
0.851001
0.849347
0.847685
0.846014
0.844335
0.842647
0.840951
0.839247
0.837535
0.835814
0.834085
0.832348
0.830603
0.828849
0.827088
0.825318
0.823540
0.821754
0.819959
0.818157
0.816346
0.814528
0.812701
0.810867
0.809024
0.807174
0.805315
0.803449
0.801574
0.799692
0.797802
0.795904
0.793998
0.792084
0.790163
0.788233
0.786296
0.784351
0.782399
0.780438
0.778470
0.776494
0.774511
0.772520
0.770521
0.768515
0.766501
0.764480
0.762451
0.760414
0.758370
0.756319
0.754260
0.752193
0.750119
0.748038
0.745950
0.743854
0.741750
0.739640
0.737522
0.735396
0.733264
0.731124
0.728977
0.726823
0.724662
0.722493
0.720318
0.718135
0.715945
0.713748
0.711545
0.709334
0.707116
0.704891
0.702659
0.700420
0.698174
0.695922
0.693662
0.691396
0.689123
0.686843
0.684556
0.682263
0.679963
0.677656
0.675342
0.673022
0.670695
0.668361
0.666021
0.663675
0.661321
0.658962
0.656595
0.654223
0.651843
0.649458
0.647066
0.644667
0.642262
0.639851
0.637434
0.635010
0.632580
0.630144
0.627701
0.625253
0.622798
0.620337
0.617870
0.615396
0.612917
0.610432
0.607940
0.605443
0.602940
0.600430
0.597915
0.595394
0.592867
0.590334
0.587796
0.585251
0.582701
0.580145
0.577583
0.575016
0.572443
0.569864
0.567279
0.564689
0.562094
0.559493
0.556886
0.554274
0.551657
0.549033
0.546405
0.543771
0.541132
0.538487
0.535838
0.533182
0.530522
0.527856
0.525186
0.522509
0.519828
0.517142
0.514451
0.511754
0.509052
0.506346
0.503634
0.500918
0.498196
0.495470
0.492739
0.490002
0.487261
0.484516
0.481765
0.479010
0.476250
0.473485
0.470715
0.467941
0.465162
0.462379
0.459591
0.456799
0.454002
0.451201
0.448395
0.445584
0.442770
0.439951
0.437127
0.434300
0.431468
0.428631
0.425791
0.422946
0.420097
0.417244
0.414387
0.411526
0.408661
0.405792
0.402918
0.400041
0.397160
0.394275
0.391386
0.388493
0.385596
0.382695
0.379791
0.376883
0.373971
0.371056
0.368137
0.365214
0.362287
0.359357
0.356424
0.353487
0.350546
0.347602
0.344655
0.341704
0.338750
0.335793
0.332832
0.329868
0.326900
0.323930
0.320956
0.317979
0.314999
0.312016
0.309029
0.306040
0.303048
0.300052
0.297054
0.294053
0.291049
0.288042
0.285032
0.282019
0.279004
0.275985
0.272964
0.269941
0.266915
0.263886
0.260854
0.257820
0.254783
0.251744
0.248703
0.245658
0.242612
0.239563
0.236512
0.233458
0.230402
0.227344
0.224284
0.221221
0.218156
0.215089
0.212020
0.208949
0.205875
0.202800
0.199723
0.196644
0.193562
0.190479
0.187394
0.184307
0.181219
0.178128
0.175036
0.171942
0.168846
0.165749
0.162650
0.159550
0.156447
0.153344
0.150239
0.147132
0.144024
0.140914
0.137803
0.134691
0.131577
0.128462
0.125346
0.122229
0.119110
0.115990
0.112869
0.109747
0.106624
0.103500
0.100375
0.097249
0.094121
0.090993
0.087864
0.084734
0.081604
0.078472
0.075340
0.072207
0.069073
0.065939
0.062804
0.059668
0.056532
0.053395
0.050258
0.047120
0.043981
0.040843
0.037703
0.034564
0.031424
0.028284
0.025143
0.022003
0.018862
0.015721
0.012579
0.009438
0.006296
0.003155
0.000013
-0.003128
-0.006270
-0.009411
-0.012553
-0.015694
-0.018835
-0.021976
-0.025117
-0.028257
-0.031397
-0.034537
-0.037677
-0.040816
-0.043955
-0.047093
-0.050231
-0.053368
-0.056505
-0.059642
-0.062777
-0.065912
-0.069047
-0.072180
-0.075314
-0.078446
-0.081577
-0.084708
-0.087838
-0.090967
-0.094095
-0.097222
-0.100348
-0.103474
-0.106598
-0.109721
-0.112843
-0.115964
-0.119084
-0.122203
-0.125320
-0.128436
-0.131551
-0.134665
-0.137777
-0.140888
-0.143998
-0.147106
-0.150212
-0.153318
-0.156421
-0.159523
-0.162624
-0.165723
-0.168820
-0.171916
-0.175010
-0.178102
-0.181193
-0.184281
-0.187368
-0.190453
-0.193536
-0.196618
-0.199697
-0.202774
-0.205849
-0.208923
-0.211994
-0.215063
-0.218130
-0.221195
-0.224258
-0.227318
-0.230376
-0.233432
-0.236486
-0.239537
-0.242586
-0.245633
-0.248677
-0.251718
-0.254758
-0.257794
-0.260828
-0.263860
-0.266889
-0.269915
-0.272939
-0.275960
-0.278978
-0.281994
-0.285006
-0.288016
-0.291023
-0.294027
-0.297029
-0.300027
-0.303022
-0.306015
-0.309004
-0.311990
-0.314974
-0.317954
-0.320931
-0.323905
-0.326875
-0.329843
-0.332807
-0.335768
-0.338725
-0.341679
-0.344630
-0.347578
-0.350522
-0.353462
-0.356399
-0.359333
-0.362263
-0.365189
-0.368112
-0.371031
-0.373947
-0.376858
-0.379767
-0.382671
-0.385571
-0.388468
-0.391361
-0.394250
-0.397135
-0.400017
-0.402894
-0.405767
-0.408637
-0.411502
-0.414363
-0.417220
-0.420073
-0.422922
-0.425767
-0.428607
-0.431444
-0.434276
-0.437103
-0.439927
-0.442746
-0.445561
-0.448371
-0.451177
-0.453978
-0.456775
-0.459568
-0.462356
-0.465139
-0.467918
-0.470692
-0.473461
-0.476226
-0.478986
-0.481742
-0.484492
-0.487238
-0.489979
-0.492715
-0.495447
-0.498173
-0.500895
-0.503611
-0.506323
-0.509030
-0.511731
-0.514428
-0.517119
-0.519806
-0.522487
-0.525163
-0.527834
-0.530500
-0.533160
-0.535815
-0.538465
-0.541110
-0.543749
-0.546383
-0.549011
-0.551634
-0.554252
-0.556864
-0.559471
-0.562072
-0.564668
-0.567258
-0.569842
-0.572421
-0.574994
-0.577561
-0.580123
-0.582679
-0.585230
-0.587774
-0.590313
-0.592846
-0.595373
-0.597894
-0.600409
-0.602919
-0.605422
-0.607919
-0.610411
-0.612896
-0.615375
-0.617849
-0.620316
-0.622777
-0.625232
-0.627681
-0.630123
-0.632559
-0.634990
-0.637413
-0.639831
-0.642242
-0.644647
-0.647045
-0.649438
-0.651823
-0.654202
-0.656575
-0.658942
-0.661301
-0.663655
-0.666002
-0.668342
-0.670675
-0.673002
-0.675323
-0.677636
-0.679943
-0.682243
-0.684537
-0.686824
-0.689104
-0.691377
-0.693643
-0.695903
-0.698155
-0.700401
-0.702640
-0.704872
-0.707097
-0.709315
-0.711526
-0.713730
-0.715927
-0.718117
-0.720299
-0.722475
-0.724644
-0.726805
-0.728959
-0.731106
-0.733246
-0.735378
-0.737504
-0.739622
-0.741732
-0.743836
-0.745932
-0.748021
-0.750102
-0.752176
-0.754242
-0.756301
-0.758353
-0.760397
-0.762433
-0.764463
-0.766484
-0.768498
-0.770504
-0.772503
-0.774494
-0.776478
-0.778454
-0.780422
-0.782382
-0.784335
-0.786280
-0.788217
-0.790146
-0.792068
-0.793982
-0.795888
-0.797786
-0.799676
-0.801559
-0.803433
-0.805300
-0.807158
-0.809009
-0.810851
-0.812686
-0.814513
-0.816331
-0.818142
-0.819944
-0.821738
-0.823525
-0.825303
-0.827073
-0.828834
-0.830588
-0.832333
-0.834071
-0.835800
-0.837520
-0.839233
-0.840937
-0.842633
-0.844320
-0.846000
-0.847670
-0.849333
-0.850987
-0.852633
-0.854270
-0.855899
-0.857519
-0.859131
-0.860735
-0.862330
-0.863916
-0.865494
-0.867064
-0.868625
-0.870177
-0.871720
-0.873256
-0.874782
-0.876300
-0.877809
-0.879310
-0.880801
-0.882285
-0.883759
-0.885225
-0.886682
-0.888130
-0.889569
-0.891000
-0.892422
-0.893835
-0.895239
-0.896635
-0.898021
-0.899399
-0.900768
-0.902128
-0.903479
-0.904821
-0.906154
-0.907478
-0.908794
-0.910100
-0.911397
-0.912686
-0.913965
-0.915235
-0.916497
-0.917749
-0.918992
-0.920226
-0.921451
-0.922667
-0.923874
-0.925072
-0.926260
-0.927440
-0.928610
-0.929771
-0.930923
-0.932066
-0.933199
-0.934324
-0.935439
-0.936545
-0.937642
-0.938729
-0.939807
-0.940876
-0.941935
-0.942986
-0.944027
-0.945058
-0.946081
-0.947094
-0.948097
-0.949092
-0.950077
-0.951052
-0.952018
-0.952975
-0.953922
-0.954860
-0.955789
-0.956708
-0.957618
-0.958518
-0.959408
-0.960290
-0.961161
-0.962024
-0.962877
-0.963720
-0.964554
-0.965378
-0.966193
-0.966998
-0.967793
-0.968580
-0.969356
-0.970123
-0.970881
-0.971628
-0.972367
-0.973095
-0.973814
-0.974524
-0.975223
-0.975914
-0.976594
-0.977265
-0.977926
-0.978578
-0.979220
-0.979852
-0.980475
-0.981088
-0.981691
-0.982285
-0.982868
-0.983443
-0.984007
-0.984562
-0.985107
-0.985642
-0.986168
-0.986684
-0.987190
-0.987686
-0.988173
-0.988650
-0.989117
-0.989574
-0.990022
-0.990459
-0.990887
-0.991306
-0.991714
-0.992113
-0.992502
-0.992881
-0.993250
-0.993610
-0.993959
-0.994299
-0.994629
-0.994950
-0.995260
-0.995561
-0.995851
-0.996132
-0.996403
-0.996665
-0.996916
-0.997158
-0.997390
-0.997612
-0.997824
-0.998026
-0.998218
-0.998401
-0.998573
-0.998736
-0.998889
-0.999032
-0.999166
-0.999289
-0.999402
-0.999506
-0.999600
-0.999684
-0.999758
-0.999822
-0.999876
-0.999921
-0.999955
-0.999980
-0.999995
-1.000000
-0.999995
-0.999980
-0.999956
-0.999921
-0.999877
-0.999823
-0.999759
-0.999685
-0.999601
-0.999507
-0.999403
-0.999290
-0.999167
-0.999034
-0.998891
-0.998738
-0.998575
-0.998402
-0.998220
-0.998028
-0.997826
-0.997614
-0.997392
-0.997160
-0.996918
-0.996667
-0.996406
-0.996135
-0.995854
-0.995563
-0.995263
-0.994952
-0.994632
-0.994302
-0.993963
-0.993613
-0.993254
-0.992884
-0.992505
-0.992117
-0.991718
-0.991310
-0.990891
-0.990463
-0.990026
-0.989578
-0.989121
-0.988654
-0.988177
-0.987691
-0.987194
-0.986688
-0.986173
-0.985647
-0.985112
-0.984567
-0.984012
-0.983448
-0.982874
-0.982290
-0.981697
-0.981093
-0.980481
-0.979858
-0.979226
-0.978584
-0.977932
-0.977271
-0.976600
-0.975920
-0.975230
-0.974530
-0.973821
-0.973102
-0.972373
-0.971635
-0.970888
-0.970130
-0.969363
-0.968587
-0.967801
-0.967005
-0.966200
-0.965386
-0.964561
-0.963728
-0.962884
-0.962032
-0.961170
-0.960298
-0.959417
-0.958526
-0.957626
-0.956716
-0.955797
-0.954869
-0.953931
-0.952984
-0.952027
-0.951061
-0.950086
-0.949101
-0.948107
-0.947103
-0.946090
-0.945068
-0.944036
-0.942995
-0.941945
-0.940886
-0.939817
-0.938739
-0.937652
-0.936555
-0.935449
-0.934334
-0.933210
-0.932077
-0.930934
-0.929782
-0.928621
-0.927451
-0.926271
-0.925083
-0.923885
-0.922678
-0.921463
-0.920238
-0.919004
-0.917761
-0.916508
-0.915247
-0.913977
-0.912698
-0.911409
-0.910112
-0.908806
-0.907491
-0.906167
-0.904833
-0.903491
-0.902140
-0.900781
-0.899412
-0.898034
-0.896648
-0.895252
-0.893848
-0.892435
-0.891013
-0.889583
-0.888143
-0.886695
-0.885238
-0.883773
-0.882298
-0.880815
-0.879323
-0.877823
-0.876314
-0.874796
-0.873270
-0.871735
-0.870191
-0.868639
-0.867078
-0.865509
-0.863931
-0.862345
-0.860750
-0.859146
-0.857534
-0.855914
-0.854285
-0.852648
-0.851002
-0.849348
-0.847686
-0.846015
-0.844336
-0.842649
-0.840953
-0.839249
-0.837536
-0.835816
-0.834087
-0.832350
-0.830604
-0.828851
-0.827089
-0.825319
-0.823541
-0.821755
-0.819961
-0.818158
-0.816348
-0.814529
-0.812703
-0.810868
-0.809026
-0.807175
-0.805317
-0.803450
-0.801576
-0.799694
-0.797804
-0.795906
-0.794000
-0.792086
-0.790164
-0.788235
-0.786298
-0.784353
-0.782400
-0.780440
-0.778472
-0.776496
-0.774513
-0.772522
-0.770523
-0.768517
-0.766503
-0.764481
-0.762452
-0.760416
-0.758372
-0.756320
-0.754261
-0.752195
-0.750121
-0.748040
-0.745951
-0.743855
-0.741752
-0.739641
-0.737523
-0.735398
-0.733266
-0.731126
-0.728979
-0.726825
-0.724664
-0.722495
-0.720320
-0.718137
-0.715947
-0.713750
-0.711546
-0.709335
-0.707118
-0.704893
-0.702661
-0.700422
-0.698176
-0.695924
-0.693664
-0.691398
-0.689125
-0.686845
-0.684558
-0.682265
-0.679965
-0.677658
-0.675344
-0.673024
-0.670697
-0.668363
-0.666023
-0.663677
-0.661323
-0.658964
-0.656597
-0.654225
-0.651845
-0.649460
-0.647068
-0.644669
-0.642264
-0.639853
-0.637436
-0.635012
-0.632582
-0.630146
-0.627703
-0.625255
-0.622800
-0.620339
-0.617872
-0.615398
-0.612919
-0.610434
-0.607943
-0.605445
-0.602942
-0.600433
-0.597917
-0.595396
-0.592869
-0.590336
-0.587798
-0.585253
-0.582703
-0.580147
-0.577585
-0.575018
-0.572445
-0.569866
-0.567282
-0.564692
-0.562096
-0.559495
-0.556888
-0.554276
-0.551659
-0.549036
-0.546407
-0.543773
-0.541134
-0.538490
-0.535840
-0.533185
-0.530524
-0.527859
-0.525188
-0.522512
-0.519831
-0.517144
-0.514453
-0.511756
-0.509055
-0.506348
-0.503637
-0.500920
-0.498199
-0.495472
-0.492741
-0.490005
-0.487264
-0.484518
-0.481767
-0.479012
-0.476252
-0.473487
-0.470718
-0.467944
-0.465165
-0.462382
-0.459594
-0.456801
-0.454004
-0.451203
-0.448397
-0.445587
-0.442772
-0.439953
-0.437130
-0.434302
-0.431470
-0.428634
-0.425793
-0.422949
-0.420100
-0.417247
-0.414390
-0.411529
-0.408663
-0.405794
-0.402921
-0.400043
-0.397162
-0.394277
-0.391388
-0.388495
-0.385598
-0.382698
-0.379794
-0.376885
-0.373974
-0.371058
-0.368139
-0.365216
-0.362290
-0.359360
-0.356426
-0.353489
-0.350549
-0.347605
-0.344658
-0.341707
-0.338753
-0.335795
-0.332834
-0.329870
-0.326903
-0.323932
-0.320958
-0.317981
-0.315001
-0.312018
-0.309032
-0.306043
-0.303050
-0.300055
-0.297057
-0.294055
-0.291051
-0.288044
-0.285034
-0.282022
-0.279006
-0.275988
-0.272967
-0.269943
-0.266917
-0.263888
-0.260857
-0.257823
-0.254786
-0.251747
-0.248705
-0.245661
-0.242614
-0.239566
-0.236514
-0.233461
-0.230405
-0.227347
-0.224286
-0.221223
-0.218159
-0.215092
-0.212022
-0.208951
-0.205878
-0.202803
-0.199725
-0.196646
-0.193565
-0.190482
-0.187397
-0.184310
-0.181221
-0.178131
-0.175039
-0.171945
-0.168849
-0.165752
-0.162653
-0.159552
-0.156450
-0.153346
-0.150241
-0.147135
-0.144026
-0.140917
-0.137806
-0.134694
-0.131580
-0.128465
-0.125349
-0.122231
-0.119113
-0.115993
-0.112872
-0.109750
-0.106627
-0.103503
-0.100377
-0.097251
-0.094124
-0.090996
-0.087867
-0.084737
-0.081606
-0.078475
-0.075343
-0.072210
-0.069076
-0.065941
-0.062806
-0.059671
-0.056534
-0.053398
-0.050260
-0.047122
-0.043984
-0.040845
-0.037706
-0.034567
-0.031427
-0.028286
-0.025146
-0.022005
-0.018864
-0.015723
-0.012582
-0.009441
-0.006299
-0.003158
-0.000016
0.003126
0.006267
0.009409
0.012550
0.015691
0.018833
0.021973
0.025114
0.028255
0.031395
0.034535
0.037674
0.040813
0.043952
0.047091
0.050228
0.053366
0.056503
0.059639
0.062775
0.065910
0.069044
0.072178
0.075311
0.078443
0.081575
0.084705
0.087835
0.090964
0.094092
0.097220
0.100346
0.103471
0.106595
0.109718
0.112840
0.115961
0.119081
0.122200
0.125317
0.128434
0.131548
0.134662
0.137774
0.140885
0.143995
0.147103
0.150210
0.153315
0.156419
0.159521
0.162621
0.165720
0.168818
0.171913
0.175007
0.178099
0.181190
0.184279
0.187366
0.190451
0.193534
0.196615
0.199694
0.202772
0.205847
0.208920
0.211991
0.215061
0.218128
0.221192
0.224255
0.227316
0.230374
0.233430
0.236483
0.239535
0.242584
0.245630
0.248674
0.251716
0.254755
0.257792
0.260826
0.263857
0.266886
0.269913
0.272936
0.275957
0.278976
0.281991
0.285004
0.288014
0.291021
0.294025
0.297026
0.300024
0.303020
0.306012
0.309002
0.311988
0.314971
0.317951
0.320928
0.323902
0.326873
0.329840
0.332804
0.335765
0.338723
0.341677
0.344628
0.347575
0.350519
0.353460
0.356397
0.359330
0.362260
0.365187
0.368109
0.371029
0.373944
0.376856
0.379764
0.382668
0.385569
0.388466
0.391359
0.394248
0.397133
0.400014
0.402892
0.405765
0.408634
0.411500
0.414361
0.417218
0.420071
0.422920
0.425765
0.428605
0.431441
0.434273
0.437101
0.439925
0.442744
0.445558
0.448369
0.451175
0.453976
0.456773
0.459565
0.462353
0.465137
0.467915
0.470690
0.473459
0.476224
0.478984
0.481739
0.484490
0.487236
0.489977
0.492713
0.495444
0.498171
0.500892
0.503609
0.506321
0.509027
0.511729
0.514425
0.517117
0.519803
0.522485
0.525161
0.527832
0.530497
0.533158
0.535813
0.538463
0.541107
0.543747
0.546381
0.549009
0.551632
0.554250
0.556862
0.559469
0.562070
0.564665
0.567255
0.569840
0.572419
0.574992
0.577559
0.580121
0.582677
0.585227
0.587772
0.590311
0.592844
0.595371
0.597892
0.600407
0.602916
0.605420
0.607917
0.610409
0.612894
0.615373
0.617847
0.620314
0.622775
0.625230
0.627679
0.630121
0.632557
0.634987
0.637411
0.639829
0.642240
0.644645
0.647043
0.649435
0.651821
0.654200
0.656573
0.658940
0.661299
0.663653
0.666000
0.668340
0.670673
0.673000
0.675321
0.677634
0.679941
0.682242
0.684535
0.686822
0.689102
0.691375
0.693641
0.695901
0.698154
0.700399
0.702638
0.704870
0.707095
0.709313
0.711524
0.713728
0.715925
0.718115
0.720298
0.722473
0.724642
0.726803
0.728957
0.731104
0.733244
0.735377
0.737502
0.739620
0.741731
0.743834
0.745930
0.748019
0.750100
0.752174
0.754240
0.756299
0.758351
0.760395
0.762432
0.764461
0.766482
0.768496
0.770503
0.772501
0.774493
0.776476
0.778452
0.780420
0.782380
0.784333
0.786278
0.788215
0.790145
0.792066
0.793980
0.795886
0.797784
0.799675
0.801557
0.803431
0.805298
0.807157
0.809007
0.810850
0.812684
0.814511
0.816330
0.818140
0.819943
0.821737
0.823523
0.825301
0.827071
0.828833
0.830587
0.832332
0.834069
0.835798
0.837519
0.839231
0.840936
0.842631
0.844319
0.845998
0.847669
0.849332
0.850986
0.852631
0.854269
0.855898
0.857518
0.859130
0.860733
0.862328
0.863915
0.865493
0.867062
0.868623
0.870175
0.871719
0.873254
0.874781
0.876299
0.877808
0.879308
0.880800
0.882283
0.883758
0.885223
0.886680
0.888129
0.889568
0.890999
0.892421
0.893834
0.895238
0.896634
0.898020
0.899398
0.900767
0.902127
0.903478
0.904820
0.906153
0.907477
0.908793
0.910099
0.911396
0.912685
0.913964
0.915234
0.916496
0.917748
0.918991
0.920225
0.921450
0.922666
0.923873
0.925071
0.926259
0.927439
0.928609
0.929770
0.930922
0.932065
0.933199
0.934323
0.935438
0.936544
0.937641
0.938728
0.939806
0.940875
0.941935
0.942985
0.944026
0.945058
0.946080
0.947093
0.948097
0.949091
0.950076
0.951051
0.952017
0.952974
0.953922
0.954859
0.955788
0.956707
0.957617
0.958517
0.959408
0.960289
0.961161
0.962023
0.962876
0.963719
0.964553
0.965377
0.966192
0.966997
0.967793
0.968579
0.969355
0.970122
0.970880
0.971628
0.972366
0.973095
0.973814
0.974523
0.975223
0.975913
0.976594
0.977265
0.977926
0.978577
0.979219
0.979852
0.980474
0.981087
0.981690
0.982284
0.982868
0.983442
0.984007
0.984561
0.985106
0.985642
0.986167
0.986683
0.987189
0.987686
0.988172
0.988649
0.989116
0.989574
0.990021
0.990459
0.990887
0.991305
0.991714
0.992113
0.992501
0.992881
0.993250
0.993609
0.993959
0.994299
0.994629
0.994949
0.995260
0.995560
0.995851
0.996132
0.996403
0.996665
0.996916
0.997158
0.997389
0.997611
0.997823
0.998026
0.998218
0.998401
0.998573
0.998736
0.998889
0.999032
0.999165
0.999289
0.999402
0.999506
0.999600
0.999684
0.999758
0.999822
0.999876
0.999921
0.999955
0.999980
0.999995
1.000000
0.999995
0.999980
0.999956
0.999921
0.999877
0.999823
0.999759
0.999685
0.999601
0.999507
0.999404
0.999290
0.999167
0.999034
0.998891
0.998738
0.998575
0.998403
0.998220
0.998028
0.997826
0.997614
0.997392
0.997160
0.996919
0.996667
0.996406
0.996135
0.995854
0.995564
0.995263
0.994953
0.994633
0.994303
0.993963
0.993613
0.993254
0.992885
0.992506
0.992117
0.991718
0.991310
0.990892
0.990464
0.990026
0.989579
0.989121
0.988654
0.988178
0.987691
0.987195
0.986689
0.986173
0.985648
0.985112
0.984567
0.984013
0.983448
0.982874
0.982291
0.981697
0.981094
0.980481
0.979859
0.979226
0.978584
0.977933
0.977272
0.976601
0.975921
0.975230
0.974531
0.973821
0.973103
0.972374
0.971636
0.970888
0.970131
0.969364
0.968588
0.967801
0.967006
0.966201
0.965386
0.964562
0.963728
0.962885
0.962032
0.961170
0.960299
0.959417
0.958527
0.957627
0.956717
0.955798
0.954870
0.953932
0.952985
0.952028
0.951062
0.950086
0.949102
0.948107
0.947104
0.946091
0.945069
0.944037
0.942996
0.941946
0.940887
0.939818
0.938740
0.937653
0.936556
0.935450
0.934335
0.933211
0.932077
0.930935
0.929783
0.928622
0.927452
0.926272
0.925084
0.923886
0.922680
0.921464
0.920239
0.919005
0.917762
0.916509
0.915248
0.913978
0.912699
0.911411
0.910113
0.908807
0.907492
0.906168
0.904835
0.903493
0.902142
0.900782
0.899413
0.898035
0.896649
0.895254
0.893849
0.892436
0.891015
0.889584
0.888145
0.886696
0.885240
0.883774
0.882300
0.880816
0.879325
0.877824
0.876315
0.874797
0.873271
0.871736
0.870192
0.868640
0.867080
0.865510
0.863932
0.862346
0.860751
0.859148
0.857536
0.855915
0.854287
0.852649
0.851004
0.849350
0.847687
0.846017
0.844337
0.842650
0.840954
0.839250
0.837538
0.835817
0.834088
0.832351
0.830606
0.828852
0.827091
0.825321
0.823543
0.821757
0.819962
0.818160
0.816350
0.814531
0.812705
0.810870
0.809027
0.807177
0.805318
0.803452
0.801578
0.799695
0.797805
0.795907
0.794001
0.792087
0.790166
0.788237
0.786299
0.784355
0.782402
0.780442
0.778473
0.776498
0.774514
0.772523
0.770525
0.768518
0.766504
0.764483
0.762454
0.760418
0.758374
0.756322
0.754263
0.752197
0.750123
0.748042
0.745953
0.743857
0.741754
0.739643
0.737525
0.735400
0.733268
0.731128
0.728981
0.726827
0.724665
0.722497
0.720321
0.718139
0.715949
0.713752
0.711548
0.709337
0.707119
0.704895
0.702663
0.700424
0.698178
0.695926
0.693666
0.691400
0.689127
0.686847
0.684560
0.682267
0.679967
0.677660
0.675346
0.673026
0.670699
0.668365
0.666025
0.663679
0.661325
0.658966
0.656599
0.654227
0.651847
0.649462
0.647070
0.644671
0.642266
0.639855
0.637438
0.635014
0.632584
0.630148
0.627705
0.625257
0.622802
0.620341
0.617874
0.615401
0.612921
0.610436
0.607945
0.605447
0.602944
0.600435
0.597919
0.595398
0.592871
0.590339
0.587800
0.585255
0.582705
0.580149
0.577587
0.575020
0.572447
0.569868
0.567284
0.564694
0.562098
0.559497
0.556891
0.554279
0.551661
0.549038
0.546409
0.543776
0.541136
0.538492
0.535842
0.533187
0.530527
0.527861
0.525190
0.522514
0.519833
0.517146
0.514455
0.511759
0.509057
0.506350
0.503639
0.500922
0.498201
0.495474
0.492743
0.490007
0.487266
0.484520
0.481770
0.479014
0.476254
0.473489
0.470720
0.467946
0.465167
0.462384
0.459596
0.456804
0.454007
0.451205
0.448399
0.445589
0.442775
0.439956
0.437132
0.434304
0.431472
0.428636
0.425796
0.422951
0.420102
0.417249
0.414392
0.411531
0.408666
0.405796
0.402923
0.400046
0.397165
0.394279
0.391390
0.388498
0.385601
0.382700
0.379796
0.376888
0.373976
0.371061
0.368142
0.365219
0.362292
0.359362
0.356429
0.353492
0.350551
0.347607
0.344660
0.341709
0.338755
0.335798
0.332837
0.329873
0.326905
0.323935
0.320961
0.317984
0.315004
0.312021
0.309034
0.306045
0.303053
0.300057
0.297059
0.294058
0.291054
0.288047
0.285037
0.282024
0.279009
0.275991
0.272970
0.269946
0.266920
0.263891
0.260859
0.257825
0.254788
0.251749
0.248708
0.245664
0.242617
0.239568
0.236517
0.233463
0.230407
0.227349
0.224289
0.221226
0.218161
0.215094
0.212025
0.208954
0.205881
0.202805
0.199728
0.196649
0.193568
0.190484
0.187399
0.184313
0.181224
0.178133
0.175041
0.171947
0.168852
0.165754
0.162655
0.159555
0.156453
0.153349
0.150244
0.147137
0.144029
0.140920
0.137809
0.134696
0.131583
0.128468
0.125352
0.122234
0.119116
0.115996
0.112875
0.109753
0.106630
0.103505
0.100380
0.097254
0.094127
0.090999
0.087870
0.084740
0.081609
0.078478
0.075345
0.072212
0.069078
0.065944
0.062809
0.059673
0.056537
0.053400
0.050263
0.047125
0.043987
0.040848
0.037709
0.034569
0.031429
0.028289
0.025149
0.022008
0.018867
0.015726
0.012585
0.009443
0.006302
0.003160
0.000019
-0.003123
-0.006265
-0.009406
-0.012547
-0.015689
-0.018830
-0.021971
-0.025112
-0.028252
-0.031392
-0.034532
-0.037672
-0.040811
-0.043950
-0.047088
-0.050226
-0.053363
-0.056500
-0.059636
-0.062772
-0.065907
-0.069041
-0.072175
-0.075308
-0.078441
-0.081572
-0.084703
-0.087833
-0.090962
-0.094090
-0.097217
-0.100343
-0.103468
-0.106593
-0.109716
-0.112838
-0.115959
-0.119079
-0.122197
-0.125315
-0.128431
-0.131546
-0.134659
-0.137772
-0.140883
-0.143992
-0.147100
-0.150207
-0.153312
-0.156416
-0.159518
-0.162619
-0.165718
-0.168815
-0.171911
-0.175005
-0.178097
-0.181187
-0.184276
-0.187363
-0.190448
-0.193531
-0.196612
-0.199692
-0.202769
-0.205844
-0.208918
-0.211989
-0.215058
-0.218125
-0.221190
-0.224252
-0.227313
-0.230371
-0.233427
-0.236481
-0.239532
-0.242581
-0.245628
-0.248672
-0.251713
-0.254753
-0.257789
-0.260823
-0.263855
-0.266884
-0.269910
-0.272934
-0.275955
-0.278973
-0.281989
-0.285001
-0.288011
-0.291018
-0.294022
-0.297024
-0.300022
-0.303017
-0.306010
-0.308999
-0.311985
-0.314969
-0.317949
-0.320926
-0.323900
-0.326870
-0.329838
-0.332802
-0.335763
-0.338720
-0.341674
-0.344625
-0.347573
-0.350517
-0.353457
-0.356394
-0.359328
-0.362258
-0.365184
-0.368107
-0.371026
-0.373942
-0.376854
-0.379762
-0.382666
-0.385567
-0.388463
-0.391356
-0.394245
-0.397131
-0.400012
-0.402889
-0.405762
-0.408632
-0.411497
-0.414358
-0.417216
-0.420069
-0.422917
-0.425762
-0.428603
-0.431439
-0.434271
-0.437099
-0.439922
-0.442741
-0.445556
-0.448366
-0.451172
-0.453974
-0.456771
-0.459563
-0.462351
-0.465134
-0.467913
-0.470687
-0.473457
-0.476222
-0.478982
-0.481737
-0.484488
-0.487234
-0.489975
-0.492711
-0.495442
-0.498169
-0.500890
-0.503607
-0.506318
-0.509025
-0.511727
-0.514423
-0.517115
-0.519801
-0.522482
-0.525158
-0.527829
-0.530495
-0.533156
-0.535811
-0.538461
-0.541105
-0.543744
-0.546378
-0.549007
-0.551630
-0.554248
-0.556860
-0.559466
-0.562068
-0.564663
-0.567253
-0.569838
-0.572416
-0.574990
-0.577557
-0.580119
-0.582675
-0.585225
-0.587770
-0.590309
-0.592841
-0.595368
-0.597890
-0.600405
-0.602914
-0.605418
-0.607915
-0.610407
-0.612892
-0.615371
-0.617845
-0.620312
-0.622773
-0.625228
-0.627676
-0.630119
-0.632555
-0.634985
-0.637409
-0.639827
-0.642238
-0.644643
-0.647041
-0.649433
-0.651819
-0.654198
-0.656571
-0.658938
-0.661297
-0.663651
-0.665998
-0.668338
-0.670671
-0.672998
-0.675319
-0.677632
-0.679939
-0.682240
-0.684533
-0.686820
-0.689100
-0.691373
-0.693639
-0.695899
-0.698152
-0.700397
-0.702636
-0.704868
-0.707093
-0.709311
-0.711522
-0.713726
-0.715923
-0.718113
-0.720296
-0.722471
-0.724640
-0.726801
-0.728955
-0.731102
-0.733242
-0.735375
-0.737500
-0.739618
-0.741729
-0.743832
-0.745928
-0.748017
-0.750098
-0.752172
-0.754239
-0.756298
-0.758349
-0.760393
-0.762430
-0.764459
-0.766481
-0.768495
-0.770501
-0.772500
-0.774491
-0.776474
-0.778450
-0.780418
-0.782379
-0.784331
-0.786276
-0.788214
-0.790143
-0.792065
-0.793979
-0.795885
-0.797783
-0.799673
-0.801555
-0.803430
-0.805296
-0.807155
-0.809006
-0.810848
-0.812683
-0.814509
-0.816328
-0.818139
-0.819941
-0.821735
-0.823522
-0.825300
-0.827070
-0.828831
-0.830585
-0.832331
-0.834068
-0.835797
-0.837517
-0.839230
-0.840934
-0.842630
-0.844318
-0.845997
-0.847668
-0.849330
-0.850984
-0.852630
-0.854267
-0.855896
-0.857517
-0.859129
-0.860732
-0.862327
-0.863914
-0.865492
-0.867061
-0.868622
-0.870174
-0.871718
-0.873253
-0.874779
-0.876297
-0.877806
-0.879307
-0.880799
-0.882282
-0.883757
-0.885222
-0.886679
-0.888127
-0.889567
-0.890998
-0.892420
-0.893833
-0.895237
-0.896632
-0.898019
-0.899397
-0.900766
-0.902126
-0.903477
-0.904819
-0.906152
-0.907476
-0.908792
-0.910098
-0.911395
-0.912684
-0.913963
-0.915233
-0.916495
-0.917747
-0.918990
-0.920224
-0.921449
-0.922665
-0.923872
-0.925070
-0.926258
-0.927438
-0.928608
-0.929769
-0.930921
-0.932064
-0.933198
-0.934322
-0.935437
-0.936543
-0.937640
-0.938727
-0.939805
-0.940874
-0.941934
-0.942984
-0.944025
-0.945057
-0.946079
-0.947092
-0.948096
-0.949090
-0.950075
-0.951050
-0.952017
-0.952973
-0.953921
-0.954859
-0.955787
-0.956706
-0.957616
-0.958516
-0.959407
-0.960288
-0.961160
-0.962022
-0.962875
-0.963718
-0.964552
-0.965377
-0.966191
-0.966996
-0.967792
-0.968578
-0.969355
-0.970122
-0.970879
-0.971627
-0.972365
-0.973094
-0.973813
-0.974522
-0.975222
-0.975912
-0.976593
-0.977264
-0.977925
-0.978577
-0.979219
-0.979851
-0.980474
-0.981087
-0.981690
-0.982284
-0.982867
-0.983442
-0.984006
-0.984561
-0.985106
-0.985641
-0.986167
-0.986683
-0.987189
-0.987685
-0.988172
-0.988649
-0.989116
-0.989573
-0.990021
-0.990459
-0.990887
-0.991305
-0.991714
-0.992112
-0.992501
-0.992880
-0.993250
-0.993609
-0.993959
-0.994299
-0.994629
-0.994949
-0.995259
-0.995560
-0.995851
-0.996132
-0.996403
-0.996664
-0.996916
-0.997157
-0.997389
-0.997611
-0.997823
-0.998025
-0.998218
-0.998400
-0.998573
-0.998736
-0.998889
-0.999032
-0.999165
-0.999289
-0.999402
-0.999506
-0.999600
-0.999684
-0.999758
-0.999822
-0.999876
-0.999921
-0.999955
-0.999980
-0.999995
-1.000000
-0.999995
-0.999980
-0.999956
-0.999921
-0.999877
-0.999823
-0.999759
-0.999685
-0.999601
-0.999507
-0.999404
-0.999290
-0.999167
-0.999034
-0.998891
-0.998738
-0.998575
-0.998403
-0.998220
-0.998028
-0.997826
-0.997614
-0.997392
-0.997160
-0.996919
-0.996668
-0.996406
-0.996135
-0.995855
-0.995564
-0.995263
-0.994953
-0.994633
-0.994303
-0.993963
-0.993614
-0.993254
-0.992885
-0.992506
-0.992117
-0.991719
-0.991310
-0.990892
-0.990464
-0.990026
-0.989579
-0.989122
-0.988655
-0.988178
-0.987691
-0.987195
-0.986689
-0.986173
-0.985648
-0.985113
-0.984568
-0.984013
-0.983449
-0.982875
-0.982291
-0.981698
-0.981094
-0.980482
-0.979859
-0.979227
-0.978585
-0.977934
-0.977272
-0.976602
-0.975921
-0.975231
-0.974531
-0.973822
-0.973103
-0.972375
-0.971636
-0.970889
-0.970131
-0.969365
-0.968588
-0.967802
-0.967007
-0.966202
-0.965387
-0.964563
-0.963729
-0.962886
-0.962033
-0.961171
-0.960299
-0.959418
-0.958528
-0.957627
-0.956718
-0.955799
-0.954871
-0.953933
-0.952985
-0.952029
-0.951063
-0.950087
-0.949102
-0.948108
-0.947105
-0.946092
-0.945070
-0.944038
-0.942997
-0.941947
-0.940888
-0.939819
-0.938741
-0.937654
-0.936557
-0.935451
-0.934336
-0.933212
-0.932078
-0.930936
-0.929784
-0.928623
-0.927453
-0.926273
-0.925085
-0.923887
-0.922681
-0.921465
-0.920240
-0.919006
-0.917763
-0.916511
-0.915249
-0.913979
-0.912700
-0.911412
-0.910114
-0.908808
-0.907493
-0.906169
-0.904836
-0.903494
-0.902143
-0.900783
-0.899414
-0.898037
-0.896650
-0.895255
-0.893851
-0.892438
-0.891016
-0.889585
-0.888146
-0.886698
-0.885241
-0.883775
-0.882301
-0.880818
-0.879326
-0.877826
-0.876316
-0.874799
-0.873272
-0.871737
-0.870194
-0.868642
-0.867081
-0.865512
-0.863934
-0.862347
-0.860752
-0.859149
-0.857537
-0.855917
-0.854288
-0.852651
-0.851005
-0.849351
-0.847689
-0.846018
-0.844339
-0.842651
-0.840956
-0.839252
-0.837539
-0.835819
-0.834090
-0.832353
-0.830607
-0.828854
-0.827092
-0.825322
-0.823544
-0.821758
-0.819964
-0.818161
-0.816351
-0.814533
-0.812706
-0.810872
-0.809029
-0.807178
-0.805320
-0.803454
-0.801579
-0.799697
-0.797807
-0.795909
-0.794003
-0.792089
-0.790168
-0.788238
-0.786301
-0.784356
-0.782404
-0.780443
-0.778475
-0.776499
-0.774516
-0.772525
-0.770526
-0.768520
-0.766506
-0.764485
-0.762456
-0.760419
-0.758375
-0.756324
-0.754265
-0.752198
-0.750125
-0.748043
-0.745955
-0.743859
-0.741756
-0.739645
-0.737527
-0.735402
-0.733269
-0.731130
-0.728983
-0.726829
-0.724667
-0.722499
-0.720323
-0.718141
-0.715951
-0.713754
-0.711550
-0.709339
-0.707121
-0.704896
-0.702665
-0.700426
-0.698180
-0.695928
-0.693668
-0.691402
-0.689129
-0.686849
-0.684562
-0.682269
-0.679968
-0.677662
-0.675348
-0.673028
-0.670701
-0.668367
-0.666027
-0.663681
-0.661327
-0.658968
-0.656601
-0.654229
-0.651849
-0.649464
-0.647072
-0.644673
-0.642268
-0.639857
-0.637440
-0.635016
-0.632586
-0.630150
-0.627707
-0.625259
-0.622804
-0.620343
-0.617876
-0.615403
-0.612923
-0.610438
-0.607947
-0.605449
-0.602946
-0.600437
-0.597922
-0.595400
-0.592873
-0.590341
-0.587802
-0.585258
-0.582707
-0.580151
-0.577590
-0.575022
-0.572449
-0.569870
-0.567286
-0.564696
-0.562101
-0.559499
-0.556893
-0.554281
-0.551663
-0.549040
-0.546412
-0.543778
-0.541139
-0.538494
-0.535844
-0.533189
-0.530529
-0.527863
-0.525192
-0.522516
-0.519835
-0.517149
-0.514457
-0.511761
-0.509059
-0.506353
-0.503641
-0.500925
-0.498203
-0.495477
-0.492745
-0.490009
-0.487268
-0.484522
-0.481772
-0.479017
-0.476257
-0.473492
-0.470722
-0.467948
-0.465170
-0.462386
-0.459598
-0.456806
-0.454009
-0.451208
-0.448402
-0.445592
-0.442777
-0.439958
-0.437135
-0.434307
-0.431475
-0.428639
-0.425798
-0.422953
-0.420105
-0.417252
-0.414395
-0.411533
-0.408668
-0.405799
-0.402926
-0.400048
-0.397167
-0.394282
-0.391393
-0.388500
-0.385603
-0.382703
-0.379798
-0.376890
-0.373979
-0.371063
-0.368144
-0.365221
-0.362295
-0.359365
-0.356431
-0.353494
-0.350554
-0.347610
-0.344663
-0.341712
-0.338758
-0.335800
-0.332839
-0.329875
-0.326908
-0.323937
-0.320963
-0.317987
-0.315006
-0.312023
-0.309037
-0.306048
-0.303055
-0.300060
-0.297062
-0.294060
-0.291056
-0.288049
-0.285039
-0.282027
-0.279011
-0.275993
-0.272972
-0.269949
-0.266922
-0.263893
-0.260862
-0.257828
-0.254791
-0.251752
-0.248710
-0.245666
-0.242620
-0.239571
-0.236519
-0.233466
-0.230410
-0.227352
-0.224291
-0.221229
-0.218164
-0.215097
-0.212028
-0.208956
-0.205883
-0.202808
-0.199731
-0.196651
-0.193570
-0.190487
-0.187402
-0.184315
-0.181226
-0.178136
-0.175044
-0.171950
-0.168854
-0.165757
-0.162658
-0.159557
-0.156455
-0.153352
-0.150246
-0.147140
-0.144032
-0.140922
-0.137811
-0.134699
-0.131585
-0.128470
-0.125354
-0.122237
-0.119118
-0.115998
-0.112877
-0.109755
-0.106632
-0.103508
-0.100383
-0.097257
-0.094129
-0.091001
-0.087872
-0.084742
-0.081612
-0.078480
-0.075348
-0.072215
-0.069081
-0.065947
-0.062812
-0.059676
-0.056540
-0.053403
-0.050265
-0.047128
-0.043989
-0.040851
-0.037711
-0.034572
-0.031432
-0.028292
-0.025151
-0.022011
-0.018870
-0.015729
-0.012587
-0.009446
-0.006304
-0.003163
-0.000021
0.003120
0.006262
0.009403
0.012545
0.015686
0.018827
0.021968
0.025109
0.028249
0.031390
0.034529
0.037669
0.040808
0.043947
0.047085
0.050223
0.053360
0.056497
0.059634
0.062769
0.065904
0.069039
0.072173
0.075306
0.078438
0.081569
0.084700
0.087830
0.090959
0.094087
0.097214
0.100341
0.103466
0.106590
0.109713
0.112835
0.115956
0.119076
0.122195
0.125312
0.128428
0.131543
0.134657
0.137769
0.140880
0.143990
0.147098
0.150204
0.153310
0.156413
0.159516
0.162616
0.165715
0.168812
0.171908
0.175002
0.178094
0.181185
0.184273
0.187360
0.190445
0.193528
0.196610
0.199689
0.202766
0.205842
0.208915
0.211986
0.215055
0.218122
0.221187
0.224250
0.227310
0.230369
0.233425
0.236478
0.239529
0.242578
0.245625
0.248669
0.251711
0.254750
0.257787
0.260821
0.263852
0.266881
0.269908
0.272931
0.275952
0.278970
0.281986
0.284999
0.288009
0.291016
0.294020
0.297021
0.300019
0.303015
0.306007
0.308997
0.311983
0.314966
0.317946
0.320923
0.323897
0.326868
0.329835
0.332799
0.335760
0.338718
0.341672
0.344623
0.347570
0.350514
0.353455
0.356392
0.359325
0.362255
0.365182
0.368105
0.371024
0.373939
0.376851
0.379759
0.382664
0.385564
0.388461
0.391354
0.394243
0.397128
0.400009
0.402887
0.405760
0.408629
0.411495
0.414356
0.417213
0.420066
0.422915
0.425760
0.428600
0.431437
0.434269
0.437096
0.439920
0.442739
0.445554
0.448364
0.451170
0.453971
0.456768
0.459561
0.462349
0.465132
0.467911
0.470685
0.473454
0.476219
0.478979
0.481735
0.484485
0.487231
0.489972
0.492708
0.495440
0.498166
0.500888
0.503604
0.506316
0.509023
0.511724
0.514421
0.517112
0.519799
0.522480
0.525156
0.527827
0.530493
0.533153
0.535808
0.538458
0.541103
0.543742
0.546376
0.549005
0.551628
0.554245
0.556858
0.559464
0.562065
0.564661
0.567251
0.569835
0.572414
0.574987
0.577555
0.580117
0.582673
0.585223
0.587768
0.590306
0.592839
0.595366
0.597888
0.600403
0.602912
0.605416
0.607913
0.610404
0.612890
0.615369
0.617842
0.620310
0.622771
0.625226
0.627674
0.630117
0.632553
0.634983
0.637407
0.639825
0.642236
0.644641
0.647039
0.649431
0.651817
0.654196
0.656569
0.658936
0.661295
0.663649
0.665996
0.668336
0.670669
0.672996
0.675317
0.677630
0.679937
0.682238
0.684531
0.686818
0.689098
0.691371
0.693638
0.695897
0.698150
0.700396
0.702634
0.704866
0.707091
0.709309
0.711520
0.713724
0.715921
0.718111
0.720294
0.722469
0.724638
0.726799
0.728954
0.731101
0.733240
0.735373
0.737498
0.739616
0.741727
0.743830
0.745927
0.748015
0.750097
0.752170
0.754237
0.756296
0.758348
0.760392
0.762428
0.764457
0.766479
0.768493
0.770499
0.772498
0.774489
0.776473
0.778449
0.780417
0.782377
0.784330
0.786275
0.788212
0.790142
0.792063
0.793977
0.795883
0.797781
0.799671
0.801554
0.803428
0.805295
0.807153
0.809004
0.810847
0.812681
0.814508
0.816327
0.818137
0.819939
0.821734
0.823520
0.825298
0.827068
0.828830
0.830584
0.832329
0.834066
0.835795
0.837516
0.839228
0.840933
0.842629
0.844316
0.845995
0.847666
0.849329
0.850983
0.852629
0.854266
0.855895
0.857515
0.859127
0.860731
0.862326
0.863912
0.865490
0.867060
0.868621
0.870173
0.871717
0.873252
0.874778
0.876296
0.877805
0.879306
0.880798
0.882281
0.883755
0.885221
0.886678
0.888126
0.889566
0.890996
0.892418
0.893831
0.895236
0.896631
0.898018
0.899396
0.900764
0.902124
0.903475
0.904818
0.906151
0.907475
0.908790
0.910097
0.911394
0.912683
0.913962
0.915232
0.916494
0.917746
0.918989
0.920223
0.921448
0.922664
0.923871
0.925069
0.926257
0.927437
0.928607
0.929768
0.930920
0.932063
0.933197
0.934321
0.935436
0.936542
0.937639
0.938726
0.939804
0.940873
0.941933
0.942983
0.944024
0.945056
0.946078
0.947091
0.948095
0.949089
0.950074
0.951050
0.952016
0.952973
0.953920
0.954858
0.955786
0.956706
0.957615
0.958515
0.959406
0.960287
0.961159
0.962022
0.962874
0.963718
0.964552
0.965376
0.966191
0.966996
0.967791
0.968578
0.969354
0.970121
0.970879
0.971626
0.972365
0.973093
0.973812
0.974522
0.975222
0.975912
0.976592
0.977263
0.977925
0.978576
0.979218
0.979851
0.980473
0.981086
0.981689
0.982283
0.982867
0.983441
0.984006
0.984560
0.985105
0.985641
0.986166
0.986682
0.987188
0.987685
0.988171
0.988648
0.989116
0.989573
0.990020
0.990458
0.990886
0.991305
0.991713
0.992112
0.992501
0.992880
0.993249
0.993609
0.993958
0.994298
0.994628
0.994949
0.995259
0.995560
0.995851
0.996132
0.996403
0.996664
0.996916
0.997157
0.997389
0.997611
0.997823
0.998025
0.998218
0.998400
0.998573
0.998736
0.998889
0.999032
0.999165
0.999289
0.999402
0.999506
0.999600
0.999684
0.999758
0.999822
0.999876
0.999921
0.999955
0.999980
0.999995
1.000000
0.999995
0.999980
0.999956
0.999921
0.999877
0.999823
0.999759
0.999685
0.999601
0.999507
0.999404
0.999290
0.999167
0.999034
0.998891
0.998738
0.998575
0.998403
0.998220
0.998028
0.997826
0.997614
0.997392
0.997161
0.996919
0.996668
0.996407
0.996136
0.995855
0.995564
0.995264
0.994953
0.994633
0.994303
0.993963
0.993614
0.993254
0.992885
0.992506
0.992118
0.991719
0.991311
0.990892
0.990465
0.990027
0.989579
0.989122
0.988655
0.988178
0.987692
0.987196
0.986690
0.986174
0.985648
0.985113
0.984568
0.984014
0.983449
0.982875
0.982292
0.981698
0.981095
0.980482
0.979860
0.979227
0.978586
0.977934
0.977273
0.976602
0.975922
0.975232
0.974532
0.973823
0.973104
0.972375
0.971637
0.970889
0.970132
0.969365
0.968589
0.967803
0.967007
0.966202
0.965388
0.964563
0.963730
0.962887
0.962034
0.961172
0.960300
0.959419
0.958528
0.957628
0.956719
0.955800
0.954871
0.953933
0.952986
0.952030
0.951064
0.950088
0.949103
0.948109
0.947106
0.946093
0.945071
0.944039
0.942998
0.941948
0.940889
0.939820
0.938742
0.937654
0.936558
0.935452
0.934337
0.933213
0.932079
0.930937
0.929785
0.928624
0.927454
0.926274
0.925086
0.923888
0.922682
0.921466
0.920241
0.919007
0.917764
0.916512
0.915250
0.913980
0.912701
0.911413
0.910115
0.908809
0.907494
0.906170
0.904837
0.903495
0.902144
0.900784
0.899415
0.898038
0.896651
0.895256
0.893852
0.892439
0.891017
0.889586
0.888147
0.886699
0.885242
0.883776
0.882302
0.880819
0.879327
0.877827
0.876318
0.874800
0.873274
0.871739
0.870195
0.868643
0.867082
0.865513
0.863935
0.862349
0.860754
0.859150
0.857538
0.855918
0.854289
0.852652
0.851007
0.849353
0.847690
0.846019
0.844340
0.842653
0.840957
0.839253
0.837541
0.835820
0.834091
0.832354
0.830609
0.828855
0.827094
0.825324
0.823546
0.821760
0.819965
0.818163
0.816353
0.814534
0.812708
0.810873
0.809031
0.807180
0.805322
0.803455
0.801581
0.799699
0.797808
0.795910
0.794004
0.792091
0.790169
0.788240
0.786303
0.784358
0.782405
0.780445
0.778477
0.776501
0.774518
0.772527
0.770528
0.768522
0.766508
0.764486
0.762457
0.760421
0.758377
0.756326
0.754267
0.752200
0.750126
0.748045
0.745957
0.743861
0.741757
0.739647
0.737529
0.735404
0.733271
0.731131
0.728985
0.726830
0.724669
0.722501
0.720325
0.718142
0.715953
0.713756
0.711552
0.709341
0.707123
0.704898
0.702666
0.700428
0.698182
0.695929
0.693670
0.691404
0.689131
0.686851
0.684564
0.682271
0.679970
0.677664
0.675350
0.673030
0.670703
0.668369
0.666029
0.663683
0.661329
0.658970
0.656603
0.654231
0.651851
0.649466
0.647074
0.644675
0.642271
0.639859
0.637442
0.635018
0.632588
0.630152
0.627710
0.625261
0.622806
0.620345
0.617878
0.615405
0.612925
0.610440
0.607949
0.605451
0.602948
0.600439
0.597924
0.595403
0.592876
0.590343
0.587804
0.585260
0.582709
0.580153
0.577592
0.575024
0.572451
0.569873
0.567288
0.564698
0.562103
0.559502
0.556895
0.554283
0.551665
0.549042
0.546414
0.543780
0.541141
0.538496
0.535847
0.533191
0.530531
0.527865
0.525195
0.522519
0.519837
0.517151
0.514460
0.511763
0.509062
0.506355
0.503643
0.500927
0.498205
0.495479
0.492748
0.490012
0.487271
0.484525
0.481774
0.479019
0.476259
0.473494
0.470725
0.467951
0.465172
0.462389
0.459601
0.456808
0.454011
0.451210
0.448404
0.445594
0.442779
0.439960
0.437137
0.434309
0.431477
0.428641
0.425801
0.422956
0.420107
0.417254
0.414397
0.411536
0.408671
0.405801
0.402928
0.400051
0.397169
0.394284
0.391395
0.388502
0.385606
0.382705
0.379801
0.376893
0.373981
0.371066
0.368146
0.365224
0.362297
0.359367
0.356434
0.353497
0.350556
0.347612
0.344665
0.341714
0.338760
0.335803
0.332842
0.329878
0.326910
0.323940
0.320966
0.317989
0.315009
0.312026
0.309039
0.306050
0.303058
0.300062
0.297064
0.294063
0.291059
0.288052
0.285042
0.282029
0.279014
0.275996
0.272975
0.269951
0.266925
0.263896
0.260864
0.257830
0.254794
0.251754
0.248713
0.245669
0.242622
0.239573
0.236522
0.233468
0.230412
0.227354
0.224294
0.221231
0.218166
0.215099
0.212030
0.208959
0.205886
0.202811
0.199733
0.196654
0.193573
0.190490
0.187405
0.184318
0.181229
0.178139
0.175046
0.171952
0.168857
0.165760
0.162661
0.159560
0.156458
0.153354
0.150249
0.147142
0.144034
0.140925
0.137814
0.134702
0.131588
0.128473
0.125357
0.122239
0.119121
0.116001
0.112880
0.109758
0.106635
0.103511
0.100385
0.097259
0.094132
0.091004
0.087875
0.084745
0.081614
0.078483
0.075351
0.072218
0.069084
0.065949
0.062814
0.059679
0.056542
0.053405
0.050268
0.047130
0.043992
0.040853
0.037714
0.034574
0.031435
0.028294
0.025154
0.022013
0.018872
0.015731
0.012590
0.009449
0.006307
0.003165
0.000024
-0.003118
-0.006259
-0.009401
-0.012542
-0.015683
-0.018825
-0.021965
-0.025106
-0.028247
-0.031387
-0.034527
-0.037666
-0.040805
-0.043944
-0.047083
-0.050220
-0.053358
-0.056495
-0.059631
-0.062767
-0.065902
-0.069036
-0.072170
-0.075303
-0.078435
-0.081567
-0.084697
-0.087827
-0.090956
-0.094084
-0.097212
-0.100338
-0.103463
-0.106587
-0.109710
-0.112833
-0.115954
-0.119073
-0.122192
-0.125309
-0.128426
-0.131541
-0.134654
-0.137767
-0.140877
-0.143987
-0.147095
-0.150202
-0.153307
-0.156411
-0.159513
-0.162613
-0.165712
-0.168810
-0.171905
-0.174999
-0.178092
-0.181182
-0.184271
-0.187358
-0.190443
-0.193526
-0.196607
-0.199686
-0.202764
-0.205839
-0.208912
-0.211984
-0.215053
-0.218120
-0.221185
-0.224247
-0.227308
-0.230366
-0.233422
-0.236476
-0.239527
-0.242576
-0.245622
-0.248667
-0.251708
-0.254747
-0.257784
-0.260818
-0.263850
-0.266879
-0.269905
-0.272929
-0.275950
-0.278968
-0.281983
-0.284996
-0.288006
-0.291013
-0.294017
-0.297019
-0.300017
-0.303012
-0.306005
-0.308994
-0.311980
-0.314964
-0.317944
-0.320921
-0.323895
-0.326865
-0.329833
-0.332797
-0.335758
-0.338715
-0.341669
-0.344620
-0.347568
-0.350512
-0.353452
-0.356389
-0.359323
-0.362253
-0.365179
-0.368102
-0.371021
-0.373937
-0.376849
-0.379757
-0.382661
-0.385562
-0.388458
-0.391351
-0.394240
-0.397126
-0.400007
-0.402884
-0.405758
-0.408627
-0.411492
-0.414354
-0.417211
-0.420064
-0.422913
-0.425757
-0.428598
-0.431434
-0.434266
-0.437094
-0.439917
-0.442736
-0.445551
-0.448362
-0.451167
-0.453969
-0.456766
-0.459558
-0.462346
-0.465130
-0.467908
-0.470682
-0.473452
-0.476217
-0.478977
-0.481732
-0.484483
-0.487229
-0.489970
-0.492706
-0.495438
-0.498164
-0.500886
-0.503602
-0.506314
-0.509020
-0.511722
-0.514419
-0.517110
-0.519797
-0.522478
-0.525154
-0.527825
-0.530491
-0.533151
-0.535806
-0.538456
-0.541101
-0.543740
-0.546374
-0.549002
-0.551626
-0.554243
-0.556855
-0.559462
-0.562063
-0.564659
-0.567249
-0.569833
-0.572412
-0.574985
-0.577553
-0.580115
-0.582671
-0.585221
-0.587766
-0.590304
-0.592837
-0.595364
-0.597885
-0.600401
-0.602910
-0.605413
-0.607911
-0.610402
-0.612888
-0.615367
-0.617840
-0.620308
-0.622769
-0.625224
-0.627672
-0.630115
-0.632551
-0.634981
-0.637405
-0.639823
-0.642234
-0.644639
-0.647037
-0.649429
-0.651815
-0.654194
-0.656567
-0.658934
-0.661293
-0.663647
-0.665994
-0.668334
-0.670667
-0.672994
-0.675315
-0.677628
-0.679935
-0.682236
-0.684529
-0.686816
-0.689096
-0.691369
-0.693636
-0.695895
-0.698148
-0.700394
-0.702633
-0.704864
-0.707089
-0.709307
-0.711518
-0.713722
-0.715919
-0.718109
-0.720292
-0.722468
-0.724636
-0.726798
-0.728952
-0.731099
-0.733239
-0.735371
-0.737497
-0.739615
-0.741725
-0.743829
-0.745925
-0.748013
-0.750095
-0.752169
-0.754235
-0.756294
-0.758346
-0.760390
-0.762427
-0.764456
-0.766477
-0.768491
-0.770498
-0.772496
-0.774487
-0.776471
-0.778447
-0.780415
-0.782375
-0.784328
-0.786273
-0.788210
-0.790140
-0.792062
-0.793975
-0.795881
-0.797780
-0.799670
-0.801552
-0.803427
-0.805293
-0.807152
-0.809002
-0.810845
-0.812680
-0.814506
-0.816325
-0.818136
-0.819938
-0.821732
-0.823519
-0.825297
-0.827067
-0.828829
-0.830582
-0.832328
-0.834065
-0.835794
-0.837515
-0.839227
-0.840931
-0.842627
-0.844315
-0.845994
-0.847665
-0.849327
-0.850981
-0.852627
-0.854265
-0.855893
-0.857514
-0.859126
-0.860729
-0.862324
-0.863911
-0.865489
-0.867058
-0.868619
-0.870172
-0.871715
-0.873250
-0.874777
-0.876295
-0.877804
-0.879305
-0.880796
-0.882280
-0.883754
-0.885220
-0.886677
-0.888125
-0.889565
-0.890995
-0.892417
-0.893830
-0.895235
-0.896630
-0.898017
-0.899394
-0.900763
-0.902123
-0.903474
-0.904816
-0.906150
-0.907474
-0.908789
-0.910096
-0.911393
-0.912681
-0.913961
-0.915231
-0.916492
-0.917745
-0.918988
-0.920222
-0.921447
-0.922663
-0.923870
-0.925068
-0.926256
-0.927436
-0.928606
-0.929767
-0.930919
-0.932062
-0.933196
-0.934320
-0.935435
-0.936541
-0.937638
-0.938725
-0.939803
-0.940872
-0.941932
-0.942982
-0.944023
-0.945055
-0.946077
-0.947090
-0.948094
-0.949088
-0.950073
-0.951049
-0.952015
-0.952972
-0.953919
-0.954857
-0.955786
-0.956705
-0.957614
-0.958515
-0.959405
-0.960287
-0.961159
-0.962021
-0.962874
-0.963717
-0.964551
-0.965375
-0.966190
-0.966995
-0.967791
-0.968577
-0.969354
-0.970121
-0.970878
-0.971626
-0.972364
-0.973093
-0.973812
-0.974521
-0.975221
-0.975911
-0.976592
-0.977263
-0.977924
-0.978576
-0.979218
-0.979850
-0.980473
-0.981086
-0.981689
-0.982283
-0.982866
-0.983441
-0.984005
-0.984560
-0.985105
-0.985640
-0.986166
-0.986682
-0.987188
-0.987684
-0.988171
-0.988648
-0.989115
-0.989573
-0.990020
-0.990458
-0.990886
-0.991304
-0.991713
-0.992112
-0.992500
-0.992880
-0.993249
-0.993608
-0.993958
-0.994298
-0.994628
-0.994948
-0.995259
-0.995560
-0.995850
-0.996131
-0.996403
-0.996664
-0.996915
-0.997157
-0.997389
-0.997611
-0.997823
-0.998025
-0.998218
-0.998400
-0.998573
-0.998736
-0.998889
-0.999032
-0.999165
-0.999289
-0.999402
-0.999506
-0.999600
-0.999684
-0.999758
-0.999822
-0.999876
-0.999921
-0.999955
-0.999980
-0.999995
-1.000000
-0.999995
-0.999980
-0.999956
-0.999921
-0.999877
-0.999823
-0.999759
-0.999685
-0.999601
-0.999507
-0.999404
-0.999290
-0.999167
-0.999034
-0.998891
-0.998738
-0.998576
-0.998403
-0.998221
-0.998028
-0.997826
-0.997614
-0.997392
-0.997161
-0.996919
-0.996668
-0.996407
-0.996136
-0.995855
-0.995564
-0.995264
-0.994954
-0.994633
-0.994303
-0.993964
-0.993614
-0.993255
-0.992886
-0.992507
-0.992118
-0.991719
-0.991311
-0.990893
-0.990465
-0.990027
-0.989580
-0.989123
-0.988656
-0.988179
-0.987692
-0.987196
-0.986690
-0.986174
-0.985649
-0.985114
-0.984569
-0.984014
-0.983450
-0.982876
-0.982292
-0.981699
-0.981095
-0.980483
-0.979860
-0.979228
-0.978586
-0.977935
-0.977274
-0.976603
-0.975922
-0.975232
-0.974533
-0.973823
-0.973104
-0.972376
-0.971638
-0.970890
-0.970133
-0.969366
-0.968589
-0.967804
-0.967008
-0.966203
-0.965388
-0.964564
-0.963730
-0.962887
-0.962035
-0.961172
-0.960301
-0.959420
-0.958529
-0.957629
-0.956719
-0.955801
-0.954872
-0.953934
-0.952987
-0.952030
-0.951064
-0.950089
-0.949104
-0.948110
-0.947106
-0.946094
-0.945071
-0.944040
-0.942999
-0.941949
-0.940889
-0.939821
-0.938743
-0.937655
-0.936559
-0.935453
-0.934338
-0.933214
-0.932080
-0.930938
-0.929786
-0.928625
-0.927455
-0.926275
-0.925087
-0.923889
-0.922683
-0.921467
-0.920242
-0.919008
-0.917765
-0.916513
-0.915251
-0.913981
-0.912702
-0.911414
-0.910117
-0.908810
-0.907495
-0.906171
-0.904838
-0.903496
-0.902145
-0.900785
-0.899416
-0.898039
-0.896652
-0.895257
-0.893853
-0.892440
-0.891018
-0.889588
-0.888148
-0.886700
-0.885243
-0.883778
-0.882303
-0.880820
-0.879329
-0.877828
-0.876319
-0.874801
-0.873275
-0.871740
-0.870196
-0.868644
-0.867083
-0.865514
-0.863936
-0.862350
-0.860755
-0.859152
-0.857540
-0.855920
-0.854291
-0.852654
-0.851008
-0.849354
-0.847692
-0.846021
-0.844342
-0.842654
-0.840958
-0.839254
-0.837542
-0.835821
-0.834093
-0.832356
-0.830610
-0.828857
-0.827095
-0.825325
-0.823547
-0.821761
-0.819967
-0.818165
-0.816354
-0.814536
-0.812709
-0.810875
-0.809032
-0.807182
-0.805323
-0.803457
-0.801582
-0.799700
-0.797810
-0.795912
-0.794006
-0.792092
-0.790171
-0.788241
-0.786304
-0.784359
-0.782407
-0.780447
-0.778478
-0.776503
-0.774519
-0.772528
-0.770530
-0.768523
-0.766510
-0.764488
-0.762459
-0.760423
-0.758379
-0.756327
-0.754268
-0.752202
-0.750128
-0.748047
-0.745958
-0.743862
-0.741759
-0.739648
-0.737531
-0.735405
-0.733273
-0.731133
-0.728986
-0.726832
-0.724671
-0.722503
-0.720327
-0.718144
-0.715955
-0.713758
-0.711554
-0.709343
-0.707125
-0.704900
-0.702668
-0.700430
-0.698184
-0.695931
-0.693672
-0.691406
-0.689133
-0.686853
-0.684566
-0.682273
-0.679972
-0.677665
-0.675352
-0.673032
-0.670705
-0.668371
-0.666031
-0.663685
-0.661331
-0.658972
-0.656605
-0.654233
-0.651853
-0.649468
-0.647076
-0.644677
-0.642273
-0.639861
-0.637444
-0.635020
-0.632590
-0.630154
-0.627712
-0.625263
-0.622808
-0.620347
-0.617880
-0.615407
-0.612928
-0.610442
-0.607951
-0.605454
-0.602950
-0.600441
-0.597926
-0.595405
-0.592878
-0.590345
-0.587806
-0.585262
-0.582712
-0.580156
-0.577594
-0.575027
-0.572453
-0.569875
-0.567290
-0.564700
-0.562105
-0.559504
-0.556897
-0.554285
-0.551668
-0.549045
-0.546416
-0.543782
-0.541143
-0.538499
-0.535849
-0.533194
-0.530533
-0.527868
-0.525197
-0.522521
-0.519840
-0.517153
-0.514462
-0.511765
-0.509064
-0.506357
-0.503646
-0.500929
-0.498208
-0.495481
-0.492750
-0.490014
-0.487273
-0.484527
-0.481777
-0.479021
-0.476261
-0.473496
-0.470727
-0.467953
-0.465174
-0.462391
-0.459603
-0.456811
-0.454014
-0.451212
-0.448407
-0.445596
-0.442782
-0.439963
-0.437139
-0.434312
-0.431480
-0.428643
-0.425803
-0.422958
-0.420109
-0.417256
-0.414399
-0.411538
-0.408673
-0.405804
-0.402930
-0.400053
-0.397172
-0.394287
-0.391398
-0.388505
-0.385608
-0.382708
-0.379803
-0.376895
-0.373984
-0.371068
-0.368149
-0.365226
-0.362300
-0.359370
-0.356436
-0.353499
-0.350559
-0.347615
-0.344668
-0.341717
-0.338763
-0.335805
-0.332844
-0.329880
-0.326913
-0.323942
-0.320968
-0.317992
-0.315011
-0.312028
-0.309042
-0.306053
-0.303060
-0.300065
-0.297067
-0.294065
-0.291061
-0.288054
-0.285044
-0.282032
-0.279016
-0.275998
-0.272977
-0.269954
-0.266927
-0.263898
-0.260867
-0.257833
-0.254796
-0.251757
-0.248715
-0.245671
-0.242625
-0.239576
-0.236525
-0.233471
-0.230415
-0.227357
-0.224296
-0.221234
-0.218169
-0.215102
-0.212033
-0.208962
-0.205888
-0.202813
-0.199736
-0.196657
-0.193575
-0.190492
-0.187407
-0.184320
-0.181232
-0.178141
-0.175049
-0.171955
-0.168859
-0.165762
-0.162663
-0.159563
-0.156461
-0.153357
-0.150252
-0.147145
-0.144037
-0.140927
-0.137816
-0.134704
-0.131591
-0.128476
-0.125359
-0.122242
-0.119123
-0.116004
-0.112883
-0.109761
-0.106637
-0.103513
-0.100388
-0.097262
-0.094135
-0.091007
-0.087878
-0.084748
-0.081617
-0.078485
-0.075353
-0.072220
-0.069086
-0.065952
-0.062817
-0.059681
-0.056545
-0.053408
-0.050271
-0.047133
-0.043995
-0.040856
-0.037717
-0.034577
-0.031437
-0.028297
-0.025157
-0.022016
-0.018875
-0.015734
-0.012593
-0.009451
-0.006310
-0.003168
