226.391266
480.769117
752.979413
989.717564
1167.425430
1289.967699
1373.106883
1432.474483
1477.256524
1508.955825
1523.655898
1515.831626
1481.240875
1419.303404
1331.463816
1221.012809
1091.700561
946.966715
789.707577
622.443449
447.635197
267.936317
86.279781
-94.191535
-270.280319
-438.897571
-597.181443
-742.558407
-872.760754
-985.824809
-1080.090144
-1154.209236
-1207.166776
-1238.302005
-1247.326735
-1234.334076
-1199.596317
-1144.328779
-1069.556744
-976.793976
-867.837971
-744.740530
-609.773864
-465.390844
-314.179835
-158.815919
-2.010814
153.536452
305.186655
450.404466
586.799130
712.161561
824.497683
922.057838
1003.362027
1067.220746
1112.751217
1139.388848
1146.893755
1135.352208
1104.972882
1056.853986
991.854107
911.278259
816.678011
709.826653
592.689877
467.391193
336.172740
201.353168
65.284465
-69.690632
-201.279525
-327.278300
-445.607574
-554.345412
-651.757067
-736.321264
-806.752762
-862.020896
-901.363898
-924.298825
-930.626979
-920.434717
-893.889607
-852.008719
-795.528188
-725.594609
-643.566708
-550.993684
-449.589974
-341.205527
-227.792055
-111.366601
6.025890
122.349595
235.613388
343.904421
445.419403
538.493385
621.625845
693.503818
753.021781
799.297999
831.687101
849.788692
853.451883
842.775659
817.905064
779.800873
729.106936
666.847394
594.229203
512.622780
423.539744
328.606848
229.536389
128.094211
26.066730
-74.771703
-172.690163
-266.030669
-353.235585
-432.872706
-503.657882
-564.474954
-614.392755
-652.678909
-678.810209
-692.479413
-693.598353
-682.297311
-658.720704
-623.797825
-578.106626
-522.577477
-458.295647
-386.483763
-308.482125
-225.725966
-139.719729
-52.009222
35.847158
122.306976
205.871195
285.109958
358.686436
425.378586
484.098687
533.910477
574.043677
603.905648
623.089971
631.381765
628.759650
615.194306
591.423452
557.814968
515.079295
464.074130
405.790295
341.335628
271.916048
198.813703
123.362858
46.924534
-29.139064
-103.489451
-174.835540
-241.955764
-303.718430
-359.100196
-407.202495
-447.265712
-478.680907
-500.998866
-513.936303
-517.379124
-511.382680
-495.969041
-471.902371
-439.546993
-399.585752
-352.823519
-300.173679
-242.643269
-181.315992
-117.332905
-51.871251
13.877782
78.731453
141.537239
201.193415
256.668125
307.016748
351.397455
389.084835
419.481447
442.127121
456.705820
463.049920
461.141791
450.912645
433.020808
407.707597
375.522739
337.128706
293.289159
244.856246
192.756003
137.971669
81.525189
24.457575
-32.191075
-87.401181
-140.192344
-189.640699
-234.894764
-275.189666
-309.859627
-338.348632
-360.219102
-375.158465
-382.983457
-383.642078
-377.213146
-363.703467
-343.826019
-317.850530
-286.333749
-249.922284
-209.341123
-165.381513
-118.887539
-70.741172
-21.845940
26.890268
74.572592
120.336151
163.362025
202.891911
238.241251
268.810732
294.096078
313.696071
327.318711
334.785422
336.033185
331.114557
319.995520
303.335604
281.335728
254.473995
223.308684
188.467940
150.638954
110.556102
68.987776
26.722024
-15.448617
-56.742528
-96.404066
-133.717789
-168.021486
-198.717800
-225.284338
-247.282196
-264.362886
-276.273579
-282.860638
-284.071339
-279.953762
-270.454807
-256.201777
-237.347283
-214.310185
-187.578639
-157.700921
-125.275924
-90.942853
-55.369852
-19.241591
16.753899
51.938679
85.658127
117.293492
146.273409
172.084169
194.278605
212.483549
226.405807
235.836637
240.654660
240.827180
236.409844
227.344651
214.242616
197.225872
176.672670
153.020247
126.756338
98.410498
68.544853
37.744016
6.604162
-24.278497
-54.319479
-82.957562
-109.665684
-133.960876
-155.413010
-173.652246
-188.375136
-199.349351
-206.417060
-209.496913
-208.584637
-203.552215
-194.932761
-182.761381
-167.325025
-148.966352
-128.076922
-105.090190
-80.473931
-54.721855
-28.344342
-1.858494
24.222213
49.398255
73.193995
95.166910
114.915872
132.088358
146.386523
157.572095
165.470089
169.971319
171.033675
168.682148
162.807581
153.952001
142.146861
127.665654
110.827355
91.989930
71.543809
49.904998
27.507614
4.795759
-17.785135
-39.797246
-60.819224
-80.454651
-98.339792
-114.150439
-127.607717
-138.482800
-146.600531
-151.841957
-154.145780
-153.508751
-149.784981
-143.472655
-134.551072
-123.236663
-109.787037
-94.495667
-77.686529
-59.708438
-40.928825
-21.726872
-2.486084
16.413482
34.603036
51.732609
67.478051
81.547297
93.685742
103.680684
111.364817
116.618770
119.372708
119.607002
117.351950
112.486571
105.525462
96.453760
85.484992
72.864744
58.865509
43.781675
27.924366
11.615954
-4.815904
-21.044624
-36.751287
-51.631213
-65.400222
-77.800357
-88.604866
-97.622335
-104.699932
-109.725764
-112.630355
-113.387302
-112.013126
-108.366326
-102.935120
-95.671498
-86.751383
-76.378727
-64.781213
-52.206100
-38.915988
-25.184249
-11.290027
2.487178
15.873198
28.604920
40.435799
51.140921
60.521439
68.408281
74.665075
79.190291
81.918632
82.821694
81.907933
79.021959
74.632937
68.667938
61.273805
52.621568
42.902772
32.325996
21.113328
9.496567
-2.286981
-13.999100
-25.405540
-36.280963
-46.413737
-55.610345
-63.699255
-70.534149
-75.996456
-79.997207
-82.478231
-83.412734
-82.805276
-80.491201
-76.925534
-72.015795
-65.885237
-58.677560
-50.553806
-41.689494
-32.271762
-22.496278
-12.563770
-2.676180
6.967480
16.175382
24.767026
32.577074
39.458718
45.286489
49.958447
53.397787
55.553863
56.402677
55.946880
54.015281
51.052101
46.949504
41.811754
35.760209
28.930673
21.471043
13.539001
5.299512
-3.078022
-11.422978
-19.567025
-27.347762
-34.612285
-41.220492
-47.047975
-51.988408
-55.955410
-58.883868
-60.730773
-61.475611
-61.120325
-59.488896
-57.016819
-53.583579
-49.277432
-44.200679
-38.467446
-32.201795
-25.535920
-18.608190
-11.560858
-4.537410
2.320391
8.875609
14.999206
20.572885
25.491581
29.665500
33.021690
35.505146
37.079493
37.727287
37.449974
36.067523
34.008022
31.140382
27.539345
23.291080
18.491309
13.243824
7.659118
1.852880
-4.055810
-9.946670
-15.700693
-21.202804
-26.344491
-31.026255
-35.159736
-38.669434
-41.494020
-43.587232
-44.918416
-45.472747
-45.251175
-44.070110
-42.351042
-39.953715
-36.941089
-33.385265
-29.365943
-24.969305
-20.287046
-15.415288
-10.453180
-5.501141
-0.658766
3.977431
8.316299
12.274157
15.776622
18.760068
21.172723
22.975397
24.141913
24.659279
24.527634
23.559992
22.171787
20.214819
17.741798
14.812652
11.493270
7.854711
3.972593
-0.073645
-4.201779
-8.328223
-12.369785
-16.245614
-19.879171
-23.200063
-26.145601
-28.662045
-30.705495
-32.242489
-33.250338
-33.717252
-33.642303
-32.835227
-31.705800
-30.098821
-28.057947
-25.632405
-22.876013
-19.846684
-16.606142
-13.219503
-9.754545
-6.280574
-2.866947
0.418626
3.511799
6.353193
8.889742
11.075743
12.873600
14.254304
15.197696
15.692580
15.736700
15.336614
14.307447
13.061855
11.446253
9.503368
7.279277
4.822528
2.183826
-0.584041
-3.426380
-6.287073
-9.109459
-11.837553
-14.417475
-16.798891
-18.936325
-20.790215
-22.327684
-23.523012
-24.357881
-24.821438
-24.910238
-24.628104
-23.785914
-22.790189
-21.480967
-19.892970
-18.063217
-16.030408
-13.834920
-11.519017
-9.126938
-6.704617
-4.298977
-1.956847
0.276322
2.357764
4.248575
5.914627
7.327214
8.463439
9.306393
9.845209
10.075030
9.996935
9.417814
8.766305
7.819376
6.627369
5.223939
3.643470
1.920292
0.088749
-1.816311
-3.759083
-5.702688
-7.609552
-9.442230
-11.164508
-12.742596
-14.146180
-15.349250
-16.330611
-17.074138
-17.568820
-17.808677
-17.792632
-17.324356
-16.799834
-16.049372
-15.094905
-13.958893
-12.664212
-11.234711
-9.695954
-8.075730
-6.404085
-4.712828
-3.034625
-1.401882
0.154360
1.605369
2.925402
4.092132
5.086865
5.894634
6.504236
6.908269
7.103174
7.089281
6.670813
6.272410
5.662217
4.885504
3.967246
2.931289
1.799953
0.594650
-0.663092
-1.950725
-3.244283
-4.518592
-5.747998
-6.907390
-7.973246
-8.924507
-9.743170
-10.414578
-10.927477
-11.273939
-11.449242
-11.451764
-11.282923
-10.716464
-10.210956
-9.570204
-8.806969
-7.933363
-6.962250
-5.908487
-4.789576
-3.625578
-2.438426
-1.250880
-0.085439
1.036569
2.095601
3.074210
3.957141
4.731317
5.385817
5.911910
6.303158
6.555550
6.667647
6.640663
6.278474
6.004741
5.581194
5.052573
4.439059
3.757777
3.022901
2.246924
1.442265
0.622518
-0.197026
-0.999634
-1.767933
-2.484955
-3.135083
-3.704728
-4.182655
-4.560017
-4.830217
-4.988731
-5.032961
-4.962182
-4.544349
-4.271811
-3.870392
-3.376226
-2.800458
-2.153354
-1.444702
-0.684551
0.116110
0.945027
1.788761
2.633121
3.463777
4.266866
5.029485
5.740005
6.388221
6.965392
7.464242
7.878969
8.205277
8.440443
8.583382
8.634697
8.596685
8.273289
8.088012
7.796267
7.444659
7.085323
6.653807
6.191329
5.711385
5.225557
4.743802
4.275148
3.828362
3.412321
3.035999
2.708151
2.436844
2.229011
2.090134
2.024098
2.033198
2.354333
2.488984
2.723808
3.023003
3.379898
3.789576
4.248067
4.751192
5.293631
5.868491
6.467419
7.081089
7.699831
8.314180
8.915247
9.494877
10.045675
10.560958
11.034727
11.461692
11.837354
12.158112
12.421375
12.625644
12.770547
12.856829
12.886306
12.861798
12.587043
12.485552
12.306116
12.137057
11.907780
11.665167
11.459682
11.212128
10.965011
10.729564
10.514440
10.325640
10.167260
10.042466
9.954251
9.905735
9.900053
9.939987
10.266777
10.373765
10.559955
10.787043
11.050087
11.346638
11.675700
12.036322
12.426487
12.842633
13.279780
13.732050
14.193263
14.657415
15.118919
15.572650
16.013878
16.438172
16.841372
17.219617
17.569438
17.887867
18.172539
18.421757
18.634513
18.810492
18.950037
19.054128
19.124337
19.162800
19.172172
19.155586
18.916589
18.878999
18.785237
18.731617
18.636366
18.590875
18.509207
18.481562
18.422014
18.422329
18.397316
18.639376
18.642264
18.718217
18.824072
18.910588
19.071744
19.261495
19.471836
19.699750
19.946054
20.213034
20.502251
20.813339
21.143890
21.490088
21.847579
22.212162
22.580131
22.948276
23.313703
23.673629
24.025266
24.365823
24.692601
25.003118
25.295223
25.567168
25.817637
26.045735
26.250979
26.433270
26.592893
26.730500
26.847111
26.944094
27.023142
27.086246
27.135650
27.173807
27.203334
27.226962
27.247489
27.267730
27.290473
27.318429
27.354188
27.400177
27.458618
27.531494
27.620516
27.727101
27.852347
27.997023
28.161554
28.346024
28.550176
28.773421
29.014851
29.273261
29.547169
29.834849
30.134363
30.443593
30.760283
31.082076
31.406558
31.731299
32.053893
32.372000
32.683386
32.985956
33.277791
33.557177
33.822633
34.072932
34.307116
34.524515
34.724750
34.907737
35.073684
35.223086
35.356711
35.475582
35.580962
35.674322
35.757319
35.831764
35.899587
35.962806
36.023488
36.083718
36.145558
36.211014
36.282005
36.360328
36.447629
36.545380
36.654852
36.777099
36.912939
37.062948
37.227447
37.406504
37.599934
37.807306
38.027951
38.260979
38.505295
38.759619
39.022514
39.292406
39.567619
39.846398
40.126945
40.407447
40.686109
40.961182
41.230993
41.493972
41.748681
41.993829
42.228302
42.451170
42.661709
42.859404
43.043961
43.215304
43.373577
43.519140
43.652556
43.774582
43.886152
43.988363
44.082448
44.169758
44.251736
44.329893
44.405777
44.480951
44.556964
44.635322
44.717469
44.804758
44.898431
44.999596
45.109215
45.228084
45.356825
45.495875
45.645480
45.805697
45.976389
46.157236
46.347736
46.547222
46.754870
46.969717
47.190679
47.416571
47.646127
47.878025
48.110907
48.343406
48.574164
48.801863
49.025240
49.243110
49.454389
49.658106
49.853420
50.039635
50.216208
50.382758
50.539067
50.685089
50.820940
50.946902
51.063411
51.171050
51.270536
51.362707
51.448509
51.528970
51.605192
51.678324
51.749542
51.820033
51.890969
51.963492
52.038689
52.117580
52.201094
52.290062
52.385197
52.487087
52.596182
52.712795
52.837089
52.969082
53.108648
53.255518
53.409287
53.569423
53.735279
53.906101
54.081049
54.259204
54.439594
54.621202
54.802993
54.983925
55.162970
55.339134
55.511468
55.679090
55.841197
55.997075
56.146117
56.287826
56.421827
56.547869
56.665828
56.775713
56.877655
56.971914
57.058863
57.138988
57.212872
57.281191
57.344694
57.404192
57.460545
57.514643
57.567392
57.619698
57.672451
57.726507
57.782680
57.841719
57.904304
57.971030
58.042397
58.118805
58.200549
58.287810
58.380657
58.479046
58.582822
58.691722
58.805383
58.923348
59.045073
59.169942
59.297277
59.426348
59.556388
59.686611
59.816219
59.944421
60.070447
60.193557
60.313060
60.428320
60.538772
60.643926
60.743379
60.836818
60.924028
61.004892
61.079393
61.147612
61.209728
61.266012
61.316822
61.362595
61.403838
61.441118
61.475054
61.506303
61.535548
61.563484
61.590809
61.618210
61.646351
61.675858
61.707314
61.741246
61.778114
61.818309
61.862142
61.909841
61.961549
62.017318
62.077116
62.140823
62.208237
62.279076
62.352986
62.429549
62.508290
62.588684
62.670170
62.752162
62.834053
62.915235
62.995106
63.073079
63.148596
63.221136
63.290225
63.355443
63.416432
63.472902
63.524634
63.571485
63.613390
63.650360
63.682483
63.709923
63.732912
63.751747
63.766787
63.778441
63.787163
63.793441
63.797791
63.566621
63.792604
63.810315
63.592784
63.828978
63.819287
63.845110
63.840517
63.873258
63.875941
63.914807
63.922319
63.964573
63.974843
64.019463
64.032388
64.079765
64.095729
64.145855
64.164280
64.216031
64.235398
64.287074
64.305691
64.355731
64.372210
64.419391
64.432631
64.475932
64.484966
64.523482
64.527487
64.560513
64.558939
64.586108
64.578781
64.600118
64.587250
64.603143
64.385278
64.613550
64.393628
64.617471
64.392897
64.612961
64.386583
64.606516
64.381554
64.603410
64.380562
64.603946
64.382212
64.606024
64.384561
64.608379
64.387154
64.611182
64.390437
64.614799
64.394449
64.618839
64.398401
64.622246
64.401132
64.623888
64.401627
64.622903
64.399163
64.618669
64.393185
64.610673
64.383213
64.598483
64.368887
64.381838
64.366717
64.579909
64.345987
64.353351
64.333268
64.342490
64.322860
64.331328
64.310511
64.317632
64.295834
64.302206
64.280009
64.285920
64.263199
64.268156
64.244192
64.247423
64.221542
64.222572
64.194520
64.193290
64.163142
64.159801
64.127731
64.122450
64.088622
64.081577
64.046194
64.037638
64.001009
63.991310
63.953851
63.943457
63.905626
63.894991
63.857227
63.846766
63.809449
63.799509
63.762950
63.753805
63.718233
63.710068
63.675618
63.668517
63.635219
63.629157
63.596932
63.591783
63.560455
63.556001
63.525317
63.521278
63.490933
63.486988
63.456650
63.452464
63.421800
63.417054
63.385762
63.380176
63.348003
63.341361
63.308127
63.300291
63.265903
63.256826
63.221282
63.211011
63.174400
63.163069
63.125565
63.113384
63.075230
63.062470
63.023957
63.010928
62.972375
62.959401
62.921129
62.908526
62.870837
62.858886
62.822036
62.810968
62.775153
62.765131
62.730475
62.721582
62.688130
62.680372
62.648086
62.641391
62.610162
62.604387
62.574045
62.568996
62.539324
62.534770
62.505524
62.501219
62.472154
62.467856
62.438739
62.434233
62.404867
62.399982
62.370221
62.364840
62.334598
62.328672
62.297933
62.291478
62.260292
62.253393
62.221874
62.214674
62.182988
62.175677
62.144031
62.136828
62.105450
62.098591
62.067715
62.061428
62.031274
62.025769
61.996528
61.991976
61.963794
61.960318
61.933290
61.930956
61.905118
61.903934
61.879263
61.879179
61.855597
61.856512
61.833895
61.835666
61.813856
61.816313
61.795129
61.798090
61.777349
61.780633
61.760160
61.763604
61.743248
61.746721
61.726368
61.729776
61.709356
61.712656
61.692148
61.695342
61.674775
61.677918
61.657365
61.660552
61.640126
61.643487
61.623330
61.627018
61.607289
61.611468
61.592329
61.597158
61.578763
61.584387
61.566867
61.573405
61.556861
61.564397
61.548891
61.757466
61.527543
61.533714
61.519144
61.729933
61.502581
61.510886
61.497709
61.709121
61.481960
61.490401
61.477763
61.690380
61.465259
61.476490
61.467263
61.683657
61.462473
61.677590
61.456640
61.673103
61.454080
61.672515
61.455137
61.674712
61.457997
61.677917
61.461458
61.681758
61.465951
61.687234
61.472708
61.695486
61.482546
61.706894
61.495416
61.721081
61.710757
61.721979
61.509105
61.735454
61.726973
61.740306
61.529084
61.756302
61.747867
61.760729
61.548893
61.775805
61.767625
61.781499
61.571379
61.800624
61.795139
61.811917
61.804693
61.821301
61.815061
61.833287
61.828742
61.848392
61.844794
61.864976
61.861627
61.882040
61.879082
61.900226
61.898352
61.920937
61.920719
61.945090
61.946626
61.972672
61.975707
62.003109
62.007322
62.035798
62.040958
62.070318
62.076246
62.106299
62.112772
62.143253
62.149965
62.180545
62.187160
62.217518
62.223744
62.253628
62.259258
62.288508
62.293423
62.321959
62.326112
62.353922
62.357332
62.384468
62.387219
62.413799
62.416039
62.442240
62.444171
62.470214
62.472066
62.498192
62.500207
62.526652
62.529057
62.556035
62.559024
62.586710
62.590433
62.618950
62.623500
62.652913
62.658320
62.688626
62.694855
62.725988
62.732943
62.764780
62.772309
62.804680
62.812594
62.845295
62.853379
62.886189
62.894221
62.926920
62.934684
62.967069
62.974373
63.006272
63.012963
63.044244
63.050214
63.080797
63.085992
63.115852
63.120272
63.149435
63.153130
63.181671
63.184738
63.212773
63.215341
63.243014
63.245234
63.272704
63.274739
63.302166
63.304170
63.331703
63.333812
63.361575
63.363895
63.391978
63.394579
63.423030
63.425936
63.454759
63.457951
63.487104
63.490519
63.519921
63.523457
63.552992
63.556518
63.586044
63.589409
63.618770
63.621813
63.650852
63.653416
63.681980
63.683921
63.711879
63.713077
63.740323
63.740689
63.767152
63.766630
63.792276
63.790848
63.815679
63.813366
63.837419
63.834272
63.857614
63.853711
63.876432
63.871868
63.894072
63.888954
63.910748
63.905182
63.926668
63.920750
63.942019
63.935826
63.956946
63.950534
63.971546
63.964939
63.985856
63.979049
63.999850
63.992808
64.013445
64.006103
64.026500
64.018772
64.038835
64.030616
64.050234
64.041410
64.060470
64.050925
64.069313
63.858936
64.093094
64.084420
64.101193
63.887758
64.119203
64.108384
64.124287
63.910544
64.142177
64.130858
64.145650
63.929547
64.158128
63.942681
64.169811
63.951391
64.175300
63.953861
64.175634
63.952641
64.173480
63.949491
64.169251
63.943584
64.161341
63.933130
64.148290
63.917296
63.929955
63.913426
64.126337
63.890478
63.897945
63.876629
63.886371
63.865463
63.874508
63.852209
63.860015
63.836710
63.844069
63.820455
63.827644
63.803469
63.809797
63.784125
63.788640
63.760675
63.762821
63.732251
63.731904
63.698705
63.695876
63.660046
63.654713
63.616230
63.608401
63.567330
63.557148
63.513711
63.501472
63.456017
63.442102
63.395024
63.379835
63.331532
63.315458
63.266308
63.249717
63.200067
63.183285
63.133432
63.116719
63.066876
63.050398
63.000681
62.984502
62.934923
62.919005
62.869473
62.853680
62.804016
62.788130
62.738077
62.721811
62.671055
62.654076
62.602270
62.584224
62.531012
62.511550
62.456593
62.435395
62.378395
62.355191
62.295909
62.270497
62.208768
62.181024
62.116767
62.086654
62.019872
61.987437
61.918217
61.883585
61.812086
61.775449
61.701888
61.663488
61.588125
61.548234
61.471349
61.430250
61.352120
61.310085
61.230970
61.188240
61.108359
61.065128
60.984645
60.941048
60.860064
60.816167
60.734711
60.690510
60.608541
60.563960
60.481372
60.436275
60.352903
60.307102
60.222737
60.176008
60.090411
60.042508
59.955432
59.906107
59.817308
59.766328
59.675585
59.622747
59.529877
59.475021
59.379889
59.322907
59.225436
59.166281
59.066452
59.005137
58.902991
58.839585
58.735219
58.669844
58.563400
58.496217
58.387873
58.319072
58.209028
58.138814
58.027276
57.955852
57.843018
57.770575
57.656623
57.583322
57.468396
57.394362
57.278566
57.203878
57.087265
57.011953
56.894529
56.818571
56.700292
56.623621
56.504398
56.426906
56.306613
56.228159
56.106644
56.027066
55.904161
55.823286
55.698821
55.616481
55.490292
55.406334
55.278281
55.192574
55.062544
54.974994
54.842913
54.753465
54.619299
54.527939
54.391698
54.298456
54.160191
54.065138
53.924940
53.828179
53.686167
53.587830
53.444147
53.344384
53.199185
53.098151
52.951596
52.849445
52.701682
52.598555
52.449717
52.345733
52.195929
52.091179
51.940483
51.792325
51.696732
51.555608
51.413385
51.319005
51.175001
51.028268
50.929883
50.782939
50.634703
50.535877
50.388353
50.239142
50.138903
49.989138
49.837365
49.734644
49.582174
49.427794
49.322699
49.167590
49.010530
48.902860
48.744878
48.584950
48.474610
48.313784
48.151114
48.038296
47.874866
47.709722
47.594709
47.428994
47.261721
47.144881
46.977281
46.808296
46.645693
46.535914
46.373035
46.205049
46.040316
45.882544
45.731133
45.583133
45.435364
45.285795
45.133895
44.980240
44.825818
44.671445
44.517482
44.363851
44.210218
44.056211
43.901568
43.746173
43.590032
43.433195
43.275706
43.117571
42.958755
42.799206
42.638872
42.477718
42.315730
42.152916
41.989292
41.824883
41.659714
41.493815
41.327217
41.159958
40.992080
40.823632
40.654665
40.485234
40.315398
40.145212
39.974734
39.804018
39.633116
39.462081
39.290958
39.119792
38.948620
38.777475
38.606386
38.435373
38.264453
38.093634
37.922920
37.752307
37.581787
37.411344
37.240960
37.070610
36.900265
36.729894
36.559462
36.388932
36.218266
36.047425
35.876371
35.705066
35.533474
35.361563
35.189300
35.016660
34.843619
34.670160
34.496268
34.321934
34.147158
33.971939
33.796287
33.620214
33.443740
33.266885
33.089679
32.912153
32.734342
32.556285
32.378021
32.199594
32.021047
31.842425
31.663771
31.485130
31.306541
31.128046
30.949682
30.771482
30.593478
30.415696
30.238157
30.060881
29.883881
29.707164
29.530736
29.354594
29.178735
29.003147
28.827819
28.652733
28.477869
28.303204
28.128714
27.954372
27.780150
27.606021
27.431957
27.257930
27.083916
26.909889
26.735828
26.561714
26.387531
26.213266
26.038909
25.864457
25.689908
25.515265
25.340534
25.165728
24.990862
24.815953
24.641023
24.466099
24.291207
24.116378
23.941643
23.767035
23.592588
23.418337
23.244316
23.070557
22.897094
22.723956
22.551173
22.378769
22.206770
22.035194
21.864059
21.693379
21.523162
21.353417
21.184144
21.015344
20.847013
20.679142
20.511721
20.344738
20.178177
20.012020
19.846249
19.680843
19.515782
19.351044
19.186609
19.022456
18.858567
18.694923
18.531508
18.368309
18.205314
18.042515
17.879905
17.717482
17.555246
17.393199
17.231350
17.069707
16.908282
16.747090
16.586150
16.425480
16.265103
16.105042
15.945321
15.785965
15.627000
15.468453
15.310348
15.152711
14.995565
14.838932
14.682833
14.527286
14.372308
14.217913
14.064111
13.910912
13.758320
13.606339
13.454968
13.304206
13.154046
13.004482
12.855503
12.707098
12.559254
12.411955
12.265187
12.118933
11.973175
11.827898
11.683086
11.538721
11.394791
11.251281
11.108179
10.965477
10.823165
10.681237
10.539692
10.398526
10.257742
10.117343
9.977335
9.837726
9.698526
9.559748
9.421406
9.283515
9.146092
9.009155
8.872722
8.736812
8.601444
8.466636
8.332407
8.198773
8.065751
7.933356
7.801601
7.670498
7.540055
7.410282
7.281182
7.152760
7.025016
6.897950
6.771558
6.645835
6.520774
6.396367
6.272603
6.149472
6.026960
5.905055
5.783743
5.663010
5.542843
5.423227
5.304151
5.185602
5.067568
4.950041
4.833012
4.716473
4.600421
4.484852
4.369764
4.255157
4.141035
4.027400
3.914259
3.801620
3.689490
3.577880
3.466801
3.356265
3.246285
3.136873
3.028044
2.919810
2.812184
2.705179
2.598806
2.493076
2.387999
2.283582
2.179833
2.076758
1.974359
1.872640
1.771599
1.671237
1.571549
1.472533
1.374181
1.276486
1.179441
1.083035
0.987258
0.892099
0.797547
0.703591
0.610218
0.517417
0.425177
0.333488
0.242340
0.151725
0.061634
-0.027939
-0.116998
-0.205548
-0.293591
-0.381128
-0.468158
-0.554680
-0.640690
-0.726184
-0.811156
-0.895600
-0.979509
-1.062874
-1.145686
-1.227938
-1.309619
-1.390722
-1.471236
-1.551155
-1.630469
-1.709173
-1.787260
-1.864724
-1.941563
-2.017772
-2.093351
-2.168299
-2.242617
-2.316307
-2.389373
-2.461820
-2.533652
-2.604878
-2.675505
-2.745540
-2.814994
-2.883874
-2.952192
-3.019957
-3.087178
-3.153866
-3.220029
-3.285676
-3.350815
-3.415453
-3.479596
-3.543251
-3.606422
-3.669111
-3.731321
-3.793054
-3.854309
-3.915085
-3.975381
-4.035193
-4.094519
-4.153353
-4.211690
-4.269527
-4.326856
-4.383672
-4.439969
-4.495742
-4.550985
-4.605693
-4.659861
-4.713486
-4.766565
-4.819094
-4.871074
-4.922502
-4.973380
-5.023710
-5.073493
-5.122732
-5.171433
-5.219600
-5.267239
-5.314357
-5.360960
-5.407057
-5.452655
-5.497763
-5.542388
-5.586539
-5.630224
-5.673452
-5.716228
-5.758561
-5.800457
-5.841921
-5.882958
-5.923574
-5.963770
-6.003550
-6.042916
-6.081868
-6.120407
-6.158532
-6.196242
-6.233535
-6.270409
-6.306861
-6.342889
-6.378487
-6.413654
-6.448386
-6.482680
-6.516532
-6.549940
-6.582901
-6.615414
-6.647477
-6.679089
-6.710251
-6.740963
-6.771227
-6.801044
-6.830418
-6.859352
-6.887851
-6.915919
-6.943562
-6.970785
-6.997595
-7.023999
-7.050003
-7.075615
-7.100841
-7.125688
-7.150164
-7.174274
-7.198025
-7.221423
-7.244474
-7.267182
-7.289551
-7.311586
-7.333289
-7.354663
-7.375711
-7.396432
-7.416828
-7.436900
-7.456647
-7.476067
-7.495162
-7.513928
-7.532364
-7.550469
-7.568241
-7.585679
-7.602780
-7.619544
-7.635970
-7.652056
-7.667803
-7.683210
-7.698279
-7.713010
-7.727404
-7.741465
-7.755194
-7.768595
-7.781672
-7.794429
-7.806869
-7.818999
-7.830824
-7.842349
-7.853579
-7.864521
-7.875180
-7.885563
-7.895674
-7.905519
-7.915105
-7.924435
-7.933514
-7.942348
-7.950938
-7.959290
-7.967407
-7.975290
-7.982941
-7.990363
-7.997557
-8.004523
-8.011261
-8.017773
-8.024057
-8.030114
-8.035942
-8.041542
-8.046911
-8.052050
-8.056958
-8.061635
-8.066079
-8.070291
-8.074271
-8.078019
-8.081537
-8.084824
-8.087884
-8.090717
-8.093325
-8.095712
-8.097881
-8.099834
-8.101574
-8.103107
-8.104436
-8.105565
-8.106498
-8.107240
-8.107795
-8.108168
-8.108362
-8.108382
-8.108232
-7.907915
-8.122915
-7.900636
-8.117535
-8.127693
-8.138361
-7.922662
-8.145963
-8.160818
-8.148496
-8.158165
-8.169599
-7.954441
-8.176737
-7.963277
-8.186843
-7.973982
-8.197372
-7.983620
-8.205550
-7.989972
-8.209886
-7.992241
-8.210107
-7.990452
-8.206323
-7.984652
-8.198460
-7.974674
-8.186341
-7.960428
-7.970052
-7.957707
-8.169099
-7.941010
-7.947602
-7.932354
-8.141733
-7.912840
-7.919830
-7.905825
-8.116859
-7.889545
-7.897740
-7.884367
-8.095490
-7.867803
-7.875399
-7.861327
-8.071829
-7.843602
-7.850793
-7.836338
-8.046448
-7.817684
-7.824216
-7.808895
-7.818004
-7.803572
-7.787148
-7.797969
-7.787258
-8.000642
-7.773952
-7.781260
-7.765206
-7.747158
-7.756138
-7.742967
-7.727984
-7.739350
-7.727268
-7.711966
-7.721847
-7.707445
-7.689495
-7.696841
-7.680189
-7.660392
-7.666281
-7.648329
-7.627268
-7.631845
-7.612377
-7.589645
-7.592512
-7.571297
-7.546929
-7.548410
-7.526007
-7.500716
-7.501579
-7.478731
-7.453177
-7.453988
-7.431161
-7.405743
-7.381177
-7.385643
-7.367615
-7.346896
-7.325994
-7.306957
-7.290948
-7.278160
-7.267989
-7.259373
-7.251162
-7.242414
-7.232566
-7.221459
-7.209258
-7.196303
-7.182956
-7.169481
-7.155981
-7.142394
-7.128535
-7.114162
-7.099043
-7.083006
-7.065965
-7.047916
-7.028924
-7.009085
-6.988506
-6.967281
-6.945482
-6.923157
-6.900341
-6.877065
-6.853369
-6.829301
-6.804930
-6.780330
-6.755587
-6.730782
-6.705992
-6.681279
-6.656697
-6.632284
-6.608065
-6.584057
-6.560267
-6.536694
-6.513330
-6.490160
-6.467160
-6.444298
-6.421533
-6.398816
-6.376092
-6.353300
-6.330374
-6.307247
-6.283852
-6.260119
-6.235984
-6.211384
-6.186259
-6.160557
-6.134228
-6.107230
-6.079529
-6.051097
-6.021914
-5.991970
-5.961262
-5.929795
-5.897582
-5.864644
-5.831007
-5.796706
-5.761779
-5.726268
-5.690219
-5.653681
-5.616703
-5.579335
-5.541625
-5.503622
-5.465368
-5.426905
-5.388268
-5.349489
-5.310592
-5.271596
-5.232513
-5.193349
-5.154102
-5.114763
-5.075319
-5.035748
-4.996023
-4.956112
-4.915978
-4.875581
-4.834876
-4.793818
-4.752359
-4.710451
-4.668046
-4.625097
-4.581560
-4.537392
-4.492555
-4.447014
-4.400740
-4.353708
-4.305897
-4.257293
-4.207889
-4.157682
-4.106673
-4.054873
-4.002293
-3.948951
-3.894871
-3.840076
-3.784598
-3.728465
-3.671711
-3.614370
-3.556476
-3.498062
-3.439160
-3.379800
-3.320011
-3.259818
-3.199242
-3.138301
-3.077008
-3.015372
-2.953398
-2.891085
-2.828429
-2.765419
-2.702043
-2.638282
-2.574114
-2.509516
-2.444458
-2.378912
-2.312845
-2.246225
-2.179019
-2.111192
-2.042712
-1.973547
-1.903668
-1.833046
-1.761656
-1.689477
-1.616489
-1.542676
-1.468029
-1.392538
-1.316201
-1.239018
-1.160992
-1.082132
-1.002449
-0.921956
-0.840671
-0.758613
-0.675803
-0.592265
-0.508020
-0.423095
-0.337512
-0.251296
-0.164469
-0.077053
0.010933
0.099471
0.188545
0.278145
0.368259
0.458882
0.550011
0.641645
0.733788
0.826445
0.919626
1.013343
1.107610
1.202443
1.297861
1.393883
1.490532
1.587828
1.685793
1.784451
1.883822
1.983927
2.084786
2.186416
2.288835
2.392056
2.496091
2.600950
2.706638
2.813161
2.920519
3.028711
3.137732
3.247577
3.358235
3.469697
3.581947
3.694973
3.808756
3.923281
4.038528
4.154479
4.271115
4.388418
4.506369
4.624952
4.744151
4.863950
4.984337
5.105301
5.226831
5.348922
5.471567
5.594764
5.718512
5.842813
5.967669
6.093088
6.219074
6.345639
6.472790
6.600541
6.728903
6.857890
6.987513
7.117788
7.248726
7.380341
7.512645
7.645649
7.779362
7.913794
8.048951
8.184839
8.321461
8.458818
8.596912
8.735739
8.875295
9.015575
9.156571
9.298274
9.440672
9.583754
9.727506
9.871915
10.016964
10.162639
10.308924
10.455803
10.603260
10.751280
10.899849
11.048953
11.198578
11.348713
11.499348
11.650473
11.802081
11.954165
12.106722
12.259747
12.413239
12.567199
12.721627
12.876525
13.031897
13.187749
13.344084
13.500910
13.658232
13.816057
13.974392
14.133244
14.292619
14.452523
14.612961
14.773939
14.935458
15.097522
15.260132
15.423289
15.586990
15.751233
15.916014
16.081328
16.247167
16.413526
16.580393
16.747758
16.915612
17.083941
17.252732
17.421973
17.591650
17.761748
17.932254
18.103153
18.274431
18.446076
18.618074
18.790414
18.963082
19.136070
19.309366
19.482964
19.656853
19.831030
20.005487
20.180220
20.355227
20.530504
20.706051
20.881867
21.057952
21.234307
21.410934
21.587834
21.765009
21.942462
22.120195
22.298210
22.476508
22.655092
22.833963
23.013119
23.192563
23.372291
23.552302
23.732594
23.913161
24.094001
24.275106
24.456470
24.638085
24.819943
25.002034
25.184348
25.366875
25.549602
25.732518
25.915611
26.098868
26.282277
26.465824
26.649498
26.833285
27.017174
27.201153
27.385211
27.569336
27.753520
27.937753
28.122027
28.306333
28.490664
28.675016
28.859382
29.043757
29.228139
29.412523
29.596908
29.781291
29.965671
30.150046
30.334417
30.518783
30.703142
30.887495
31.071841
31.256179
31.440509
31.624828
31.809135
31.993428
32.177704
32.361960
32.546190
32.730391
32.914556
33.098681
33.282757
33.466777
33.650733
33.834616
34.018417
34.202126
34.385733
34.569227
34.752597
34.935832
35.118922
35.301856
35.484621
35.667208
35.849606
36.031804
36.213793
36.395563
36.577105
36.758411
36.939473
37.120284
37.300838
37.481127
37.661147
37.840893
38.020360
38.199545
38.378445
38.557057
38.735379
38.913408
39.091142
39.268580
39.445720
39.622560
39.799100
39.975337
40.151269
40.326894
40.502210
40.677214
40.851903
41.026272
41.200319
41.374038
41.547424
41.720471
41.893174
42.065526
42.237520
42.409149
42.580404
42.751277
42.921761
43.091845
43.261522
43.430783
43.599618
43.768018
43.935975
44.103479
44.270522
44.437096
44.603192
44.768803
44.933922
45.098541
45.262655
45.426257
45.589341
45.751904
45.913939
46.075444
46.236415
46.396847
46.556740
46.716089
46.874894
47.033151
47.190860
47.348019
47.504627
47.660681
47.816181
47.971125
48.125512
48.279339
48.432606
48.585309
48.737446
48.889015
49.040012
49.190433
49.340276
49.489535
49.638207
49.786286
49.933767
50.080644
50.226913
50.372566
50.517597
50.662001
50.805770
50.948898
51.091379
51.233206
51.374373
51.514872
51.654699
51.793847
51.932310
52.070083
52.207162
52.343540
52.479215
52.614181
52.748436
52.881976
53.014799
53.146901
53.278281
53.408938
53.538869
53.668073
53.796550
53.924299
54.051320
54.177611
54.303173
54.428006
54.552109
54.675481
54.798124
54.920035
55.041214
55.161661
55.281374
55.400353
55.518595
55.636099
55.752864
55.868886
55.984163
56.098692
56.212471
56.325497
56.437765
56.549272
56.660016
56.769991
56.879195
56.987623
57.095271
57.202137
57.308215
57.413504
57.517998
57.621696
57.724595
57.826691
57.927982
58.028466
58.128142
58.227008
58.325062
58.422305
58.518734
58.614351
58.709155
58.803147
58.896326
58.988694
59.080252
59.171001
59.260942
59.350077
59.438407
59.525932
59.612656
59.698579
59.783703
59.868028
59.951556
60.034288
60.116225
60.197368
60.277716
60.357271
60.436032
60.514000
60.591174
60.667554
60.743138
60.817928
60.891921
60.965117
61.037515
61.109114
61.179913
61.249911
61.319108
61.387502
61.455092
61.521879
61.587861
61.653038
61.717412
61.780980
61.843745
61.905707
61.966867
62.027225
62.086784
62.145545
62.203510
62.260682
62.317062
62.372654
62.427459
62.481482
62.534725
62.587191
62.638884
62.689806
62.739962
62.789355
62.837987
62.885863
62.932985
62.979357
63.024982
63.069862
63.114001
63.157400
63.200064
63.241993
63.283191
63.323659
63.363400
63.402415
63.440706
63.478276
63.515125
63.551255
63.586669
63.621367
63.655352
63.688624
63.721187
63.753042
63.784190
63.814635
63.844378
63.873422
63.901770
63.929424
63.956388
63.982665
64.008259
64.033172
64.057410
64.080975
64.103873
64.126108
64.147684
64.168606
64.188878
64.208507
64.227496
64.245850
64.263576
64.280677
64.297159
64.313027
64.328285
64.342939
64.356994
64.370454
64.383324
64.395608
64.407311
64.418438
64.428992
64.438977
64.448398
64.457259
64.465563
64.473314
64.480516
64.487172
64.493287
64.498864
64.503907
64.508420
64.512405
64.515868
64.518812
64.521242
64.523161
64.524573
64.525484
64.525898
64.525819
64.325253
64.541124
64.311062
64.529607
64.540013
64.549956
64.326533
64.550557
64.564018
64.343442
64.568404
64.350597
64.578505
64.362997
64.591556
64.375179
64.601292
64.381671
64.603953
64.380617
64.599217
64.372568
64.587846
64.358027
64.369887
64.353241
64.563970
64.327104
64.330475
64.305913
64.309851
64.284691
64.287078
64.260167
64.260858
64.232803
64.232759
64.204487
64.204338
64.176073
64.175677
64.147040
64.145947
64.116549
64.114517
64.084284
64.081374
64.050443
64.046814
64.015315
64.011047
63.979007
63.974094
63.941497
63.935935
63.902801
63.896645
63.863056
63.856405
63.822468
63.815429
63.781241
63.773904
63.739542
63.731977
63.697507
63.689779
63.655262
63.647430
63.612920
63.605032
63.570568
63.562654
63.528255
63.520327
63.485993
63.478044
63.443762
63.435775
63.401521
63.393469
63.359211
63.351062
63.316766
63.308485
63.274117
63.265673
63.231203
63.222571
63.187977
63.179142
63.144415
63.135376
63.100518
63.091286
63.056316
63.046916
63.011866
63.002338
62.967249
62.957643
62.922571
62.912945
62.877949
62.868366
62.833511
62.824037
62.789384
62.780081
62.745691
62.736616
62.702538
62.693739
62.660016
62.651528
62.618190
62.610039
62.577101
62.569298
62.536766
62.529311
62.497177
62.490060
62.458308
62.451509
62.420116
62.413611
62.382552
62.376314
62.345560
62.339566
62.309094
62.303322
62.273112
62.267548
62.237590
62.232230
62.202522
62.197369
62.167920
62.162991
62.133819
62.129137
62.100271
62.095868
62.067343
62.063260
62.035117
62.031397
62.003678
62.000364
61.973113
61.970250
61.943506
61.941131
61.914929
61.913076
61.887443
61.886135
61.861090
61.860342
61.835894
61.835711
61.811861
61.812240
61.788978
61.789908
61.767218
61.768681
61.746543
61.748516
61.726906
61.729367
61.708259
61.711184
61.690556
61.693926
61.673759
61.677556
61.657836
61.662053
61.642773
61.647407
61.628567
61.633622
61.615230
61.620719
61.602788
61.608728
61.591278
61.597693
61.580746
61.587660
61.571243
61.578681
61.562817
61.570806
61.555518
61.764078
61.533908
61.539613
61.524369
61.534294
61.521379
61.731953
61.503170
61.509571
61.494707
61.705070
61.477661
61.486534
61.474759
61.688348
61.464044
61.675759
61.451184
61.663922
61.441184
61.656049
61.435334
61.651885
61.432493
61.650112
61.431728
61.650484
61.433509
61.654004
61.439073
61.661826
61.449242
61.674309
61.663896
61.675471
61.463334
61.690702
61.683474
61.698206
61.488506
61.717298
61.710494
61.724976
61.514743
61.743158
61.736384
61.751472
61.742367
61.756868
61.548401
61.779620
61.775844
61.793632
61.786590
61.802607
61.795259
61.812128
61.806264
61.824782
61.820334
61.839889
61.836076
61.856038
61.852577
61.873070
61.870418
61.892091
61.890918
61.914317
61.914960
61.940188
61.942541
61.969351
61.973094
62.001157
62.005989
62.035048
62.040749
62.070598
62.076947
62.107340
62.114055
62.144674
62.151413
62.181914
62.188348
62.218434
62.224306
62.253767
62.258914
62.287634
62.291979
62.319920
62.323460
62.350655
62.353456
62.380005
62.382202
62.408272
62.410057
62.435867
62.437476
62.463276
62.464965
62.491009
62.493026
62.519553
62.522119
62.549333
62.552625
62.580678
62.584820
62.613803
62.618853
62.648792
62.654738
62.685587
62.692352
62.724003
62.731447
62.763739
62.771676
62.804404
62.812616
62.845552
62.853804
62.886715
62.894776
62.927439
62.935097
62.967315
62.974392
63.006012
63.012376
63.043293
63.048866
63.079032
63.083795
63.113218
63.117206
63.145950
63.149247
63.177421
63.180155
63.207901
63.210226
63.237710
63.239795
63.267188
63.269203
63.296668
63.298766
63.326447
63.328754
63.356761
63.359365
63.387766
63.390713
63.419530
63.422816
63.452024
63.455600
63.485128
63.488901
63.518639
63.522482
63.552291
63.556051
63.585769
63.589279
63.618740
63.621833
63.650873
63.653391
63.681863
63.683670
63.711453
63.712441
63.739446
63.739545
63.765723
63.764902
63.790242
63.788507
63.813036
63.810432
63.834211
63.830811
63.853929
63.849831
63.872392
63.867706
63.889826
63.884665
63.906456
63.900928
63.922492
63.916687
63.938106
63.932093
63.953422
63.947240
63.968503
63.962159
63.983348
63.976817
63.997892
63.991116
64.012008
64.004905
64.025521
64.017986
64.038215
64.030133
64.049856
64.041102
64.060199
64.050657
64.069014
63.858574
64.092639
64.083843
64.100469
63.886866
64.118125
64.107104
64.122798
63.908838
64.140254
64.128721
64.143306
63.927007
64.155408
63.939798
64.166787
63.948250
64.172067
63.950564
64.172302
63.949300
64.170161
63.946222
64.166057
63.940491
64.158372
63.930305
64.145627
63.914809
63.927655
63.911319
64.124429
63.888768
63.896430
63.875301
63.885221
63.864478
63.873671
63.851502
63.859417
63.836199
63.843623
63.820049
63.827255
63.803072
63.809369
63.783644
63.788084
63.760026
63.762063
63.731368
63.730885
63.697541
63.694560
63.658577
63.653090
63.614456
63.606483
63.565275
63.554970
63.511421
63.499087
63.453553
63.439579
63.392462
63.377253
63.328950
63.312897
63.263786
63.247255
63.197681
63.180992
63.131246
63.114651
63.064937
63.048596
62.999020
62.982986
62.933550
62.917773
62.868378
62.852715
62.803170
62.787393
62.737436
62.721251
62.670561
62.653631
62.601857
62.583826
62.530612
62.511131
62.456139
62.434892
62.377828
62.354548
62.295179
62.269672
62.207841
62.179991
62.115624
62.085402
62.018511
61.985973
61.916653
61.881931
61.810349
61.773641
61.700021
61.661575
61.586179
61.546270
61.469380
61.428292
61.350187
61.308191
61.229127
61.186460
61.106653
61.063506
60.983114
60.939615
60.858733
60.814942
60.733591
60.689495
60.607629
60.563147
60.480651
60.435640
60.352344
60.306611
60.222301
60.175617
60.090053
60.042171
59.955103
59.905774
59.816959
59.765952
59.675171
59.622286
59.529360
59.474440
59.379239
59.322184
59.224636
59.165403
59.065495
59.004103
58.901883
58.838407
58.733977
58.668544
58.562050
58.494826
58.386451
58.317627
58.207572
58.137356
58.025827
57.954423
57.841619
57.769214
57.655310
57.582064
57.467200
57.393234
57.277510
57.202898
57.086363
57.011129
56.893783
56.817902
56.699696
56.623095
56.503936
56.426502
56.306261
56.227850
56.106371
56.026819
55.903932
55.823066
55.698601
55.616252
55.490047
55.406064
55.277979
55.192234
55.062160
54.974562
54.842428
54.752925
54.618702
54.527285
54.390988
54.297692
54.159376
54.064275
53.924033
53.827234
53.685190
53.586828
53.443126
53.343352
53.198150
53.097121
52.950577
52.848445
52.700708
52.597614
52.448815
52.344875
52.195119
52.090422
51.939781
51.791680
51.696146
51.555081
51.412915
51.318592
51.174642
51.027959
50.929620
50.782718
50.634519
50.535723
50.388223
50.239030
50.138803
49.989043
49.837268
49.734539
49.582055
49.427656
49.322536
49.167398
49.010306
48.902599
48.744578
48.584609
48.474229
48.313361
48.150650
48.037792
47.874326
47.709147
47.594103
47.428362
47.261066
47.144209
46.976597
46.807606
46.645002
46.535228
46.372359
46.204389
46.039676
45.881929
45.730549
45.582582
45.434850
45.285320
45.133462
44.979850
44.825472
44.671142
44.517223
44.363634
44.210041
44.056072
43.901462
43.746099
43.589984
43.433170
43.275699
43.117577
42.958770
42.799224
42.638889
42.477729
42.315731
42.152902
41.989260
41.824829
41.659635
41.493709
41.327083
41.159794
40.991886
40.823406
40.654409
40.484950
40.315086
40.144875
39.974373
39.803637
39.632720
39.461672
39.290540
39.119369
38.948196
38.777055
38.605973
38.434972
38.264067
38.093267
37.922575
37.751988
37.581495
37.411082
37.240729
37.070411
36.900099
36.729760
36.559360
36.388862
36.218225
36.047412
35.876384
35.705102
35.533531
35.361636
35.189387
35.016757
34.843723
34.670266
34.496372
34.322035
34.147250
33.972021
33.796355
33.620266
33.443773
33.266898
33.089671
32.912122
32.734288
32.556207
32.377921
32.199472
32.020904
31.842263
31.663592
31.484935
31.306334
31.127829
30.949458
30.771254
30.593249
30.415469
30.237936
30.060669
29.883680
29.706977
29.530565
29.354442
29.178602
29.003037
28.827732
28.652670
28.477830
28.303189
28.128723
27.954404
27.780204
27.606096
27.432050
27.258041
27.084041
26.910026
26.735975
26.561868
26.387689
26.213425
26.039068
25.864612
25.690056
25.515404
25.340663
25.165845
24.990963
24.816039
24.641093
24.466151
24.291241
24.116394
23.941642
23.767017
23.592555
23.418289
23.244255
23.070485
22.897012
22.723866
22.551078
22.378671
22.206671
22.035097
21.863966
21.693292
21.523084
21.353349
21.184089
21.015303
20.846986
20.679131
20.511728
20.344762
20.178219
20.012080
19.846326
19.680937
19.515891
19.351168
19.186747
19.022606
18.858726
18.695090
18.531682
18.368487
18.205495
18.042695
17.880083
17.717656
17.555414
17.393360
17.231502
17.069848
16.908412
16.747208
16.586254
16.425571
16.265180
16.105105
15.945370
15.786002
15.627025
15.468467
15.310352
15.152707
14.995553
14.838915
14.682813
14.527264
14.372287
14.217893
14.064095
13.910900
13.758315
13.606342
13.454981
13.304229
13.154081
13.004529
12.855563
12.707170
12.559339
12.412053
12.265297
12.119054
11.973308
11.828041
11.683237
11.538880
11.394956
11.251450
11.108352
10.965651
10.823339
10.681410
10.539861
10.398691
10.257901
10.117495
9.977479
9.837861
9.698652
9.559863
9.421511
9.283609
9.146176
9.009228
8.872785
8.736866
8.601489
8.466673
8.332437
8.198797
8.065771
7.933373
7.801616
7.670512
7.540071
7.410299
7.281203
7.152786
7.025048
6.897988
6.771603
6.645889
6.520836
6.396438
6.272684
6.149562
6.027059
5.905163
5.783859
5.663134
5.542973
5.423364
5.304293
5.185747
5.067717
4.950191
4.833162
4.716623
4.600569
4.484997
4.369905
4.255293
4.141165
4.027524
3.914376
3.801728
3.689590
3.577972
3.466885
3.356340
3.246352
3.136933
3.028097
2.919856
2.812224
2.705214
2.598837
2.493104
2.388025
2.283607
2.179858
2.076784
1.974387
1.872670
1.771633
1.671275
1.571593
1.472581
1.374236
1.276547
1.179508
1.083109
0.987338
0.892186
0.797640
0.703689
0.610321
0.517524
0.425288
0.333602
0.242456
0.151842
0.061751
-0.027822
-0.116883
-0.205435
-0.293481
-0.381022
-0.468057
-0.554584
-0.640600
-0.726099
-0.811078
-0.895528
-0.979443
-1.062815
-1.145634
-1.227891
-1.309578
-1.390685
-1.471205
-1.551127
-1.630445
-1.709151
-1.787239
-1.864705
-1.941543
-2.017752
-2.093330
-2.168276
-2.242591
-2.316278
-2.389341
-2.461784
-2.533612
-2.604834
-2.675455
-2.745486
-2.814935
-2.883812
-2.952125
-3.019886
-3.087105
-3.153789
-3.219950
-3.285595
-3.350733
-3.415371
-3.479515
-3.543171
-3.606343
-3.669034
-3.731247
-3.792983
-3.854242
-3.915022
-3.975322
-4.035139
-4.094470
-4.153309
-4.211651
-4.269493
-4.326826
-4.383647
-4.439948
-4.495724
-4.550970
-4.605681
-4.659852
-4.713478
-4.766558
-4.819088
-4.871067
-4.922495
-4.973372
-5.023700
-5.073481
-5.122718
-5.171416
-5.219580
-5.267216
-5.314331
-5.360931
-5.407025
-5.452620
-5.497724
-5.542347
-5.586496
-5.630179
-5.673405
-5.716180
-5.758513
-5.800408
-5.841872
-5.882911
-5.923527
-5.963725
-6.003508
-6.042876
-6.081831
-6.120373
-6.158501
-6.196215
-6.233512
-6.270390
-6.306845
-6.342876
-6.378478
-6.413649
-6.448384
-6.482680
-6.516534
-6.549944
-6.582907
-6.615421
-6.647485
-6.679097
-6.710259
-6.740971
-6.771234
-6.801050
-6.830423
-6.859355
-6.887852
-6.915918
-6.943558
-6.970779
-6.997587
-7.023989
-7.049991
-7.075601
-7.100825
-7.125671
-7.150145
-7.174254
-7.198005
-7.221403
-7.244453
-7.267162
-7.289532
-7.311568
-7.333272
-7.354648
-7.375698
-7.396421
-7.416820
-7.436894
-7.456643
-7.476067
-7.495164
-7.513932
-7.532371
-7.550479
-7.568253
-7.585693
-7.602797
-7.619562
-7.635989
-7.652076
-7.667824
-7.683232
-7.698300
-7.713031
-7.727425
-7.741485
-7.755213
-7.768613
-7.781689
-7.794444
-7.806883
-7.819012
-7.830835
-7.842358
-7.853586
-7.864527
-7.875185
-7.885566
-7.895676
-7.905521
-7.915106
-7.924436
-7.933515
-7.942349
-7.950940
-7.959293
-7.967410
-7.975294
-7.982947
-7.990371
-7.997566
-8.004534
-8.011274
-8.017788
-8.024074
-8.030132
-8.035963
-8.041564
-8.046935
-8.052076
-8.056985
-8.061663
-8.066108
-8.070321
-8.074301
-8.078050
-8.081567
-8.084855
-8.087914
-8.090746
-8.093354
-8.095741
-8.097908
-8.099860
-8.101599
-8.103131
-8.104459
-8.105586
-8.106518
-8.107259
-8.107813
-8.108185
-8.108378
-8.108398
-8.108248
-7.907931
-8.122931
-7.900652
-8.117551
-8.127710
-8.138378
-7.922680
-8.145982
-8.160838
-8.148517
-8.158188
-8.169622
-7.954466
-8.176764
-7.963305
-8.186872
-7.974012
-8.197403
-7.983653
-8.205584
-7.990006
-8.209920
-7.992276
-8.210142
-7.990488
-8.206359
-7.984688
-8.198496
-7.974709
-8.186375
-7.960462
-7.970085
-7.957739
-8.169131
-7.941041
-7.947632
-7.932383
-8.141761
-7.912868
-7.919856
-7.905852
-8.116885
-7.889570
-7.897765
-7.884391
-8.095515
-7.867828
-7.875424
-7.861353
-8.071855
-7.843628
-7.850821
-7.836366
-8.046477
-7.817714
-7.824247
-7.808927
-7.818037
-7.803606
-7.787182
-7.798005
-7.787294
-8.000679
-7.773989
-7.781298
-7.765245
-7.747198
-7.756178
-7.743007
-7.728024
-7.739390
-7.727308
-7.712006
-7.721886
-7.707484
-7.689534
-7.696879
-7.680226
-7.660429
-7.666317
-7.648365
-7.627304
-7.631880
-7.612412
-7.589679
-7.592546
-7.571331
-7.546963
-7.548443
-7.526041
-7.500749
-7.501613
-7.478765
-7.453211
-7.454023
-7.431197
-7.405779
-7.381214
-7.385681
-7.367654
-7.346936
-7.326035
-7.306998
-7.290990
-7.278202
-7.268032
-7.259417
-7.251207
-7.242459
-7.232612
-7.221505
-7.209305
-7.196350
-7.183003
-7.169528
-7.156029
-7.142442
-7.128582
-7.114209
-7.099090
-7.083053
-7.066011
-7.047963
-7.028970
-7.009131
-6.988552
-6.967327
-6.945528
-6.923203
-6.900386
-6.877111
-6.853414
-6.829347
-6.804976
-6.780377
-6.755634
-6.730830
-6.706039
-6.681328
-6.656747
-6.632334
-6.608116
-6.584108
-6.560319
-6.536747
-6.513384
-6.490215
-6.467216
-6.444354
-6.421590
-6.398874
-6.376151
-6.353359
-6.330434
-6.307308
-6.283913
-6.260181
-6.236046
-6.211447
-6.186323
-6.160620
-6.134291
-6.107294
-6.079593
-6.051161
-6.021979
-5.992035
-5.961327
-5.929860
-5.897647
-5.864709
-5.831073
-5.796773
-5.761845
-5.726335
-5.690286
-5.653749
-5.616771
-5.579404
-5.541695
-5.503692
-5.465439
-5.426977
-5.388341
-5.349562
-5.310666
-5.271671
-5.232589
-5.193426
-5.154180
-5.114843
-5.075399
-5.035829
-4.996105
-4.956195
-4.916062
-4.875666
-4.834962
-4.793905
-4.752447
-4.710540
-4.668135
-4.625187
-4.581650
-4.537483
-4.492647
-4.447107
-4.400834
-4.353802
-4.305992
-4.257389
-4.207985
-4.157778
-4.106770
-4.054970
-4.002391
-3.949050
-3.894970
-3.840177
-3.784698
-3.728566
-3.671814
-3.614473
-3.556580
-3.498166
-3.439265
-3.379907
-3.320119
-3.259927
-3.199352
-3.138412
-3.077120
-3.015485
-2.953512
-2.891201
-2.828546
-2.765537
-2.702162
-2.638402
-2.574236
-2.509638
-2.444582
-2.379037
-2.312971
-2.246353
-2.179147
-2.111321
-2.042842
-1.973678
-1.903800
-1.833179
-1.761790
-1.689612
-1.616624
-1.542813
-1.468166
-1.392677
-1.316341
-1.239158
-1.161133
-1.082274
-1.002591
-0.922100
-0.840816
-0.758759
-0.675950
-0.592412
-0.508169
-0.423244
-0.337663
-0.251447
-0.164622
-0.077207
0.010778
0.099314
0.188388
0.277986
0.368099
0.458721
0.549848
0.641481
0.733623
0.826279
0.919458
1.013174
1.107439
1.202271
1.297688
1.393709
1.490356
1.587651
1.685616
1.784272
1.883642
1.983746
2.084603
2.186233
2.288651
2.391871
2.495905
2.600762
2.706450
2.812972
2.920329
3.028519
3.137540
3.247384
3.358041
3.469501
3.581751
3.694775
3.808558
3.923081
4.038327
4.154277
4.270912
4.388214
4.506164
4.624746
4.743944
4.863742
4.984128
5.105090
5.226619
5.348708
5.471352
5.594548
5.718295
5.842594
5.967450
6.092867
6.218852
6.345415
6.472566
6.600316
6.728677
6.857662
6.987284
7.117558
7.248495
7.380109
7.512412
7.645415
7.779127
7.913558
8.048714
8.184600
8.321221
8.458578
8.596671
8.735497
8.875053
9.015332
9.156327
9.298028
9.440426
9.583507
9.727258
9.871665
10.016714
10.162388
10.308672
10.455550
10.603006
10.751025
10.899593
11.048696
11.198320
11.348454
11.499088
11.650212
11.801819
11.953902
12.106457
12.259482
12.412973
12.566932
12.721358
12.876256
13.031627
13.187478
13.343812
13.500637
13.657958
13.815782
13.974116
14.132968
14.292342
14.452245
14.612683
14.773659
14.935178
15.097241
15.259851
15.423006
15.586706
15.750949
15.915729
16.081042
16.246882
16.413239
16.580105
16.747471
16.915323
17.083652
17.252443
17.421683
17.591359
17.761456
17.931961
18.102860
18.274138
18.445782
18.617780
18.790118
18.962786
19.135773
19.309069
19.482665
19.656555
19.830730
20.005187
20.179920
20.354926
20.530203
20.705749
20.881564
21.057649
21.234003
21.410629
21.587529
21.764704
21.942156
22.119888
22.297903
22.476201
22.654785
22.833654
23.012811
23.192254
23.371982
23.551993
23.732284
23.912851
24.093690
24.274795
24.456159
24.637774
24.819631
25.001722
25.184036
25.366562
25.549290
25.732206
25.915298
26.098555
26.281964
26.465511
26.649184
26.832971
27.016860
27.200839
27.384896
27.569022
27.753206
27.937438
28.121711
28.306017
28.490349
28.674700
28.859066
29.043441
29.227823
29.412207
29.596591
29.780974
29.965354
30.149730
30.334101
30.518466
30.702826
30.887179
31.071525
31.255863
31.440193
31.624512
31.808819
31.993113
32.177389
32.361644
32.545875
32.730076
32.914242
33.098366
33.282442
33.466463
33.650419
33.834302
34.018103
34.201813
34.385420
34.568914
34.752284
34.935520
35.118611
35.301544
35.484310
35.666897
35.849295
36.031493
36.213483
36.395253
36.576796
36.758102
36.939165
37.119976
37.300530
37.480819
37.660839
37.840586
38.020054
38.199239
38.378140
38.556752
38.735074
38.913103
39.090838
39.268276
39.445417
39.622258
39.798798
39.975036
40.150968
40.326594
40.501911
40.676915
40.851605
41.025975
41.200022
41.373741
41.547128
41.720176
41.892880
42.065233
42.237228
42.408857
42.580112
42.750987
42.921471
43.091556
43.261234
43.430495
43.599331
43.767732
43.935689
44.103194
44.270238
44.436813
44.602910
44.768522
44.933641
45.098261
45.262376
45.425978
45.589064
45.751627
45.913663
46.075169
46.236140
46.396574
46.556467
46.715818
46.874623
47.032882
47.190591
47.347751
47.504360
47.660415
47.815916
47.970861
48.125249
48.279077
48.432345
48.585049
48.737187
48.888757
49.039755
49.190177
49.340021
49.489282
49.637954
49.786034
49.933516
50.080395
50.226664
50.372318
50.517351
50.661756
50.805526
50.948655
51.091137
51.232965
51.374133
51.514634
51.654462
51.793611
51.932075
52.069849
52.206929
52.343309
52.478984
52.613952
52.748208
52.881749
53.014573
53.146676
53.278058
53.408715
53.538648
53.667853
53.796332
53.924082
54.051104
54.177396
54.302960
54.427794
54.551898
54.675271
54.797915
54.919827
55.041008
55.161456
55.281171
55.400151
55.518394
55.635900
55.752665
55.868688
55.983967
56.098498
56.212278
56.325305
56.437574
56.549083
56.659828
56.769805
56.879010
56.987439
57.095089
57.201955
57.308035
57.413325
57.517821
57.621520
57.724420
57.826517
57.927810
58.028296
58.127973
58.226840
58.324896
58.422140
58.518571
58.614189
58.708994
58.802987
58.896168
58.988537
59.080097
59.170847
59.260790
59.349925
59.438256
59.525784
59.612509
59.698433
59.783558
59.867885
59.951414
60.034148
60.116086
60.197230
60.277580
60.357136
60.435899
60.513868
60.591043
60.667424
60.743010
60.817801
60.891796
60.964993
61.037392
61.108993
61.179793
61.249793
61.318991
61.387386
61.454978
61.521765
61.587749
61.652928
61.717302
61.780873
61.843639
61.905602
61.966763
62.027123
62.086683
62.145445
62.203412
62.260585
62.316966
62.372559
62.427366
62.481390
62.534634
62.587102
62.638796
62.689720
62.739877
62.789271
62.837905
62.885782
62.932905
62.979278
63.024904
63.069786
63.113926
63.157327
63.199991
63.241922
63.283121
63.323590
63.363332
63.402349
63.440641
63.478212
63.515062
63.551194
63.586609
63.621308
63.655294
63.688568
63.721132
63.752988
63.784138
63.814583
63.844328
63.873373
63.901722
63.929377
63.956343
63.982621
64.008215
64.033130
64.057368
64.080935
64.103834
64.126070
64.147647
64.168570
64.188844
64.208473
64.227463
64.245819
64.263545
64.280648
64.297131
64.312999
64.328259
64.342914
64.356970
64.370431
64.383302
64.395587
64.407291
64.418419
64.428974
64.438960
64.448382
64.457244
64.465548
64.473300
64.480503
64.487161
64.493277
64.498855
64.503899
64.508412
64.512398
64.515862
64.518807
64.521237
64.523157
64.524571
64.525482
64.525897
64.525819
64.325253
64.541125
64.311064
64.529610
64.540017
64.549961
64.326538
64.550563
64.564025
64.343449
64.568412
64.350606
64.578515
64.363007
64.591567
64.375191
64.601304
64.381684
64.603967
64.380631
64.599232
64.372583
64.587862
64.358044
64.369904
64.353259
64.563989
64.327123
64.330495
64.305933
64.309872
64.284713
64.287100
64.260190
64.260881
64.232827
64.232783
64.204512
64.204363
64.176098
64.175703
64.147066
64.145974
64.116577
64.114545
64.084312
64.081402
64.050472
64.046844
64.015345
64.011077
63.979037
63.974125
63.941528
63.935966
63.902833
63.896677
63.863088
63.856438
63.822500
63.815462
63.781274
63.773937
63.739575
63.732011
63.697541
63.689813
63.655297
63.647465
63.612955
63.605067
63.570603
63.562690
63.528290
63.520363
63.486029
63.478081
63.443799
63.435812
63.401558
63.393505
63.359248
63.351098
63.316803
63.308522
63.274154
63.265710
63.231240
63.222608
63.188014
63.179179
63.144452
63.135412
63.100555
63.091323
63.056353
63.046953
63.011902
63.002374
62.967286
62.957680
62.922607
62.912981
62.877985
62.868402
62.833547
62.824073
62.789420
62.780117
62.745726
62.736651
62.702573
62.693774
62.660051
62.651563
62.618224
62.610073
62.577135
62.569332
62.536800
62.529345
62.497211
62.490093
62.458341
62.451541
62.420149
62.413644
62.382584
62.376346
62.345592
62.339598
62.309125
62.303353
62.273142
62.267579
62.237620
62.232259
62.202551
62.197398
62.167949
62.163019
62.133847
62.129164
62.100298
62.095895
62.067370
62.063287
62.035143
62.031422
62.003703
62.000389
61.973137
61.970274
61.943529
61.941155
61.914952
61.913098
61.887466
61.886157
61.861112
61.860363
61.835915
61.835732
61.811881
61.812259
61.788997
61.789926
61.767237
61.768698
61.746560
61.748533
61.726922
61.729383
61.708275
61.711200
61.690571
61.693940
61.673772
61.677570
61.657849
61.662066
61.642785
61.647419
61.628578
61.633633
61.615240
61.620729
61.602797
61.608737
61.591287
61.597701
61.580754
61.587667
61.571249
61.578688
61.562823
61.570811
61.555523
61.764083
61.533913
61.539617
61.524372
61.534297
61.521381
61.731954
61.503171
61.509572
61.494708
61.705070
61.477661
61.486533
61.474758
61.688346
61.464042
61.675757
61.451181
61.663918
61.441180
61.656045
61.435329
61.651879
61.432487
61.650106
61.431721
61.650477
61.433502
61.653996
61.439065
61.661818
61.449233
61.674300
61.663887
61.675461
61.463324
61.690691
61.683462
61.698194
61.488494
61.717286
61.710482
61.724963
61.514730
61.743144
61.736369
61.751457
61.742352
61.756853
61.548385
61.779604
61.775828
61.793615
61.786573
61.802589
61.795242
61.812110
61.806246
61.824763
61.820315
61.839870
61.836056
61.856018
61.852556
61.873049
61.870397
61.892069
61.890896
61.914295
61.914938
61.940166
61.942519
61.969328
61.973071
62.001133
62.005965
62.035024
62.040724
62.070573
62.076923
62.107315
62.114030
62.144648
62.151387
62.181888
62.188322
62.218408
62.224280
62.253740
62.258887
62.287606
62.291951
62.319892
62.323433
62.350627
62.353428
62.379977
62.382174
62.408243
62.410028
62.435838
62.437447
62.463247
62.464936
62.490980
62.492996
62.519524
62.522089
62.549303
62.552596
62.580648
62.584790
62.613773
62.618823
62.648762
62.654708
62.685557
62.692321
62.723973
62.731417
62.763708
62.771646
62.804373
62.812585
62.845521
62.853774
62.886685
62.894746
62.927409
62.935067
62.967285
62.974362
63.005982
63.012346
63.043263
63.048836
63.079002
63.083765
63.113188
63.117176
63.145920
63.149218
63.177391
63.180126
63.207872
63.210197
63.237681
63.239767
63.267159
63.269174
63.296640
63.298737
63.326419
63.328726
63.356733
63.359337
63.387738
63.390685
63.419503
63.422789
63.451997
63.455573
63.485102
63.488875
63.518614
63.522457
63.552265
63.556025
63.585744
63.589255
63.618716
63.621809
63.650849
63.653367
63.681840
63.683647
63.711430
63.712418
63.739424
63.739523
63.765702
63.764880
63.790221
63.788486
63.813016
63.810412
63.834191
63.830792
63.853910
63.849812
63.872374
63.867688
63.889809
63.884648
63.906440
63.900912
63.922476
63.916672
63.938091
63.932079
63.953408
63.947226
63.968490
63.962146
63.983336
63.976805
63.997881
63.991106
64.011998
64.004895
64.025511
64.017978
64.038207
64.030125
64.049849
64.041096
64.060193
64.050651
64.069009
63.858570
64.092635
64.083840
64.100466
63.886864
64.118123
64.107104
64.122797
63.908838
64.140255
64.128722
64.143308
63.927010
64.155411
63.939802
64.166792
63.948255
64.172073
63.950571
64.172309
63.949308
64.170170
63.946231
64.166067
63.940502
64.158384
63.930317
64.145640
63.914822
63.927669
63.911335
64.124445
63.888785
63.896447
63.875319
63.885240
63.864497
63.873691
63.851523
63.859439
63.836222
63.843646
63.820073
63.827280
63.803098
63.809395
63.783671
63.788112
63.760055
63.762093
63.731399
63.730917
63.697574
63.694594
63.658611
63.653125
63.614492
63.606520
63.565313
63.555008
63.511461
63.499128
63.453595
63.439622
63.392505
63.377297
63.328995
63.312943
63.263833
63.247302
63.197730
63.181042
63.131297
63.114703
63.064990
63.048649
62.999075
62.983041
62.933607
62.917831
62.868437
62.852775
62.803231
62.787455
62.737499
62.721315
62.670626
62.653697
62.601924
62.583894
62.530681
62.511201
62.456211
62.434964
62.377901
62.354623
62.295255
62.269749
62.207918
62.180070
62.115703
62.085482
62.018593
61.986055
61.916737
61.882016
61.810435
61.773728
61.700109
61.661664
61.586270
61.546361
61.469473
61.428386
61.350282
61.308287
61.229224
61.186559
61.106753
61.063607
60.983216
60.939719
60.858837
60.815047
60.733698
60.689603
60.607738
60.563257
60.480763
60.435753
60.352458
60.306726
60.222417
60.175734
60.090172
60.042291
59.955224
59.905896
59.817082
59.766077
59.675297
59.622413
59.529488
59.474570
59.379370
59.322316
59.224769
59.165537
59.065630
59.004239
58.902020
58.838546
58.734117
58.668685
58.562193
58.494969
58.386595
58.317773
58.207719
58.137505
58.025977
57.954574
57.841771
57.769367
57.655464
57.582219
57.467357
57.393392
57.277669
57.203058
57.086525
57.011292
56.893948
56.818068
56.699863
56.623263
56.504105
56.426673
56.306432
56.228023
56.106545
56.026994
55.904109
55.823244
55.698780
55.616432
55.490228
55.406246
55.278162
55.192418
55.062346
54.974749
54.842616
54.753114
54.618893
54.527477
54.391181
54.297886
54.159571
54.064471
53.924230
53.827432
53.685389
53.587029
53.443328
53.343555
53.198355
53.097326
52.950783
52.848653
52.700917
52.597824
52.449026
52.345087
52.195332
52.090636
51.939997
51.791897
51.696364
51.555299
51.413135
51.318813
51.174864
51.028182
50.929845
50.782943
50.634745
50.535950
50.388451
50.239260
50.139034
49.989275
49.837501
49.734772
49.582289
49.427892
49.322772
49.167635
49.010544
48.902838
48.744819
48.584851
48.474471
48.313604
48.150894
48.038037
47.874572
47.709394
47.594351
47.428610
47.261316
47.144459
46.976849
46.807858
46.645255
46.535482
46.372614
46.204645
46.039933
45.882187
45.730807
45.582841
45.435110
45.285581
45.133724
44.980113
44.825735
44.671407
44.517488
44.363900
44.210307
44.056339
43.901730
43.746368
43.590254
43.433440
43.275970
43.117849
42.959042
42.799497
42.639162
42.478003
42.316006
42.153178
41.989536
41.825106
41.659913
41.493987
41.327362
41.160073
40.992165
40.823687
40.654690
40.485231
40.315368
40.145157
39.974656
39.803921
39.633004
39.461956
39.290825
39.119654
38.948482
38.777341
38.606260
38.435260
38.264355
38.093556
37.922864
37.752277
37.581785
37.411372
37.241019
37.070702
36.900390
36.730052
36.559653
36.389154
36.218518
36.047706
35.876678
35.705396
35.533825
35.361931
35.189682
35.017052
34.844018
34.670561
34.496668
34.322331
34.147546
33.972317
33.796652
33.620563
33.444070
33.267195
33.089968
32.912419
32.734585
32.556505
32.378218
32.199769
32.021202
31.842561
31.663890
31.485233
31.306632
31.128127
30.949756
30.771553
30.593548
30.415767
30.238235
30.060967
29.883978
29.707275
29.530863
29.354740
29.178901
29.003335
28.828030
28.652968
28.478128
28.303487
28.129021
27.954701
27.780502
27.606393
27.432348
27.258338
27.084338
26.910323
26.736272
26.562165
26.387985
26.213721
26.039364
25.864907
25.690352
25.515699
25.340958
25.166139
24.991258
24.816333
24.641387
24.466444
24.291535
24.116687
23.941934
23.767309
23.592847
23.418581
23.244546
23.070775
22.897302
22.724156
22.551367
22.378960
22.206960
22.035385
21.864254
21.693579
21.523371
21.353635
21.184375
21.015588
20.847271
20.679416
20.512012
20.345046
20.178502
20.012362
19.846608
19.681218
19.516172
19.351449
19.187027
19.022885
18.859005
18.695369
18.531960
18.368764
18.205771
18.042971
17.880359
17.717931
17.555688
17.393634
17.231775
17.070120
16.908683
16.747478
16.586524
16.425840
16.265449
16.105373
15.945638
15.786268
15.627291
15.468732
15.310617
15.152971
14.995817
14.839178
14.683074
14.527525
14.372547
14.218152
14.064354
13.911158
13.758573
13.606599
13.455237
13.304484
13.154335
13.004782
12.855815
12.707422
12.559590
12.412303
12.265546
12.119303
11.973555
11.828288
11.683483
11.539125
11.395200
11.251694
11.108595
10.965893
10.823580
10.681650
10.540101
10.398930
10.258139
10.117732
9.977715
9.838096
9.698885
9.560097
9.421743
9.283840
9.146406
9.009457
8.873014
8.737093
8.601715
8.466899
8.332661
8.199021
8.065994
7.933595
7.801837
7.670733
7.540290
7.410518
7.281420
7.153002
7.025263
6.898202
6.771817
6.646101
6.521048
6.396649
6.272894
6.149770
6.027267
5.905370
5.784065
5.663339
5.543177
5.423567
5.304494
5.185948
5.067917
4.950390
4.833360
4.716820
4.600765
4.485192
4.370099
4.255486
4.141357
4.027715
3.914566
3.801917
3.689778
3.578159
3.467071
3.356526
3.246536
3.137116
3.028279
2.920037
2.812405
2.705393
2.599015
2.493281
2.388201
2.283782
2.180032
2.076957
1.974559
1.872841
1.771803
1.671444
1.571761
1.472749
1.374402
1.276712
1.179672
1.083272
0.987500
0.892347
0.797800
0.703848
0.610479
0.517682
0.425445
0.333757
0.242610
0.151995
0.061903
-0.027671
-0.116733
-0.205286
-0.293333
-0.380875
-0.467911
-0.554438
-0.640455
-0.725956
-0.810935
-0.895387
-0.979303
-1.062675
-1.145495
-1.227753
-1.309441
-1.390550
-1.471070
-1.550993
-1.630312
-1.709019
-1.787108
-1.864575
-1.941415
-2.017624
-2.093203
-2.168150
-2.242466
-2.316154
-2.389218
-2.461661
-2.533491
-2.604713
-2.675336
-2.745368
-2.814818
-2.883695
-2.952010
-3.019772
-3.086991
-3.153676
-3.219838
-3.285484
-3.350623
-3.415262
-3.479407
-3.543063
-3.606236
-3.668929
-3.731143
-3.792879
-3.854139
-3.914920
-3.975221
-4.035039
-4.094370
-4.153210
-4.211554
-4.269396
-4.326730
-4.383552
-4.439854
-4.495631
-4.550878
-4.605590
-4.659761
-4.713389
-4.766469
-4.819000
-4.870980
-4.922409
-4.973287
-5.023615
-5.073397
-5.122635
-5.171334
-5.219499
-5.267136
-5.314251
-5.360852
-5.406947
-5.452542
-5.497648
-5.542271
-5.586421
-5.630105
-5.673332
-5.716108
-5.758441
-5.800337
-5.841802
-5.882842
-5.923459
-5.963658
-6.003441
-6.042810
-6.081766
-6.120308
-6.158438
-6.196152
-6.233450
-6.270328
-6.306785
-6.342816
-6.378419
-6.413590
-6.448326
-6.482623
-6.516478
-6.549889
-6.582852
-6.615367
-6.647431
-6.679045
-6.710207
-6.740919
-6.771183
-6.801000
-6.830373
-6.859306
-6.887804
-6.915871
-6.943512
-6.970734
-6.997542
-7.023944
-7.049947
-7.075557
-7.100782
-7.125629
-7.150103
-7.174213
-7.197965
-7.221363
-7.244415
-7.267123
-7.289494
-7.311531
-7.333236
-7.354613
-7.375662
-7.396387
-7.416786
-7.436861
-7.456611
-7.476035
-7.495132
-7.513901
-7.532341
-7.550449
-7.568224
-7.585664
-7.602768
-7.619534
-7.635962
-7.652050
-7.667798
-7.683206
-7.698275
-7.713006
-7.727401
-7.741461
-7.755190
-7.768591
-7.781667
-7.794422
-7.806862
-7.818991
-7.830815
-7.842338
-7.853567
-7.864508
-7.875167
-7.885548
-7.895659
-7.905504
-7.915090
-7.924420
-7.933500
-7.942334
-7.950926
-7.959279
-7.967396
-7.975281
-7.982934
-7.990358
-7.997554
-8.004522
-8.011263
-8.017777
-8.024064
-8.030123
-8.035953
-8.041555
-8.046926
-8.052067
-8.056977
-8.061655
-8.066101
-8.070314
-8.074295
-8.078044
-8.081562
-8.084850
-8.087909
-8.090742
-8.093350
-8.095737
-8.097904
-8.099856
-8.101597
-8.103128
-8.104456
-8.105584
-8.106517
-8.107258
-8.107812
-8.108184
-8.108378
-8.108398
-8.108248
-7.907931
-8.122932
-7.900653
-8.117552
-8.127711
-8.138380
-7.922682
-8.145985
-8.160841
-8.148520
-8.158191
-8.169626
-7.954470
-8.176768
-7.963309
-8.186877
-7.974017
-8.197409
-7.983658
-8.205589
-7.990012
-8.209926
-7.992282
-8.210149
-7.990495
-8.206366
-7.984695
-8.198504
-7.974717
-8.186383
-7.960470
-7.970094
-7.957748
-8.169140
-7.941050
-7.947641
-7.932392
-8.141771
-7.912878
-7.919867
-7.905862
-8.116895
-7.889581
-7.897776
-7.884403
-8.095526
-7.867840
-7.875436
-7.861365
-8.071867
-7.843641
-7.850833
-7.836379
-8.046490
-7.817728
-7.824260
-7.808940
-7.818051
-7.803620
-7.787197
-7.798019
-7.787309
-8.000694
-7.774005
-7.781314
-7.765261
-7.747214
-7.756194
-7.743023
-7.728040
-7.739407
-7.727325
-7.712023
-7.721903
-7.707501
-7.689551
-7.696897
-7.680244
-7.660447
-7.666336
-7.648384
-7.627323
-7.631899
-7.612431
-7.589699
-7.592566
-7.571351
-7.546983
-7.548464
-7.526062
-7.500770
-7.501634
-7.478786
-7.453233
-7.454045
-7.431219
-7.405802
-7.381237
-7.385704
-7.367677
-7.346960
-7.326059
-7.307022
-7.291015
-7.278228
-7.268057
-7.259442
-7.251232
-7.242486
-7.232638
-7.221532
-7.209332
-7.196377
-7.183031
-7.169556
-7.156057
-7.142470
-7.128611
-7.114238
-7.099119
-7.083083
-7.066042
-7.047994
-7.029001
-7.009162
-6.988584
-6.967359
-6.945560
-6.923235
-6.900420
-6.877145
-6.853448
-6.829382
-6.805011
-6.780412
-6.755670
-6.730866
-6.706076
-6.681365
-6.656784
-6.632372
-6.608154
-6.584147
-6.560358
-6.536787
-6.513424
-6.490256
-6.467257
-6.444396
-6.421632
-6.398916
-6.376194
-6.353403
-6.330478
-6.307353
-6.283958
-6.260227
-6.236093
-6.211493
-6.186370
-6.160668
-6.134340
-6.107343
-6.079643
-6.051211
-6.022030
-5.992087
-5.961379
-5.929913
-5.897701
-5.864763
-5.831128
-5.796828
-5.761901
-5.726391
-5.690343
-5.653806
-5.616829
-5.579463
-5.541755
-5.503752
-5.465500
-5.427038
-5.388403
-5.349625
-5.310730
-5.271736
-5.232654
-5.193492
-5.154247
-5.114910
-5.075468
-5.035898
-4.996175
-4.956266
-4.916133
-4.875738
-4.835035
-4.793979
-4.752521
-4.710615
-4.668211
-4.625264
-4.581728
-4.537562
-4.492726
-4.447187
-4.400915
-4.353884
-4.306074
-4.257472
-4.208069
-4.157863
-4.106856
-4.055057
-4.002478
-3.949139
-3.895059
-3.840267
-3.784790
-3.728659
-3.671907
-3.614567
-3.556675
-3.498262
-3.439362
-3.380005
-3.320218
-3.260027
-3.199453
-3.138513
-3.077223
-3.015589
-2.953617
-2.891306
-2.828652
-2.765645
-2.702271
-2.638512
-2.574346
-2.509750
-2.444695
-2.379151
-2.313086
-2.246468
-2.179264
-2.111439
-2.042961
-1.973798
-1.903921
-1.833301
-1.761913
-1.689736
-1.616750
-1.542939
-1.468294
-1.392805
-1.316470
-1.239289
-1.161265
-1.082407
-1.002725
-0.922235
-0.840952
-0.758896
-0.676088
-0.592551
-0.508309
-0.423386
-0.337805
-0.251591
-0.164767
-0.077353
0.010630
0.099166
0.188238
0.277835
0.367947
0.458568
0.549694
0.641326
0.733466
0.826121
0.919300
1.013014
1.107278
1.202109
1.297524
1.393545
1.490191
1.587484
1.685448
1.784103
1.883471
1.983574
2.084431
2.186059
2.288476
2.391695
2.495727
2.600584
2.706270
2.812791
2.920147
3.028336
3.137356
3.247198
3.357855
3.469314
3.581562
3.694585
3.808367
3.922889
4.038134
4.154082
4.270716
4.388017
4.505966
4.624547
4.743743
4.863540
4.983925
5.104886
5.226414
5.348502
5.471145
5.594339
5.718085
5.842383
5.967238
6.092654
6.218638
6.345200
6.472350
6.600098
6.728458
6.857442
6.987063
7.117336
7.248272
7.379885
7.512187
7.645188
7.778899
7.913329
8.048484
8.184370
8.320990
8.458345
8.596437
8.735262
8.874816
9.015095
9.156089
9.297789
9.440185
9.583265
9.727016
9.871422
10.016470
10.162143
10.308425
10.455302
10.602758
10.750776
10.899343
11.048444
11.198067
11.348201
11.498833
11.649956
11.801562
11.953645
12.106199
12.259223
12.412713
12.566671
12.721097
12.875993
13.031364
13.187213
13.343547
13.500370
13.657690
13.815514
13.973847
14.132698
14.292071
14.451974
14.612410
14.773386
14.934904
15.096966
15.259575
15.422730
15.586429
15.750671
15.915450
16.080763
16.246601
16.412958
16.579824
16.747188
16.915040
17.083368
17.252158
17.421398
17.591073
17.761170
17.931674
18.102572
18.273849
18.445493
18.617489
18.789827
18.962495
19.135481
19.308776
19.482372
19.656261
19.830436
20.004892
20.179624
20.354629
20.529906
20.705452
20.881266
21.057350
21.233705
21.410330
21.587229
21.764403
21.941855
22.119587
22.297601
22.475899
22.654482
22.833351
23.012507
23.191950
23.371677
23.551688
23.731979
23.912546
24.093385
24.274489
24.455852
24.637467
24.819324
25.001415
25.183728
25.366254
25.548981
25.731897
25.914990
26.098246
26.281654
26.465201
26.648874
26.832661
27.016550
27.200528
27.384586
27.568711
27.752895
27.937127
28.121400
28.305706
28.490038
28.674389
28.858754
29.043130
29.227511
29.411895
29.596280
29.780663
29.965042
30.149418
30.333789
30.518154
30.702514
30.886867
31.071213
31.255551
31.439881
31.624200
31.808508
31.992801
32.177077
32.361333
32.545563
32.729765
32.913931
33.098055
33.282131
33.466152
33.650108
33.833992
34.017793
34.201503
34.385110
34.568604
34.751975
34.935211
35.118302
35.301236
35.484002
35.666589
35.848987
36.031186
36.213176
36.394946
36.576489
36.757796
36.938859
37.119671
37.300225
37.480515
37.660535
37.840282
38.019750
38.198937
38.377838
38.556450
38.734773
38.912802
39.090538
39.267976
39.445118
39.621959
39.798500
39.974738
40.150671
40.326298
40.501615
40.676620
40.851310
41.025680
41.199728
41.373448
41.546835
41.719884
41.892589
42.064942
42.236937
42.408567
42.579824
42.750699
42.921183
43.091270
43.260948
43.430210
43.599046
43.767448
43.935406
44.102912
44.269957
44.436532
44.602630
44.768242
44.933363
45.097984
45.262099
45.425702
45.588789
45.751353
45.913390
46.074896
46.235869
46.396303
46.556197
46.715549
46.874355
47.032614
47.190325
47.347486
47.504095
47.660151
47.815653
47.970599
48.124988
48.278817
48.432086
48.584791
48.736930
48.888501
49.039500
49.189924
49.339768
49.489030
49.637704
49.785785
49.933268
50.080147
50.226418
50.372073
50.517107
50.661512
50.805284
50.948414
51.090898
51.232727
51.373895
51.514397
51.654226
51.793376
51.931842
52.069617
52.206698
52.343079
52.478756
52.613725
52.747982
52.881524
53.014349
53.146454
53.277836
53.408495
53.538428
53.667635
53.796115
53.923866
54.050889
54.177183
54.302748
54.427583
54.551688
54.675063
54.797708
54.919622
55.040804
55.161253
55.280969
55.399950
55.518195
55.635702
55.752469
55.868493
55.983773
56.098305
56.212087
56.325115
56.437386
56.548896
56.659642
56.769620
56.878826
56.987257
57.094908
57.201776
57.307857
57.413148
57.517645
57.621346
57.724247
57.826346
57.927640
58.028127
58.127805
58.226674
58.324731
58.421976
58.518408
58.614028
58.708835
58.802829
58.896011
58.988382
59.079943
59.170694
59.260638
59.349775
59.438108
59.525636
59.612363
59.698288
59.783415
59.867743
59.951274
60.034009
60.115948
60.197094
60.277445
60.357002
60.435766
60.513737
60.590913
60.667296
60.742883
60.817675
60.891671
60.964870
61.037271
61.108873
61.179675
61.249676
61.318875
61.387271
61.454864
61.521653
61.587638
61.652819
61.717195
61.780766
61.843534
61.905498
61.966660
62.027021
62.086583
62.145347
62.203315
62.260489
62.316872
62.372466
62.427274
62.481299
62.534545
62.587014
62.638709
62.689634
62.739793
62.789188
62.837823
62.885701
62.932826
62.979201
63.024828
63.069710
63.113852
63.157254
63.199920
63.241852
63.283052
63.323523
63.363266
63.402284
63.440577
63.478149
63.515001
63.551134
63.586550
63.621250
63.655238
63.688513
63.721078
63.752935
63.784086
63.814533
63.844278
63.873325
63.901675
63.929331
63.956298
63.982577
64.008172
64.033088
64.057328
64.080896
64.103796
64.126033
64.147611
64.168535
64.188810
64.208440
64.227431
64.245788
64.263516
64.280619
64.297103
64.312973
64.328234
64.342890
64.356947
64.370409
64.383281
64.395567
64.407272
64.418401
64.428956
64.438944
64.448367
64.457229
64.465535
64.473288
64.480492
64.487150
64.493267
64.498846
64.503891
64.508405
64.512392
64.515857
64.518803
64.521234
64.523154
64.524569
64.525481
64.525897
64.525820
64.325255
64.541127
64.311067
64.529614
64.540021
64.549966
64.326544
64.550570
64.564033
64.343458
64.568421
64.350615
64.578525
64.363018
64.591579
64.375203
64.601317
64.381698
64.603982
64.380646
64.599248
64.372600
64.587879
64.358062
64.369923
64.353278
64.564009
64.327143
64.330516
64.305954
64.309894
64.284735
64.287123
64.260213
64.260905
64.232851
64.232808
64.204537
64.204389
64.176124
64.175730
64.147093
64.146001
64.116604
64.114573
64.084340
64.081431
64.050501
64.046873
64.015375
64.011107
63.979068
63.974156
63.941559
63.935998
63.902865
63.896709
63.863120
63.856470
63.822533
63.815496
63.781308
63.773971
63.739609
63.732045
63.697576
63.689848
63.655332
63.647500
63.612991
63.605103
63.570639
63.562726
63.528327
63.520399
63.486065
63.478117
63.443835
63.435849
63.401595
63.393542
63.359285
63.351135
63.316840
63.308559
63.274191
63.265747
63.231277
63.222645
63.188051
63.179217
63.144489
63.135450
63.100592
63.091360
63.056390
63.046990
63.011939
63.002411
62.967323
62.957716
62.922644
62.913018
62.878022
62.868439
62.833583
62.824109
62.789456
62.780153
62.745762
62.736687
62.702609
62.693809
62.660086
62.651598
62.618259
62.610108
62.577170
62.569367
62.536834
62.529379
62.497245
62.490127
62.458374
62.451575
62.420182
62.413676
62.382616
62.376378
62.345624
62.339629
62.309156
62.303384
62.273173
62.267609
62.237650
62.232289
62.202581
62.197428
62.167978
62.163047
62.133875
62.129192
62.100325
62.095922
62.067397
62.063313
62.035169
62.031448
62.003728
62.000414
61.973162
61.970298
61.943553
61.941178
61.914976
61.913121
61.887488
61.886179
61.861134
61.860384
61.835936
61.835752
61.811901
61.812279
61.789017
61.789945
61.767255
61.768716
61.746578
61.748550
61.726939
61.729399
61.708291
61.711215
61.690586
61.693955
61.673787
61.677584
61.657863
61.662079
61.642797
61.647430
61.628589
61.633644
61.615251
61.620739
61.602807
61.608747
61.591296
61.597709
61.580762
61.587675
61.571257
61.578694
61.562830
61.570817
61.555529
61.764088
61.533917
61.539621
61.524375
61.534300
61.521384
61.731957
61.503173
61.509573
61.494709
61.705070
61.477661
61.486532
61.474757
61.688345
61.464040
61.675755
61.451178
61.663915
61.441177
61.656041
61.435325
61.651875
61.432482
61.650100
61.431715
61.650470
61.433495
61.653989
61.439057
61.661810
61.449224
61.674291
61.663877
61.675451
61.463313
61.690680
61.683451
61.698183
61.488482
61.717273
61.710469
61.724950
61.514716
61.743130
61.736355
61.751442
61.742337
61.756837
61.548369
61.779588
61.775811
61.793598
61.786556
61.802572
61.795224
61.812092
61.806227
61.824744
61.820296
61.839851
61.836037
61.855998
61.852536
61.873028
61.870376
61.892048
61.890875
61.914274
61.914916
61.940144
61.942496
61.969306
61.973048
62.001110
62.005942
62.035000
62.040700
62.070549
62.076898
62.107290
62.114005
62.144623
62.151362
62.181862
62.188296
62.218382
62.224253
62.253714
62.258860
62.287580
62.291924
62.319865
62.323405
62.350599
62.353401
62.379949
62.382145
62.408215
62.410000
62.435809
62.437419
62.463218
62.464907
62.490951
62.492967
62.519495
62.522060
62.549274
62.552566
62.580618
62.584761
62.613744
62.618793
62.648732
62.654678
62.685527
62.692291
62.723943
62.731387
62.763678
62.771616
62.804343
62.812555
62.845491
62.853744
62.886654
62.894716
62.927378
62.935037
62.967255
62.974332
63.005952
63.012316
63.043233
63.048806
63.078972
63.083735
63.113159
63.117146
63.145890
63.149188
63.177362
63.180096
63.207842
63.210168
63.237652
63.239738
63.267130
63.269146
63.296611
63.298709
63.326391
63.328698
63.356705
63.359310
63.387711
63.390658
63.419476
63.422762
63.451971
63.455547
63.485075
63.488849
63.518588
63.522431
63.552240
63.556000
63.585719
63.589230
63.618691
63.621785
63.650825
63.653344
63.681817
63.683624
63.711407
63.712396
63.739402
63.739502
63.765680
63.764859
63.790200
63.788466
63.812996
63.810392
63.834172
63.830773
63.853891
63.849794
63.872356
63.867671
63.889792
63.884632
63.906424
63.900896
63.922461
63.916657
63.938077
63.932065
63.953394
63.947213
63.968477
63.962134
63.983324
63.976794
63.997870
63.991095
64.011988
64.004886
64.025503
64.017969
64.038199
64.030118
64.049842
64.041090
64.060187
64.050646
64.069005
63.858566
64.092632
64.083837
64.100464
63.886862
64.118122
64.107103
64.122797
63.908839
64.140256
64.128724
64.143310
63.927012
64.155415
63.939806
64.166796
63.948260
64.172079
63.950577
64.172316
63.949317
64.170178
63.946240
64.166077
63.940513
64.158395
63.930329
64.145653
63.914836
63.927683
63.911350
64.124461
63.888801
63.896464
63.875337
63.885258
63.864517
63.873712
63.851544
63.859461
63.836245
63.843670
63.820098
63.827305
63.803124
63.809422
63.783699
63.788141
63.760084
63.762123
63.731430
63.730949
63.697606
63.694627
63.658646
63.653160
63.614529
63.606557
63.565351
63.555047
63.511501
63.499168
63.453636
63.439664
63.392548
63.377341
63.329040
63.312989
63.263880
63.247350
63.197779
63.181092
63.131347
63.114755
63.065043
63.048703
62.999130
62.983097
62.933664
62.917889
62.868496
62.852834
62.803292
62.787517
62.737562
62.721379
62.670691
62.653763
62.601991
62.583962
62.530750
62.511271
62.456282
62.435036
62.377975
62.354697
62.295330
62.269825
62.207996
62.180148
62.115783
62.085563
62.018675
61.986138
61.916821
61.882101
61.810521
61.773816
61.700198
61.661754
61.586360
61.546453
61.469566
61.428480
61.350377
61.308383
61.229322
61.186657
61.106852
61.063708
60.983318
60.939822
60.858942
60.815153
60.733805
60.689711
60.607848
60.563368
60.480874
60.435865
60.352572
60.306841
60.222534
60.175852
60.090291
60.042410
59.955345
59.906018
59.817206
59.766201
59.675423
59.622540
59.529616
59.474699
59.379500
59.322448
59.224901
59.165671
59.065765
59.004376
58.902158
58.838685
58.734257
58.668826
58.562335
58.495113
58.386740
58.317919
58.207866
58.137653
58.026127
57.954725
57.841923
57.769521
57.655619
57.582375
57.467514
57.393550
57.277829
57.203219
57.086687
57.011455
56.894112
56.818233
56.700030
56.623431
56.504275
56.426843
56.306604
56.228196
56.106719
56.027169
55.904285
55.823422
55.698959
55.616613
55.490410
55.406428
55.278346
55.192603
55.062532
54.974936
54.842805
54.753304
54.619083
54.527669
54.391374
54.298080
54.159766
54.064667
53.924427
53.827631
53.685589
53.587229
53.443530
53.343758
53.198559
53.097531
52.950990
52.848860
52.701126
52.598034
52.449237
52.345299
52.195546
52.090850
51.940212
51.792114
51.696581
51.555518
51.413355
51.319034
51.175086
51.028406
50.930069
50.783169
50.634972
50.536178
50.388680
50.239489
50.139264
49.989506
49.837734
49.735006
49.582524
49.428127
49.323009
49.167873
49.010783
48.903078
48.745059
48.585092
48.474713
48.313847
48.151138
48.038282
47.874818
47.709641
47.594599
47.428859
47.261565
47.144710
46.977100
46.808111
46.645508
46.535736
46.372869
46.204900
46.040190
45.882444
45.731065
45.583100
45.435370
45.285842
45.133986
44.980375
44.825998
44.671671
44.517753
44.364165
44.210574
44.056606
43.901998
43.746637
43.590523
43.433710
43.276241
43.118120
42.959315
42.799770
42.639436
42.478277
42.316281
42.153453
41.989812
41.825382
41.660190
41.494266
41.327640
41.160353
40.992445
40.823967
40.654971
40.485513
40.315650
40.145440
39.974940
39.804205
39.633288
39.462241
39.291110
39.119940
38.948768
38.777628
38.606547
38.435547
38.264643
38.093844
37.923153
37.752566
37.582074
37.411662
37.241310
37.070993
36.900682
36.730344
36.559945
36.389447
36.218811
36.047999
35.876971
35.705690
35.534119
35.362225
35.189977
35.017347
34.844313
34.670856
34.496964
34.322627
34.147842
33.972614
33.796948
33.620860
33.444366
33.267492
33.090265
32.912717
32.734883
32.556802
32.378516
32.200067
32.021500
31.842859
31.664188
31.485531
31.306930
31.128425
30.950054
30.771851
30.593846
30.416066
30.238533
30.061266
29.884276
29.707574
29.531161
29.355038
29.179199
29.003633
28.828328
28.653266
28.478426
28.303785
28.129318
27.954999
27.780799
27.606690
27.432645
27.258635
27.084635
26.910620
26.736568
26.562461
26.388281
26.214017
26.039659
25.865203
25.690647
25.515994
25.341253
25.166434
24.991552
24.816627
24.641680
24.466738
24.291828
24.116980
23.942227
23.767601
23.593138
23.418872
23.244837
23.071066
22.897592
22.724446
22.551656
22.379249
22.207248
22.035673
21.864542
21.693867
21.523658
21.353922
21.184661
21.015874
20.847556
20.679701
20.512296
20.345330
20.178785
20.012645
19.846890
19.681500
19.516453
19.351729
19.187306
19.023164
18.859284
18.695647
18.532237
18.369041
18.206048
18.043247
17.880634
17.718206
17.555962
17.393907
17.232047
17.070392
16.908955
16.747749
16.586794
16.426110
16.265718
16.105641
15.945905
15.786535
15.627557
15.468998
15.310882
15.153234
14.996080
14.839440
14.683336
14.527786
14.372807
14.218412
14.064612
13.911416
13.758830
13.606855
13.455493
13.304739
13.154589
13.005035
12.856068
12.707674
12.559841
12.412553
12.265796
12.119551
11.973803
11.828534
11.683729
11.539370
11.395444
11.251937
11.108837
10.966134
10.823821
10.681890
10.540340
10.399168
10.258376
10.117968
9.977950
9.838330
9.699119
9.560330
9.421975
9.284072
9.146636
9.009687
8.873242
8.737321
8.601942
8.467124
8.332886
8.199245
8.066217
7.933817
7.802058
7.670953
7.540509
7.410736
7.281638
7.153218
7.025478
6.898417
6.772030
6.646314
6.521260
6.396860
6.273103
6.149979
6.027475
5.905576
5.784271
5.663544
5.543381
5.423770
5.304696
5.186149
5.068117
4.950589
4.833558
4.717017
4.600961
4.485387
4.370293
4.255679
4.141549
4.027906
3.914756
3.802107
3.689967
3.578346
3.467257
3.356711
3.246721
3.137299
3.028461
2.920218
2.812585
2.705572
2.599193
2.493458
2.388377
2.283957
2.180207
2.077130
1.974731
1.873012
1.771973
1.671613
1.571929
1.472916
1.374568
1.276878
1.179837
1.083435
0.987663
0.892508
0.797960
0.704007
0.610637
0.517839
0.425601
0.333913
0.242765
0.152148
0.062056
-0.027519
-0.116582
-0.205137
-0.293185
-0.380727
-0.467764
-0.554293
-0.640311
-0.725812
-0.810793
-0.895245
-0.979162
-1.062535
-1.145356
-1.227616
-1.309305
-1.390414
-1.470935
-1.550859
-1.630179
-1.708887
-1.786978
-1.864445
-1.941286
-2.017496
-2.093076
-2.168024
-2.242341
-2.316030
-2.389095
-2.461539
-2.533370
-2.604593
-2.675217
-2.745249
-2.814700
-2.883578
-2.951894
-3.019657
-3.086877
-3.153563
-3.219726
-3.285373
-3.350513
-3.415152
-3.479298
-3.542956
-3.606130
-3.668823
-3.731038
-3.792776
-3.854036
-3.914818
-3.975120
-4.034939
-4.094271
-4.153112
-4.211456
-4.269299
-4.326635
-4.383457
-4.439760
-4.495538
-4.550786
-4.605498
-4.659670
-4.713299
-4.766380
-4.818912
-4.870893
-4.922323
-4.973201
-5.023531
-5.073313
-5.122552
-5.171252
-5.219418
-5.267055
-5.314172
-5.360773
-5.406869
-5.452465
-5.497572
-5.542196
-5.586346
-5.630031
-5.673259
-5.716036
-5.758370
-5.800267
-5.841732
-5.882772
-5.923390
-5.963590
-6.003374
-6.042744
-6.081700
-6.120244
-6.158374
-6.196089
-6.233387
-6.270267
-6.306724
-6.342756
-6.378360
-6.413532
-6.448268
-6.482566
-6.516422
-6.549833
-6.582797
-6.615312
-6.647378
-6.678992
-6.710155
-6.740868
-6.771132
-6.800950
-6.830324
-6.859258
-6.887756
-6.915823
-6.943465
-6.970688
-6.997497
-7.023900
-7.049903
-7.075514
-7.100740
-7.125587
-7.150062
-7.174173
-7.197925
-7.221324
-7.244376
-7.267085
-7.289457
-7.311494
-7.333200
-7.354577
-7.375627
-7.396352
-7.416752
-7.436827
-7.456578
-7.476002
-7.495100
-7.513870
-7.532310
-7.550419
-7.568195
-7.585635
-7.602740
-7.619507
-7.635935
-7.652023
-7.667772
-7.683181
-7.698250
-7.712982
-7.727377
-7.741438
-7.755167
-7.768568
-7.781645
-7.794401
-7.806841
-7.818971
-7.830795
-7.842319
-7.853548
-7.864490
-7.875149
-7.885531
-7.895642
-7.905488
-7.915073
-7.924404
-7.933485
-7.942319
-7.950911
-7.959265
-7.967383
-7.975268
-7.982922
-7.990346
-7.997542
-8.004511
-8.011252
-8.017766
-8.024053
-8.030113
-8.035944
-8.041546
-8.046918
-8.052059
-8.056969
-8.061648
-8.066094
-8.070307
-8.074288
-8.078038
-8.081556
-8.084844
-8.087904
-8.090737
-8.093346
-8.095733
-8.097901
-8.099853
-8.101594
-8.103126
-8.104454
-8.105582
-8.106515
-8.107257
-8.107811
-8.108184
-8.108378
-8.108398
-8.108248
-7.907932
-8.122932
-7.900654
-8.117554
-8.127713
-8.138382
-7.922685
-8.145987
-8.160843
-8.148523
-8.158194
-8.169629
-7.954473
-8.176772
-7.963313
-8.186882
-7.974022
-8.197414
-7.983664
-8.205595
-7.990018
-8.209933
-7.992289
-8.210156
-7.990501
-8.206373
-7.984702
-8.198511
-7.974725
-8.186391
-7.960478
-7.970102
-7.957756
-8.169149
-7.941059
-7.947650
-7.932402
-8.141781
-7.912888
-7.919877
-7.905872
-8.116906
-7.889592
-7.897788
-7.884414
-8.095538
-7.867851
-7.875448
-7.861377
-8.071879
-7.843654
-7.850846
-7.836392
-8.046503
-7.817741
-7.824274
-7.808954
-7.818065
-7.803634
-7.787211
-7.798034
-7.787324
-8.000709
-7.774020
-7.781329
-7.765276
-7.747230
-7.756210
-7.743040
-7.728057
-7.739423
-7.727342
-7.712040
-7.721921
-7.707519
-7.689569
-7.696915
-7.680263
-7.660466
-7.666354
-7.648403
-7.627342
-7.631919
-7.612451
-7.589719
-7.592586
-7.571371
-7.547004
-7.548484
-7.526083
-7.500792
-7.501656
-7.478808
-7.453255
-7.454067
-7.431242
-7.405825
-7.381260
-7.385727
-7.367701
-7.346983
-7.326083
-7.307047
-7.291039
-7.278253
-7.268083
-7.259468
-7.251258
-7.242512
-7.232665
-7.221559
-7.209359
-7.196405
-7.183059
-7.169585
-7.156085
-7.142499
-7.128640
-7.114268
-7.099149
-7.083113
-7.066072
-7.048024
-7.029032
-7.009194
-6.988616
-6.967392
-6.945593
-6.923268
-6.900453
-6.877178
-6.853482
-6.829416
-6.805046
-6.780448
-6.755706
-6.730902
-6.706113
-6.681402
-6.656821
-6.632410
-6.608192
-6.584186
-6.560397
-6.536826
-6.513464
-6.490296
-6.467298
-6.444438
-6.421674
-6.398959
-6.376237
-6.353447
-6.330523
-6.307398
-6.284004
-6.260273
-6.236139
-6.211540
-6.186417
-6.160716
-6.134389
-6.107392
-6.079692
-6.051262
-6.022081
-5.992138
-5.961431
-5.929965
-5.897754
-5.864817
-5.831182
-5.796882
-5.761957
-5.726447
-5.690400
-5.653864
-5.616888
-5.579521
-5.541814
-5.503812
-5.465561
-5.427100
-5.388465
-5.349688
-5.310794
-5.271800
-5.232720
-5.193558
-5.154313
-5.114977
-5.075536
-5.035967
-4.996245
-4.956336
-4.916205
-4.875810
-4.835108
-4.794052
-4.752596
-4.710690
-4.668287
-4.625341
-4.581806
-4.537640
-4.492806
-4.447267
-4.400996
-4.353965
-4.306157
-4.257555
-4.208154
-4.157948
-4.106942
-4.055144
-4.002566
-3.949227
-3.895149
-3.840357
-3.784881
-3.728751
-3.672000
-3.614661
-3.556770
-3.498358
-3.439459
-3.380102
-3.320316
-3.260126
-3.199553
-3.138615
-3.077325
-3.015693
-2.953722
-2.891412
-2.828759
-2.765752
-2.702379
-2.638621
-2.574457
-2.509862
-2.444807
-2.379264
-2.313201
-2.246584
-2.179381
-2.111557
-2.043080
-1.973918
-1.904042
-1.833423
-1.762037
-1.689860
-1.616875
-1.543066
-1.468421
-1.392934
-1.316600
-1.239419
-1.161397
-1.082540
-1.002859
-0.922370
-0.841088
-0.759033
-0.676226
-0.592691
-0.508450
-0.423527
-0.337948
-0.251735
-0.164912
-0.077499
0.010483
0.099017
0.188089
0.277684
0.367795
0.458415
0.549540
0.641171
0.733310
0.825963
0.919141
1.012854
1.107117
1.201946
1.297361
1.393380
1.490025
1.587317
1.685279
1.783933
1.883301
1.983402
2.084258
2.185885
2.288301
2.391518
2.495550
2.600405
2.706091
2.812610
2.919965
3.028153
3.137171
3.247013
3.357668
3.469126
3.581373
3.694395
3.808176
3.922697
4.037940
4.153888
4.270521
4.387820
4.505768
4.624348
4.743543
4.863338
4.983722
5.104682
5.226209
5.348296
5.470937
5.594131
5.717875
5.842173
5.967026
6.092440
6.218424
6.344985
6.472133
6.599880
6.728239
6.857222
6.986842
7.117114
7.248049
7.379660
7.511961
7.644962
7.778672
7.913100
8.048254
8.184139
8.320758
8.458112
8.596203
8.735027
8.874580
9.014857
9.155850
9.297550
9.439945
9.583024
9.726773
9.871179
10.016225
10.161897
10.308179
10.455055
10.602509
10.750527
10.899092
11.048193
11.197815
11.347947
11.498579
11.649701
11.801306
11.953388
12.105941
12.258964
12.412453
12.566410
12.720835
12.875730
13.031100
13.186949
13.343281
13.500104
13.657423
13.815246
13.973578
14.132428
14.291800
14.451702
14.612138
14.773113
14.934630
15.096692
15.259299
15.422453
15.586152
15.750393
15.915172
16.080483
16.246321
16.412677
16.579542
16.746906
16.914757
17.083084
17.251873
17.421112
17.590787
17.760883
17.931386
18.102284
18.273560
18.445203
18.617199
18.789537
18.962203
19.135189
19.308484
19.482079
19.655967
19.830141
20.004597
20.179328
20.354333
20.529609
20.705154
20.880969
21.057052
21.233406
21.410031
21.586929
21.764103
21.941554
22.119286
22.297299
22.475597
22.654179
22.833048
23.012204
23.191646
23.371373
23.551383
23.731674
23.912240
24.093079
24.274183
24.455546
24.637160
24.819017
25.001107
25.183421
25.365947
25.548673
25.731589
25.914681
26.097937
26.281345
26.464892
26.648565
26.832351
27.016240
27.200218
27.384275
27.568400
27.752584
27.936816
28.121089
28.305395
28.489726
28.674077
28.858443
29.042818
29.227199
29.411583
29.595968
29.780351
29.964730
30.149106
30.333477
30.517842
30.702202
30.886555
31.070901
31.255239
31.439569
31.623888
31.808196
31.992489
32.176766
32.361021
32.545252
32.729453
32.913619
33.097744
33.281821
33.465841
33.649798
33.833682
34.017483
34.201193
34.384800
34.568295
34.751666
34.934902
35.117993
35.300927
35.483694
35.666281
35.848680
36.030879
36.212869
36.394640
36.576183
36.757490
36.938554
37.119366
37.299920
37.480210
37.660231
37.839978
38.019447
38.198634
38.377535
38.556149
38.734471
38.912501
39.090237
39.267677
39.444818
39.621660
39.798202
39.974440
40.150374
40.326001
40.501319
40.676324
40.851015
41.025386
41.199434
41.373155
41.546543
41.719592
41.892297
42.064651
42.236647
42.408278
42.579535
42.750410
42.920896
43.090983
43.260662
43.429925
43.598762
43.767164
43.935123
44.102630
44.269675
44.436251
44.602350
44.767963
44.933084
45.097706
45.261822
45.425426
45.588513
45.751078
45.913117
46.074624
46.235597
46.396032
46.555927
46.715280
46.874087
47.032347
47.190059
47.347221
47.503831
47.659888
47.815391
47.970338
48.124727
48.278558
48.431827
48.584533
48.736674
48.888245
49.039245
49.189670
49.339516
49.488778
49.637453
49.785535
49.933019
50.079900
50.226171
50.371828
50.516862
50.661269
50.805042
50.948174
51.090658
51.232488
51.373658
51.514161
51.653991
51.793142
51.931609
52.069385
52.206467
52.342849
52.478527
52.613497
52.747756
52.881299
53.014125
53.146231
53.277615
53.408275
53.538209
53.667418
53.795898
53.923651
54.050675
54.176970
54.302536
54.427373
54.551479
54.674855
54.797501
54.919416
55.040599
55.161050
55.280767
55.399750
55.517996
55.635504
55.752272
55.868298
55.983579
56.098112
56.211895
56.324925
56.437197
56.548708
56.659456
56.769435
56.878642
56.987074
57.094727
57.201596
57.307679
57.412971
57.517470
57.621172
57.724074
57.826174
57.927469
58.027958
58.127638
58.226507
58.324566
58.421812
58.518246
58.613867
58.708675
58.802670
58.895854
58.988226
59.079788
59.170541
59.260487
59.349625
59.437959
59.525489
59.612217
59.698144
59.783271
59.867601
59.951133
60.033869
60.115811
60.196957
60.277310
60.356869
60.435634
60.513606
60.590784
60.667167
60.742756
60.817550
60.891547
60.964747
61.037149
61.108753
61.179556
61.249558
61.318759
61.387156
61.454751
61.521541
61.587528
61.652709
61.717087
61.780659
61.843428
61.905394
61.966558
62.026920
62.086483
62.145248
62.203217
62.260393
62.316777
62.372372
62.427182
62.481209
62.534455
62.586925
62.638622
62.689549
62.739708
62.789105
62.837741
62.885621
62.932747
62.979123
63.024751
63.069635
63.113778
63.157181
63.199848
63.241781
63.282983
63.323455
63.363199
63.402218
63.440513
63.478087
63.514939
63.551074
63.586491
63.621193
63.655181
63.688457
63.721023
63.752882
63.784034
63.814482
63.844228
63.873276
63.901627
63.929285
63.956253
63.982533
64.008130
64.033047
64.057287
64.080856
64.103758
64.125996
64.147575
64.168500
64.188776
64.208408
64.227400
64.245758
64.263486
64.280591
64.297076
64.312947
64.328208
64.342866
64.356923
64.370386
64.383259
64.395547
64.407253
64.418382
64.428939
64.438927
64.448351
64.457215
64.465521
64.473275
64.480480
64.487140
64.493257
64.498837
64.503883
64.508398
64.512386
64.515852
64.518798
64.521230
64.523152
64.524567
64.525480
64.525896
64.525820
64.325256
64.541129
64.311070
64.529618
64.540026
64.549971
64.326550
64.550577
64.564040
64.343466
64.568430
64.350625
64.578536
64.363029
64.591590
64.375216
64.601330
64.381712
64.603996
64.380661
64.599263
64.372616
64.587896
64.358079
64.369941
64.353297
64.564028
64.327163
64.330536
64.305975
64.309916
64.284757
64.287146
64.260236
64.260929
64.232875
64.232833
64.204562
64.204414
64.176150
64.175756
64.147120
64.146028
64.116632
64.114601
64.084369
64.081460
64.050530
64.046903
64.015405
64.011138
63.979099
63.974187
63.941590
63.936030
63.902897
63.896741
63.863153
63.856503
63.822566
63.815529
63.781341
63.774005
63.739644
63.732080
63.697610
63.689883
63.655367
63.647535
63.613026
63.605139
63.570675
63.562762
63.528363
63.520435
63.486102
63.478154
63.443872
63.435885
63.401631
63.393579
63.359322
63.351173
63.316877
63.308596
63.274229
63.265785
63.231314
63.222683
63.188089
63.179254
63.144526
63.135487
63.100629
63.091397
63.056427
63.047027
63.011976
63.002448
62.967360
62.957753
62.922681
62.913054
62.878058
62.868476
62.833619
62.824145
62.789492
62.780189
62.745798
62.736723
62.702645
62.693845
62.660121
62.651634
62.618294
62.610143
62.577205
62.569401
62.536868
62.529413
62.497278
62.490160
62.458408
62.451608
62.420215
62.413709
62.382648
62.376410
62.345656
62.339661
62.309187
62.303415
62.273204
62.267639
62.237680
62.232319
62.202610
62.197457
62.168007
62.163076
62.133903
62.129220
62.100353
62.095950
62.067424
62.063340
62.035195
62.031474
62.003754
62.000439
61.973187
61.970323
61.943578
61.941202
61.914999
61.913144
61.887511
61.886201
61.861155
61.860405
61.835957
61.835773
61.811921
61.812299
61.789036
61.789964
61.767273
61.768735
61.746595
61.748568
61.726956
61.729415
61.708307
61.711231
61.690601
61.693969
61.673801
61.677597
61.657876
61.662092
61.642810
61.647442
61.628601
61.633655
61.615261
61.620749
61.602817
61.608756
61.591305
61.597718
61.580770
61.587682
61.571264
61.578701
61.562836
61.570823
61.555534
61.764093
61.533921
61.539625
61.524379
61.534303
61.521386
61.731959
61.503175
61.509575
61.494710
61.705071
61.477661
61.486532
61.474756
61.688343
61.464038
61.675752
61.451176
61.663912
61.441173
61.656037
61.435320
61.651870
61.432477
61.650094
61.431709
61.650464
61.433488
61.653982
61.439049
61.661801
61.449216
61.674282
61.663868
61.675441
61.463303
61.690669
61.683440
61.698171
61.488470
61.717261
61.710456
61.724937
61.514703
61.743117
61.736341
61.751428
61.742322
61.756822
61.548354
61.779572
61.775795
61.793582
61.786539
61.802554
61.795206
61.812074
61.806209
61.824725
61.820277
61.839831
61.836017
61.855978
61.852516
61.873008
61.870356
61.892027
61.890854
61.914252
61.914894
61.940121
61.942474
61.969283
61.973025
62.001087
62.005918
62.034977
62.040676
62.070524
62.076874
62.107265
62.113980
62.144598
62.151336
62.181837
62.188270
62.218356
62.224227
62.253687
62.258834
62.287553
62.291897
62.319838
62.323378
62.350572
62.353373
62.379922
62.382117
62.408187
62.409971
62.435781
62.437390
62.463189
62.464878
62.490922
62.492938
62.519466
62.522031
62.549244
62.552537
62.580589
62.584731
62.613714
62.618764
62.648702
62.654648
62.685497
62.692261
62.723913
62.731357
62.763648
62.771586
62.804313
62.812525
62.845461
62.853714
62.886624
62.894686
62.927348
62.935007
62.967225
62.974302
63.005922
63.012286
63.043203
63.048777
63.078942
63.083705
63.113129
63.117117
63.145861
63.149159
63.177332
63.180067
63.207813
63.210139
63.237623
63.239709
63.267102
63.269117
63.296583
63.298681
63.326363
63.328670
63.356677
63.359282
63.387684
63.390631
63.419449
63.422735
63.451944
63.455521
63.485049
63.488823
63.518562
63.522406
63.552215
63.555975
63.585694
63.589206
63.618667
63.621761
63.650802
63.653321
63.681794
63.683601
63.711385
63.712374
63.739380
63.739480
63.765659
63.764838
63.790179
63.788445
63.812976
63.810372
63.834153
63.830754
63.853873
63.849776
63.872338
63.867653
63.889774
63.884615
63.906407
63.900880
63.922445
63.916642
63.938062
63.932051
63.953380
63.947200
63.968464
63.962122
63.983312
63.976782
63.997859
63.991085
64.011978
64.004877
64.025494
64.017961
64.038191
64.030110
64.049835
64.041083
64.060182
64.050641
64.069000
63.858562
64.092628
64.083834
64.100461
63.886860
64.118120
64.107102
64.122797
63.908839
64.140257
64.128726
64.143312
63.927015
64.155418
63.939811
64.166801
63.948266
64.172085
63.950584
64.172324
63.949325
64.170187
63.946250
64.166087
63.940523
64.158407
63.930341
64.145666
63.914850
63.927698
63.911365
64.124476
63.888818
63.896481
63.875356
63.885277
63.864537
63.873732
63.851565
63.859483
63.836267
63.843693
63.820122
63.827331
63.803150
63.809449
63.783727
63.788169
63.760114
63.762153
63.731461
63.730980
63.697639
63.694661
63.658680
63.653196
63.614565
63.606594
63.565389
63.555086
63.511540
63.499209
63.453678
63.439706
63.392591
63.377385
63.329085
63.313035
63.263927
63.247398
63.197828
63.181142
63.131398
63.114806
63.065096
63.048757
62.999185
62.983153
62.933720
62.917947
62.868554
62.852894
62.803353
62.787579
62.737625
62.721443
62.670756
62.653829
62.602058
62.584030
62.530819
62.511342
62.456353
62.435108
62.378048
62.354771
62.295406
62.269902
62.208074
62.180227
62.115863
62.085644
62.018757
61.986221
61.916905
61.882186
61.810607
61.773903
61.700286
61.661843
61.586451
61.546545
61.469659
61.428574
61.350473
61.308479
61.229419
61.186756
61.106952
61.063809
60.983420
60.939925
60.859046
60.815258
60.733912
60.689819
60.607957
60.563478
60.480986
60.435978
60.352686
60.306956
60.222650
60.175969
60.090409
60.042530
59.955466
59.906141
59.817329
59.766326
59.675549
59.622667
59.529744
59.474828
59.379631
59.322579
59.225034
59.165805
59.065901
59.004512
58.902296
58.838823
58.734397
58.668967
58.562478
58.495256
58.386885
58.318065
58.208014
58.137801
58.026276
57.954876
57.842075
57.769674
57.655773
57.582531
57.467671
57.393708
57.277988
57.203379
57.086849
57.011618
56.894276
56.818399
56.700197
56.623599
56.504444
56.427014
56.306776
56.228369
56.106893
56.027345
55.904462
55.823599
55.699138
55.616793
55.490591
55.406611
55.278530
55.192788
55.062718
54.975123
54.842993
54.753493
54.619274
54.527860
54.391567
54.298274
54.159961
54.064863
53.924625
53.827829
53.685789
53.587430
53.443732
53.343961
53.198763
53.097737
52.951196
52.849068
52.701335
52.598244
52.449448
52.345512
52.195759
52.091065
51.940428
51.792330
51.696799
51.555737
51.413575
51.319255
51.175308
51.028629
50.930293
50.783394
50.635198
50.536405
50.388908
50.239719
50.139495
49.989738
49.837966
49.735239
49.582759
49.428363
49.323246
49.168110
49.011021
48.903317
48.745300
48.585334
48.474955
48.314091
48.151382
48.038527
47.875064
47.709888
47.594847
47.429108
47.261815
47.144960
46.977352
46.808363
46.645761
46.535990
46.373124
46.205156
46.040447
45.882702
45.731324
45.583359
45.435630
45.286103
45.134248
44.980638
44.826262
44.671935
44.518018
44.364431
44.210840
44.056873
43.902266
43.746905
43.590793
43.433980
43.276512
43.118392
42.959587
42.800043
42.639710
42.478552
42.316556
42.153729
41.990089
41.825659
41.660468
41.494544
41.327919
41.160632
40.992725
40.824247
40.655252
40.485794
40.315932
40.145723
39.975223
39.804488
39.633572
39.462526
39.291396
39.120226
38.949054
38.777915
38.606834
38.435835
