719.931076
593.269792
372.153512
208.342378
164.695612
225.922401
337.921502
444.711292
512.619324
534.046315
520.239929
488.908462
455.211322
425.492429
399.314198
372.312979
339.861434
299.378001
250.896270
196.353207
138.400137
79.413359
21.024554
-35.853299
-90.723261
-143.168898
-192.643639
-238.426315
-279.698110
-315.663878
-345.653451
-369.172542
-385.905297
-395.688861
-398.482788
-394.348216
-383.240907
-365.918840
-342.402525
-313.137786
-278.696846
-239.752582
-197.049977
-151.382168
-103.573202
-54.465771
-4.910750
44.244017
92.166687
138.055714
181.154280
220.763627
256.254524
287.076628
312.765891
332.950355
347.354571
355.802782
358.220811
354.636540
344.978838
329.978656
309.622861
284.304222
254.520904
220.853069
183.939405
144.458586
103.116378
60.636286
17.750991
-24.807376
-66.318692
-106.087480
-143.455600
-177.814017
-208.612990
-235.370537
-257.679304
-275.212065
-287.726026
-295.065989
-297.166284
-294.051362
-285.634898
-272.619360
-254.957765
-232.994061
-207.166930
-177.988409
-146.022006
-111.865233
-76.137502
-39.471673
-2.506707
34.120518
69.784943
103.884230
135.849892
165.157654
191.336412
213.975545
232.730678
247.328106
257.568091
263.327121
264.559127
261.295574
253.444331
241.687137
225.950599
206.535275
183.824557
158.265842
130.350808
100.599497
69.549394
37.748176
5.747823
-25.901831
-56.660976
-86.009009
-113.454222
-138.543109
-160.868577
-180.076755
-195.872381
-208.022914
-216.361563
-220.789322
-221.276023
-217.860347
-210.448689
-199.709767
-185.557760
-168.265753
-148.180321
-125.704804
-101.281062
-75.374191
-48.461716
-21.026462
6.448812
33.486817
59.622187
84.409075
107.429332
128.300469
146.682707
162.284736
174.868090
184.250268
190.306788
192.972330
192.241049
187.966040
180.752131
170.451195
157.262632
141.454159
123.348163
103.306003
81.714449
58.975931
35.502198
11.709802
-11.984246
-35.167761
-57.439877
-78.418407
-97.747342
-115.103846
-130.204239
-142.808793
-152.725362
-159.811971
-163.978525
-165.187702
-163.455066
-158.648343
-151.376741
-141.499226
-129.208134
-114.755223
-98.439731
-80.593986
-61.570396
-41.731670
-21.444291
-1.074088
19.017537
38.477844
56.967911
74.168558
89.786533
103.560314
115.265071
124.716510
131.773577
136.340133
138.365764
137.845856
134.621021
129.263974
121.599575
111.775268
99.992387
86.496567
71.565446
55.497077
38.600952
21.191923
3.586205
-13.901785
-30.962838
-47.297194
-62.619619
-76.664957
-89.193602
-99.996386
-108.898559
-115.762744
-120.490887
-123.025338
-123.349195
-121.485988
-117.298761
-111.373529
-103.551130
-93.982523
-82.864275
-70.430158
-56.939939
-42.668371
-27.896313
-12.904526
2.030349
16.638636
30.660298
43.848082
55.971341
66.820295
76.210315
83.985766
90.023065
94.232790
96.560828
96.988675
95.533038
92.044855
87.090271
80.492607
72.376124
62.905505
52.279121
40.719442
28.463255
15.753488
2.833363
-10.057398
-22.685111
-34.824318
-46.260288
-56.792134
-66.236435
-74.431039
-81.238626
-86.549675
-90.284600
-92.394996
-92.864048
-91.706221
-88.766360
-84.598188
-79.016114
-72.127579
-64.075911
-55.034731
-45.199506
-34.778598
-23.985532
-13.033283
-2.130533
8.520708
18.726915
28.304949
37.084425
44.910540
51.647171
57.179855
61.418327
64.298372
65.782881
65.862132
64.553395
61.699998
57.847714
52.804719
46.664647
39.552278
31.618963
23.035306
13.983143
4.648436
-4.784091
-14.134470
-23.229640
-31.904917
-40.005414
-47.387822
-53.922651
-59.496778
-64.016021
-67.407396
-69.620809
-70.630042
-70.433002
-68.851303
-66.405114
-62.880725
-58.345453
-52.895830
-46.653932
-39.761054
-32.370543
-24.641279
-16.732644
-8.801164
-0.998478
6.529963
13.646055
20.220479
26.134580
31.282601
35.574024
38.935743
41.313790
42.674470
43.004833
42.312540
40.425218
37.863556
34.415100
30.142186
25.132152
19.494332
13.354483
6.848276
0.115234
-6.706012
-13.480902
-20.080786
-26.383948
-32.276377
-37.652713
-42.417578
-46.487281
-49.791696
-52.276069
-53.902475
-54.650770
-54.518940
-53.322869
-51.568291
-49.030180
-45.754749
-41.811341
-37.289940
-32.296235
-26.945714
-21.358074
-15.652800
-9.946188
-4.349666
1.031064
6.096575
10.754389
14.920011
18.518343
21.485337
23.769643
25.334013
26.156283
26.229821
25.563454
23.980922
21.991463
19.373559
16.172024
12.451272
8.293272
3.793145
-0.946255
-5.819555
-10.723045
-15.557468
-20.229541
-24.652592
-28.746800
-32.439483
-35.665692
-38.369165
-40.503563
-42.033751
-42.936922
-43.203365
-42.836757
-41.653975
-40.154951
-38.110251
-35.554198
-32.539227
-29.134130
-25.420040
-21.485404
-17.421119
-13.316622
-9.257304
-5.323169
-1.588368
1.878851
5.016211
7.767773
10.084670
11.926158
13.260762
14.067340
14.335833
14.067616
13.075398
11.852485
10.163158
8.032988
5.504119
2.633845
-0.508997
-3.848668
-7.307068
-10.807390
-14.276520
-17.646222
-20.853453
-23.840249
-26.553614
-28.945695
-30.974346
-32.604020
-33.806830
-34.563553
-34.864394
-34.709384
-33.908360
-32.949750
-31.593169
-29.857514
-27.776946
-25.399712
-22.784830
-19.997729
-17.105955
-14.175710
-11.269606
-8.445620
-5.756922
-3.252147
-0.975691
1.032275
2.736183
4.105807
5.117192
5.753588
6.006180
5.874497
5.166441
4.366803
3.231201
1.772881
0.019180
-1.989440
-4.202470
-6.563468
-9.014143
-11.497619
-13.960518
-16.353861
-18.633085
-20.757626
-22.690475
-24.398014
-25.850259
-27.021493
-27.891108
-28.444490
-28.673741
-28.578090
-27.963970
-27.313401
-26.378678
-25.168488
-23.704664
-22.021371
-20.162191
-18.176177
-16.113932
-14.024486
-11.953355
-9.941783
-8.026857
-6.242069
-4.617909
-3.182159
-1.959773
-0.972360
-0.237407
0.232544
0.430586
0.355867
-0.186327
-0.716103
-1.484325
-2.486340
-3.705118
-5.111959
-6.669279
-8.334441
-10.063540
-11.814395
-13.548339
-15.230837
-16.831222
-18.321998
-19.678134
-20.876660
-21.896710
-22.719975
-23.331432
-23.720142
-23.879923
-23.809766
-23.313938
-22.870678
-22.226174
-21.381636
-20.350085
-19.155716
-17.831164
-16.413753
-14.941782
-13.451649
-11.976191
-10.544203
-9.180851
-7.908493
-6.747502
-5.716751
-4.833640
-4.113686
-3.569825
-3.211648
-3.044736
-3.070259
-3.484868
-3.811570
-4.307183
-4.973629
-5.801418
-6.770248
-7.851722
-9.013089
-10.220896
-11.443770
-12.653939
-13.827560
-14.944160
-15.985680
-16.935571
-17.778243
-18.499014
-19.084508
-19.523340
-19.806883
-19.929909
-19.890995
-19.492611
-19.210850
-18.785889
-18.213034
-17.498779
-16.660209
-15.722233
-14.713814
-13.664335
-12.600900
-11.546941
-10.522053
-9.542709
-8.623334
-7.777295
-7.017489
-6.356401
-5.805702
-5.375550
-5.073838
-4.905549
-4.872389
-4.972700
-5.401642
-5.680811
-6.070870
-6.577149
-7.194218
-7.906468
-8.690933
-9.521112
-10.370625
-11.215862
-12.037264
-12.819333
-13.549776
-14.218292
-14.815494
-15.332276
-15.759716
-16.089469
-16.314431
-16.429451
-16.431908
-16.322018
-15.902855
-15.651861
-15.304653
-14.853433
-14.301458
-13.662262
-12.956589
-12.208380
-11.441072
-10.675045
-9.926536
-9.207863
-8.528499
-7.896406
-7.319162
-6.804569
-6.360660
-5.995243
-5.715169
-5.525608
-5.429484
-5.427211
-5.516711
-5.921365
-6.104344
-6.354890
-6.686451
-7.101049
-7.589101
-8.132281
-8.707895
-9.293225
-9.868732
-10.419575
-10.935548
-11.409913
-11.837800
-12.214776
-12.535968
-12.795882
-12.988799
-13.109508
-13.154102
-13.120586
-12.809196
-12.696779
-12.511019
-12.239766
-11.882920
-11.451116
-10.961976
-10.435595
-9.890678
-9.342203
-8.800790
-8.273467
-7.765166
-7.280305
-6.823918
-6.402117
-6.021880
-5.690388
-5.414192
-5.198478
-5.046591
-4.959889
-4.937863
-4.978436
-5.307853
-5.383446
-5.504982
-5.690497
-5.945049
-6.260996
-6.621723
-7.006834
-7.396949
-7.776851
-8.136586
-8.470789
-8.776976
-9.053608
-9.298607
-9.508646
-9.679231
-9.805364
-9.882421
-9.906960
-9.877231
-9.593322
-9.565628
-9.449323
-9.256089
-8.990044
-8.665674
-8.302035
-7.917386
-7.525703
-7.135529
-6.750820
-6.372928
-6.002752
-5.642356
-5.295670
-4.968294
-4.666717
-4.397300
-4.165407
-3.974867
-3.827835
-3.724969
-3.665771
-3.648949
-3.672682
-3.966673
-3.979509
-4.023586
-4.120473
-4.276153
-4.482419
-4.722154
-4.975727
-5.226261
-5.462476
-5.679000
-5.874798
-6.050812
-6.207793
-6.344972
-6.459750
-6.548216
-6.606108
-6.629779
-6.616874
-6.366604
-6.595295
-6.226248
-6.118627
-5.975260
-5.790096
-5.565117
-5.308297
-5.030373
-4.741793
-4.450738
-4.162503
-3.879991
-3.604805
-3.338371
-3.082711
-2.840692
-2.615822
-2.411779
-2.231891
-2.078747
-1.954005
-1.858410
-1.791925
-1.753926
-1.743355
-1.758817
-2.033413
-2.003429
-1.795995
-2.155964
-2.228849
-2.315356
-2.421018
-2.544281
-2.678203
-2.813410
-2.940958
-3.054189
-3.149297
-3.224851
-3.280765
-3.317269
-3.334225
-3.330917
-3.106237
-3.382879
-3.055858
-3.009511
-2.933913
-2.821049
-2.672366
-2.495766
-2.301465
-2.098493
-1.892808
-1.687130
-1.481970
-1.277091
-1.072735
-0.870260
-0.672140
-0.481529
-0.301666
-0.135376
0.015207
0.148682
0.264255
0.361553
0.440463
0.501054
0.543564
0.568453
0.576457
0.568626
0.308300
0.573684
0.290382
0.317843
0.524892
0.166404
0.131849
0.105400
0.074822
0.035290
-0.010781
-0.056508
-0.094014
-0.117130
-0.122613
-0.109968
0.119573
-0.168366
0.157936
0.181447
0.225327
0.299621
0.403946
0.530993
0.671270
0.816902
0.963450
1.109778
1.256719
1.405474
1.556437
1.708739
1.860438
2.009060
2.152179
2.287810
2.414545
2.531486
2.638066
2.733889
2.818625
2.892000
2.953836
3.004123
3.043067
3.071112
3.088933
3.097401
3.097541
3.090503
2.836207
3.128020
2.862906
3.126858
2.832836
3.079725
2.783551
3.041771
2.763756
3.042385
2.782560
3.119214
3.102722
2.879694
3.217736
3.209525
3.205844
3.231186
3.292546
3.383187
3.490265
3.601918
3.711233
3.816758
3.920643
4.026067
4.135216
4.248413
4.364309
4.480657
4.595158
4.706017
4.812112
4.912862
5.007964
5.097159
5.180116
5.256430
5.325699
5.387618
5.442048
5.489039
5.528818
5.561757
5.588334
5.609114
5.624731
5.635882
5.643326
5.647878
5.650392
5.651753
5.652854
5.654579
5.657786
5.663293
5.671864
5.684197
5.700917
5.722561
5.749577
5.782311
5.821004
5.865792
5.916700
5.973647
6.036446
6.104811
6.178361
6.256629
6.339071
6.425076
6.513975
6.605057
6.697581
6.790784
6.883901
6.976174
7.066867
7.155275
7.240739
7.322654
7.400483
7.473759
7.542097
7.605196
7.662847
7.714933
7.761428
7.802402
7.838011
7.868500
7.894194
7.915494
7.932866
7.946836
7.957975
7.966896
7.974237
7.980652
7.986802
7.993337
8.000895
8.010081
8.021464
8.035566
8.052853
8.073727
8.098521
8.127497
8.160837
8.198643
8.240939
8.287668
8.338694
8.393808
8.452730
8.515116
8.580563
8.648619
8.718790
8.790545
8.863334
8.936591
9.009744
9.082228
9.153492
9.223010
9.290289
9.354874
9.416361
9.474398
9.528695
9.579023
9.625223
9.667201
9.704937
9.738476
9.767933
9.793488
9.815381
9.833909
9.849418
9.862299
9.872980
9.881919
9.889592
9.896491
9.903110
9.909939
9.917455
9.926116
9.936351
9.948552
9.963072
9.980215
10.000236
10.023332
10.049644
10.079250
10.112172
10.148369
10.187740
10.230132
10.275336
10.323094
10.373104
10.425028
10.478494
10.533105
10.588446
10.644091
10.699612
10.754582
10.808587
10.861231
10.912143
10.960983
11.007445
11.051266
11.092228
11.130161
11.164945
11.196515
11.224855
11.250003
11.272049
11.291131
11.307433
11.321182
11.332643
11.342112
11.349917
11.356404
11.361936
11.366884
11.371622
11.376521
11.381942
11.388228
11.395701
11.404656
11.415355
11.428025
11.442852
11.459981
11.479512
11.501499
11.525949
11.552826
11.582048
11.613489
11.646985
11.682335
11.719306
11.757635
11.797036
11.837206
11.877829
11.918580
11.959135
11.999174
12.038385
12.076472
12.113160
12.148199
12.181365
12.212469
12.241355
12.267907
12.292046
12.313735
12.332976
12.349811
12.364321
12.376624
12.386871
12.395246
12.401961
12.407249
12.411367
12.414583
12.417176
12.419431
12.421632
12.424057
12.426977
12.430645
12.435299
12.441152
12.448391
12.457175
12.467629
12.479849
12.493892
12.509782
12.527508
12.547022
12.568246
12.591066
12.615344
12.640911
12.667577
12.695132
12.723351
12.751995
12.780821
12.809582
12.838033
12.865933
12.893055
12.919182
12.944119
12.967689
12.989739
13.010146
13.028811
13.045667
13.060677
13.073837
13.085171
13.094734
13.102611
13.108912
13.113772
13.117350
13.119820
13.121374
13.122217
13.122561
13.122620
13.122613
13.122753
13.123245
13.124285
13.126053
13.128715
13.132413
13.137269
13.143381
13.150821
13.159634
13.169837
13.181421
13.194351
13.208566
13.223978
13.240481
13.257946
13.276226
13.295160
13.314577
13.334295
13.354128
13.373888
13.393390
13.412452
13.430903
13.448582
13.465341
13.481052
13.495603
13.508905
13.520888
13.531509
13.540747
13.548603
13.555105
13.560301
13.564262
13.567079
13.568861
13.569734
13.569835
13.569314
13.368329
13.685285
13.633714
13.394919
13.677719
13.407209
13.682940
13.442394
13.711837
13.460542
13.719319
13.461914
13.719383
13.465499
13.728445
13.480767
13.748197
13.503471
13.771546
13.526645
13.793613
13.548168
13.814617
13.569566
13.836268
13.591898
13.858603
13.614249
13.880100
13.634928
13.899273
13.652862
13.915505
13.667809
13.928781
13.679840
13.939166
13.688984
13.946673
13.695284
13.951432
13.667326
13.926541
13.654204
13.926910
13.666054
13.944628
13.684831
13.960063
13.695736
13.966271
13.699437
13.969077
13.703647
13.975229
13.712432
13.985687
13.724259
13.997588
13.736134
14.008674
13.746923
14.018874
13.757253
14.029050
13.767828
14.039515
13.778521
14.049799
13.788691
14.059267
13.797840
14.067617
13.805852
14.074870
13.812821
14.051299
13.792296
14.070982
13.822092
14.071200
13.818885
14.068682
13.820359
14.074924
13.831089
14.088187
13.845247
14.101304
13.856670
14.110506
13.864297
14.116901
13.870416
14.122923
13.876832
14.129377
13.883376
14.135423
13.888950
14.140087
13.892953
14.143219
13.895630
14.145320
13.897567
14.146922
13.899169
14.148286
13.900579
14.149496
13.901885
14.150681
13.903269
14.152073
13.904993
14.153933
13.907288
14.156444
13.910283
14.159683
13.914010
14.163645
13.918436
14.168275
13.923485
14.173478
13.929043
14.179116
13.934948
14.185009
13.941004
14.190948
13.946998
14.196721
13.952722
14.202129
13.957991
14.207006
13.962658
14.211224
13.966619
14.214705
13.969821
14.217423
13.972266
14.219407
13.974011
14.220739
13.975158
14.221542
13.975852
14.221976
13.976260
14.222216
13.976566
14.222445
13.976947
14.222837
13.977567
14.223542
13.978564
14.224678
13.980034
14.226322
13.982030
14.228503
13.984560
14.231204
13.987582
14.234363
13.991015
14.237880
13.994742
14.241625
13.998623
14.245451
14.002506
14.249202
14.006238
14.252733
14.009681
14.255915
14.012718
14.258644
14.015263
14.260856
14.017271
14.262523
14.018734
14.263658
14.019685
14.264314
14.020194
14.264575
14.020359
14.264551
14.020299
14.264370
14.020147
14.264163
14.020033
14.264058
14.020077
14.264167
14.020382
14.264579
14.021022
14.265353
14.022040
14.266515
14.023444
14.268057
14.025209
14.269936
14.027279
14.272082
14.029570
14.274404
14.031983
14.276794
14.034408
14.279143
14.036735
14.281341
14.038861
14.283295
14.040700
14.284929
14.042190
14.286193
14.043294
14.287066
14.044005
14.287554
14.044345
14.287695
14.044363
14.287547
14.044128
14.287189
14.043726
14.286711
14.043250
14.286208
14.042794
14.285771
14.042444
14.285482
14.042275
14.285403
14.042340
14.285578
14.042669
14.311062
14.067290
14.302967
14.049224
14.306806
14.055020
14.286625
14.032863
14.293359
14.046099
14.282253
14.032060
14.294490
14.047656
14.283047
14.031591
14.292788
14.045284
14.305682
14.053998
14.308680
14.051569
14.302386
14.043578
14.294760
14.037805
14.291521
14.037009
14.292527
14.038922
14.294501
14.040342
14.295111
14.040185
14.294484
14.039456
14.294026
14.064474
14.318654
14.056884
14.301361
14.061541
14.307864
14.041856
14.285920
14.048537
14.298879
14.036959
14.284272
14.048613
14.299250
14.036415
14.282370
14.045332
14.295148
14.057157
14.302656
14.058802
14.298800
14.051025
14.289358
14.041971
14.282246
14.037433
14.280235
14.037245
14.281028
14.038113
14.281438
14.037757
14.280454
14.036381
14.279138
14.035416
14.278826
14.035764
14.279834
14.037193
14.281547
14.038916
14.283205
14.040347
14.284463
14.041366
14.285358
14.042082
14.285987
14.042524
14.286294
14.042560
14.286103
14.042013
14.285270
14.040795
14.283776
14.038951
14.281711
14.036600
14.279210
14.033876
14.276399
14.030902
14.273401
14.027801
14.270343
14.024708
14.267364
14.021763
14.264602
14.019092
14.262165
14.016787
14.260127
14.014898
14.258516
14.013436
14.257326
14.012376
14.256515
14.011660
14.256009
14.011203
14.255711
14.010894
14.255503
14.010612
14.255261
14.010233
14.254863
14.009638
14.254198
14.008728
14.253177
14.007425
14.251738
14.005682
14.249848
14.003482
14.247505
14.000839
14.244741
13.997798
14.241612
13.994430
14.238200
13.990822
14.234598
13.987073
14.230908
13.983286
14.227232
13.979558
14.223660
13.975972
14.220267
13.972594
14.217108
13.969465
14.214210
13.966600
14.211575
13.963987
14.209179
13.961591
14.206974
13.959351
14.204892
13.957195
14.202854
13.955037
14.200771
13.952788
14.198555
13.950363
14.196126
13.947687
14.193415
13.944698
14.190370
13.941356
14.186961
13.937641
14.183178
13.933554
14.179035
13.929120
14.174565
13.924379
14.169817
13.919389
14.164855
13.914216
14.159745
13.908931
14.154560
13.903601
14.149364
13.898288
14.144214
13.893042
14.139152
13.887899
14.134205
13.882874
14.129380
13.877966
14.124666
13.873156
14.120035
13.868406
14.115444
13.863668
14.110838
13.858884
14.106156
13.853989
14.101334
13.848921
14.096309
13.814197
14.064717
13.822612
14.083608
13.812513
14.070447
13.829927
14.088824
13.812328
14.065341
13.820382
14.077317
13.799781
14.053914
13.779772
14.041449
13.774881
14.042605
13.778430
14.045864
13.778732
14.042782
13.772092
14.034105
13.762176
14.024481
13.752945
14.016199
13.744818
13.977358
13.709118
13.983884
13.724845
13.967916
13.704606
13.948994
13.690080
13.940392
13.686175
13.939532
13.685695
13.938026
13.681853
13.932185
13.674182
13.923878
13.665553
13.915736
13.657560
13.908072
13.649463
13.899587
13.639933
13.889316
13.628545
13.877345
13.615728
13.864230
13.601986
13.850324
13.587507
13.835694
13.572312
13.820394
13.556531
13.804635
13.540443
13.788730
13.524355
13.772954
13.508497
13.757491
13.493014
13.742458
13.478002
13.727930
13.463517
13.713940
13.449561
13.700459
13.436073
13.687392
13.422928
13.674589
13.409956
13.661863
13.396957
13.649007
13.383719
13.635805
13.370025
13.622045
13.355674
13.607539
13.340491
13.592128
13.324340
13.575700
13.307133
13.558194
13.288834
13.539599
13.269460
13.519956
13.249074
13.499353
13.227786
13.477915
13.205736
13.455798
13.183089
13.433170
13.160016
13.410204
13.136687
13.387062
13.113254
13.363884
13.089843
13.340779
13.066545
13.317817
13.043407
13.295026
13.020436
13.272388
12.997592
13.249843
12.974796
13.227295
12.951936
13.204617
12.928873
13.181662
12.905455
13.158273
12.881524
13.134294
12.856927
13.109581
12.831530
13.084008
12.805222
13.057481
12.777923
13.029939
12.749591
13.001356
12.720220
12.971744
12.689840
12.941151
12.658513
12.909655
12.626331
12.877355
12.593401
12.844367
12.559845
12.810815
12.525785
12.776817
12.491335
12.742482
12.456596
12.707899
12.421644
12.673131
12.386530
12.638215
12.351273
12.603152
12.315860
12.567916
12.280250
12.532449
12.244372
12.496672
12.208136
12.460484
12.171436
12.423774
12.134158
12.386427
12.096186
12.348331
12.057415
12.309384
12.017750
12.269504
11.977119
12.228629
11.935473
12.186721
11.892788
12.143771
11.849067
12.099796
11.804341
12.054836
11.758661
12.008954
11.712096
11.962224
11.664728
11.914733
11.616646
11.866570
11.567938
11.817819
11.518684
11.768557
11.468954
11.718845
11.418799
11.468723
11.710855
11.379250
11.396207
11.616823
11.278579
11.301593
11.533116
11.203852
11.231988
11.463617
11.130669
11.155026
11.383637
11.048617
11.073001
11.302195
10.967116
10.991696
11.220411
10.883851
10.907488
11.135187
10.797184
10.820201
11.047257
10.708069
10.730528
10.956874
10.616417
10.638244
10.863883
10.522249
10.543561
10.768629
10.425970
10.446879
10.471480
10.675272
10.304391
10.304994
10.321584
10.327733
10.311733
10.275496
10.228353
10.180319
10.137749
10.102211
10.071757
10.043107
10.013516
9.981664
9.947620
9.912250
9.876537
9.841126
9.806188
9.771536
9.736836
9.701797
9.666267
9.630237
9.593779
9.556984
9.519913
9.482583
9.444979
9.407070
9.368834
9.330261
9.291358
9.252143
9.212636
9.172857
9.132822
9.092545
9.052037
9.011314
8.970389
8.929279
8.888001
8.846571
8.805004
8.763315
8.721514
8.679613
8.637620
8.595543
8.553386
8.511154
8.468847
8.426467
8.384009
8.341471
8.298846
8.256126
8.213303
8.170365
8.127303
8.084103
8.040753
7.997238
7.953547
7.909665
7.865578
7.821276
7.776744
7.731974
7.686955
7.641678
7.596136
7.550325
7.504240
7.457878
7.411241
7.364328
7.317143
7.269690
7.221976
7.174009
7.125796
7.077348
7.028676
6.979792
6.930709
6.881437
6.831992
6.782385
6.732630
6.682738
6.632721
6.582590
6.532354
6.482022
6.431603
6.381101
6.330521
6.279868
6.229142
6.178345
6.127474
6.076528
6.025502
5.974392
5.923192
5.871894
5.820490
5.768973
5.717332
5.665558
5.613643
5.561576
5.509348
5.456951
5.404375
5.351614
5.298662
5.245511
5.192158
5.138599
5.084833
5.030857
4.976673
4.922282
4.867688
4.812894
4.757905
4.702729
4.647373
4.591844
4.536152
4.480307
4.424319
4.368197
4.311952
4.255595
4.199136
4.142584
4.085950
4.029240
3.972465
3.915630
3.858742
3.801806
3.744826
3.687805
3.630745
3.573646
3.516508
3.459331
3.402110
3.344844
3.287528
3.230156
3.172724
3.115226
3.057655
3.000004
2.942268
2.884440
2.826513
2.768481
2.710339
2.652083
2.593707
2.535209
2.476586
2.417836
2.358958
2.299953
2.240822
2.181567
2.122191
2.062699
2.003096
1.943386
1.883578
1.823677
1.763692
1.703630
1.643500
1.583310
1.523069
1.462785
1.402466
1.342120
1.281755
1.221377
1.160993
1.100608
1.040228
0.979855
0.919494
0.859147
0.798816
0.738500
0.678200
0.617914
0.557642
0.497380
0.437126
0.376877
0.316627
0.256374
0.196113
0.135839
0.075548
0.015236
-0.045102
-0.105469
-0.165869
-0.226304
-0.286777
-0.347289
-0.407842
-0.468436
-0.529069
-0.589742
-0.650452
-0.711196
-0.771970
-0.832772
-0.893595
-0.954435
-1.015286
-1.076141
-1.136995
-1.197840
-1.258670
-1.319478
-1.380258
-1.441001
-1.501703
-1.562356
-1.622956
-1.683498
-1.743975
-1.804385
-1.864725
-1.924990
-1.985179
-2.045291
-2.105325
-2.165280
-2.225157
-2.284957
-2.344681
-2.404332
-2.463911
-2.523422
-2.582867
-2.642249
-2.701571
-2.760836
-2.820048
-2.879208
-2.938320
-2.997385
-3.056405
-3.115382
-3.174317
-3.233209
-3.292059
-3.350865
-3.409627
-3.468342
-3.527007
-3.585620
-3.644178
-3.702675
-3.761109
-3.819473
-3.877763
-3.935975
-3.994101
-4.052138
-4.110079
-4.167919
-4.225654
-4.283278
-4.340786
-4.398174
-4.455439
-4.512577
-4.569584
-4.626459
-4.683199
-4.739803
-4.796269
-4.852598
-4.908788
-4.964842
-5.020759
-5.076540
-5.132188
-5.187703
-5.243088
-5.298345
-5.353476
-5.408483
-5.463369
-5.518134
-5.572782
-5.627313
-5.681728
-5.736030
-5.790217
-5.844291
-5.898251
-5.952097
-6.005827
-6.059439
-6.112933
-6.166305
-6.219552
-6.272672
-6.325661
-6.378516
-6.431232
-6.483806
-6.536234
-6.588511
-6.640633
-6.692597
-6.744398
-6.796032
-6.847497
-6.898788
-6.949903
-7.000839
-7.051594
-7.102165
-7.152553
-7.202754
-7.252770
-7.302599
-7.352241
-7.401696
-7.450966
-7.500052
-7.548953
-7.597673
-7.646211
-7.694570
-7.742752
-7.790758
-7.838588
-7.886246
-7.933732
-7.981047
-8.028191
-8.075167
-8.121973
-8.168610
-8.215077
-8.261374
-8.307500
-8.353454
-8.399233
-8.444837
-8.490262
-8.535506
-8.580568
-8.625443
-8.670129
-8.714624
-8.758923
-8.803025
-8.846925
-8.890621
-8.934111
-8.977391
-9.020459
-9.063313
-9.105950
-9.148370
-9.190570
-9.232550
-9.274309
-9.315845
-9.357159
-9.398252
-9.439122
-9.479771
-9.520199
-9.560407
-9.600396
-9.640168
-9.679723
-9.719063
-9.758189
-9.797102
-9.835803
-9.874293
-9.912573
-9.950645
-9.988507
-10.026161
-10.063607
-10.100844
-10.137872
-10.174690
-10.211298
-10.247694
-10.283878
-10.319846
-10.355599
-10.391133
-10.426447
-10.461539
-10.496406
-10.531047
-10.565459
-10.599641
-10.633589
-10.667302
-10.700779
-10.734017
-10.767015
-10.799772
-10.832286
-10.864557
-10.896583
-10.928365
-10.959902
-10.991194
-11.022241
-11.053043
-11.083602
-11.113917
-11.143989
-11.173820
-11.203410
-11.232760
-11.261871
-11.290744
-11.319380
-11.347780
-11.375945
-11.403875
-11.431571
-11.459033
-11.486262
-11.513258
-11.540020
-11.566548
-11.592841
-11.618900
-11.644723
-11.670309
-11.695658
-11.720767
-11.745636
-11.770263
-11.794647
-11.818786
-11.842679
-11.866324
-11.889719
-11.912864
-11.935758
-11.958398
-11.980784
-12.002915
-12.024789
-12.046408
-12.067769
-12.088872
-12.109719
-12.130307
-12.150638
-12.170712
-12.190529
-12.210090
-12.229395
-12.248445
-12.267241
-12.285784
-12.304074
-12.322112
-12.339899
-12.357436
-12.374723
-12.391761
-12.408551
-12.425093
-12.441386
-12.457433
-12.473231
-12.488782
-12.504084
-12.519139
-12.533944
-12.548500
-12.562806
-12.576861
-12.590664
-12.604215
-12.617512
-12.630554
-12.643340
-12.655870
-12.668142
-12.680156
-12.691910
-12.703404
-12.714637
-12.725609
-12.736318
-12.746765
-12.756949
-12.766870
-12.776528
-12.785924
-12.795056
-12.803926
-12.812534
-12.820881
-12.828966
-12.836790
-12.844355
-12.851661
-12.858707
-12.865496
-12.872028
-12.878303
-12.884321
-12.890084
-12.670570
-12.970308
-12.958414
-12.952189
-12.740611
-13.022815
-12.991363
-12.768703
-13.040341
-13.026248
-12.798848
-13.062559
-12.814702
-13.073917
-12.821892
-13.078085
-12.824546
-13.080559
-12.827727
-13.084721
-12.832626
-13.089747
-12.837050
-13.092914
-12.838522
-13.092524
-12.836338
-13.088790
-12.831354
-13.082855
-12.824666
-13.050559
-12.792725
-13.050702
-12.802264
-13.037758
-12.786739
-13.047578
-12.798017
-13.029538
-12.773127
-13.028747
-12.775097
-13.004289
-12.747162
-13.003348
-12.750729
-12.980919
-12.724170
-12.980056
-12.726286
-12.954847
-12.696126
-12.950156
-12.694621
-12.921792
-12.661881
-12.689940
-12.928292
-12.668918
-12.889431
-12.622097
-12.869234
-12.608826
-12.633746
-12.867067
-12.601713
-12.616752
-12.838748
-12.563570
-12.572360
-12.792098
-12.517901
-12.529787
-12.753096
-12.481545
-12.494614
-12.717346
-12.443637
-12.453810
-12.673453
-12.396884
-12.405010
-12.623370
-12.346010
-12.353865
-12.572061
-12.294276
-12.301607
-12.519017
-12.240100
-12.246364
-12.462745
-12.182770
-12.188313
-12.204157
-12.418678
-12.128381
-12.120111
-12.122786
-12.127841
-12.128229
-12.119847
-12.101857
-12.076076
-12.045843
-12.014767
-11.985726
-11.960300
-11.938680
-11.919964
-11.902656
-11.885196
-11.866375
-11.845554
-11.822682
-11.798155
-11.772600
-11.746647
-11.720769
-11.695190
-11.669895
-11.644692
-11.619309
-11.593488
-11.567051
-11.539929
-11.512160
-11.483853
-11.455148
-11.426179
-11.397042
-11.367789
-11.338428
-11.308941
-11.279298
-11.249474
-11.219458
-11.189257
-11.158893
-11.128395
-11.097794
-11.067111
-11.036361
-11.005543
-10.974650
-10.943668
-10.912577
-10.881360
-10.849999
-10.818480
-10.786787
-10.754908
-10.722827
-10.690528
-10.657995
-10.625209
-10.592152
-10.558806
-10.525156
-10.491186
-10.456885
-10.422246
-10.387262
-10.351930
-10.316249
-10.280220
-10.243846
-10.207133
-10.170089
-10.132722
-10.095045
-10.057070
-10.018813
-9.980287
-9.941511
-9.902499
-9.863270
-9.823840
-9.784223
-9.744436
-9.704491
-9.664402
-9.624180
-9.583833
-9.543369
-9.502793
-9.462109
-9.421318
-9.380419
-9.339410
-9.298286
-9.257041
-9.215667
-9.174155
-9.132494
-9.090673
-9.048680
-9.006503
-8.964129
-8.921545
-8.878740
-8.835701
-8.792419
-8.748883
-8.705084
-8.661017
-8.616674
-8.572053
-8.527151
-8.481967
-8.436502
-8.390760
-8.344744
-8.298461
-8.251918
-8.205124
-8.158088
-8.110820
-8.063333
-8.015638
-7.967747
-7.919672
-7.871425
-7.823019
-7.774463
-7.725769
-7.676945
-7.628001
-7.578943
-7.529778
-7.480509
-7.431141
-7.381674
-7.332110
-7.282447
-7.232683
-7.182815
-7.132837
-7.082745
-7.032531
-6.982188
-6.931709
-6.881086
-6.830309
-6.779372
-6.728266
-6.676983
-6.625516
-6.573858
-6.522004
-6.469948
-6.417688
-6.365219
-6.312541
-6.259654
-6.206557
-6.153253
-6.099745
-6.046037
-5.992135
-5.938044
-5.883772
-5.829325
-5.774714
-5.719946
-5.665030
-5.609975
-5.554791
-5.499486
-5.444070
-5.388550
-5.332934
-5.277229
-5.221442
-5.165578
-5.109642
-5.053636
-4.997565
-4.941429
-4.885229
-4.828965
-4.772636
-4.716240
-4.659774
-4.603234
-4.546617
-4.489917
-4.433131
-4.376253
-4.319277
-4.262199
-4.205014
-4.147716
-4.090301
-4.032766
-3.975106
-3.917320
-3.859404
-3.801357
-3.743179
-3.684871
-3.626433
-3.567867
-3.509175
-3.450363
-3.391433
-3.332390
-3.273240
-3.213990
-3.154645
-3.095211
-3.035697
-2.976110
-2.916455
-2.856740
-2.796973
-2.737160
-2.677306
-2.617418
-2.557501
-2.497559
-2.437597
-2.377618
-2.317625
-2.257620
-2.197604
-2.137577
-2.077541
-2.017494
-1.957436
-1.897364
-1.837276
-1.777170
-1.717044
-1.656894
-1.596717
-1.536511
-1.476271
-1.415995
-1.355681
-1.295325
-1.234926
-1.174482
-1.113992
-1.053454
-0.992870
-0.932238
-0.871561
-0.810839
-0.750074
-0.689271
-0.628430
-0.567557
-0.506655
-0.445730
-0.384785
-0.323825
-0.262858
-0.201887
-0.140918
-0.079958
-0.019011
0.041917
0.102821
0.163696
0.224538
0.285342
0.346104
0.406821
0.467491
0.528110
0.588677
0.649191
0.709650
0.770054
0.830403
0.890697
0.950938
1.011125
1.071261
1.131346
1.191384
1.251374
1.311320
1.371223
1.431085
1.490907
1.550691
1.610437
1.670148
1.729823
1.789462
1.849066
1.908633
1.968164
2.027656
2.087108
2.146517
2.205881
2.265198
2.324463
2.383673
2.442825
2.501915
2.560938
2.619890
2.678767
2.737564
2.796277
2.854902
2.913435
2.971872
3.030210
3.088444
3.146571
3.204590
3.262496
3.320289
3.377967
3.435527
3.492969
3.550292
3.607496
3.664581
3.721546
3.778393
3.835122
3.891733
3.948229
4.004609
4.060875
4.117028
4.173069
4.229000
4.284821
4.340533
4.396137
4.451633
4.507021
4.562302
4.617475
4.672539
4.727493
4.782337
4.837068
4.891686
4.946187
5.000570
5.054832
5.108971
5.162984
5.216867
5.270617
5.324232
5.377708
5.431042
5.484230
5.537271
5.590160
5.642895
5.695473
5.747892
5.800150
5.852244
5.904173
5.955936
6.007530
6.058956
6.110212
6.161298
6.212214
6.262960
6.313535
6.363942
6.414179
6.464248
6.514150
6.563886
6.613456
6.662861
6.712103
6.761183
6.810100
6.858856
6.907452
6.955888
7.004164
7.052281
7.100238
7.148034
7.195670
7.243145
7.290458
7.337608
7.384592
7.431411
7.478062
7.524543
7.570853
7.616990
7.662951
7.708734
7.754338
7.799760
7.844998
7.890050
7.934913
7.979587
8.024070
8.068360
8.112455
8.156354
8.200057
8.243562
8.286869
8.329978
8.372888
8.415599
8.458111
8.500425
8.542542
8.584461
8.626183
8.667710
8.709043
8.750181
8.791128
8.831882
8.872447
8.912822
8.953008
8.993007
9.032819
9.072445
9.111886
9.151142
9.190213
9.229099
9.267801
9.306319
9.344651
9.382798
9.420759
9.458534
9.496121
9.533519
9.570728
9.607747
9.644573
9.681207
9.717647
9.753892
9.789940
9.825791
9.861443
9.896896
9.932148
9.967200
10.002049
10.036696
10.071141
10.105383
10.139422
10.173259
10.206893
10.240325
10.273556
10.306585
10.339415
10.372046
10.404479
10.436714
10.468754
10.500600
10.532252
10.563712
10.594981
10.626060
10.656951
10.687655
10.718172
10.748504
10.778652
10.808616
10.838397
10.867996
10.897413
10.926648
10.955702
10.984575
11.013267
11.041778
11.070107
11.098254
11.126220
11.154003
11.181603
11.209021
11.236254
11.263304
11.290169
11.316849
11.343343
11.369653
11.395777
11.421714
11.447467
11.473033
11.498414
11.523610
11.548620
11.573447
11.598090
11.622551
11.646829
11.670926
11.694844
11.718583
11.742144
11.765529
11.788739
11.811775
11.834640
11.857333
11.879857
11.902212
11.924401
11.946425
11.968284
11.989979
12.011513
12.032886
12.054098
12.075151
12.096045
12.116781
12.137360
12.157782
12.178047
12.198156
12.218109
12.237905
12.257547
12.277032
12.296362
12.315537
12.334555
12.353419
12.372127
12.390680
12.409078
12.427321
12.445409
12.463343
12.481122
12.498749
12.516222
12.533543
12.550712
12.567731
12.584600
12.601319
12.617891
12.634316
12.650595
12.666730
12.682722
12.698572
12.714281
12.729852
12.745284
12.760581
12.775742
12.790770
12.805665
12.820429
12.835063
12.849568
12.863945
12.878196
12.892321
12.906321
12.920196
12.933949
12.947578
12.961085
12.974471
12.987735
13.000878
13.013902
13.026804
13.039588
13.052251
13.064796
13.077221
13.089528
13.101717
13.113787
13.125740
13.137576
13.149295
13.160898
13.172386
13.183758
13.195016
13.206160
13.217192
13.228112
13.238921
13.249620
13.260210
13.270693
13.281069
13.291339
13.301505
13.311568
13.321530
13.331390
13.341152
13.350815
13.360381
13.369851
13.379226
13.388508
13.397696
13.406794
13.415800
13.424716
13.433543
13.442282
13.450932
13.459496
13.467973
13.476364
13.484669
13.492890
13.501025
13.509076
13.517043
13.524926
13.532726
13.540443
13.548077
13.555629
13.563098
13.570487
13.577794
13.585020
13.592166
13.599233
13.606221
13.613130
13.619961
13.626716
13.633394
13.639997
13.646526
13.652981
13.659363
13.665673
13.671913
13.678083
13.684184
13.690217
13.696183
13.702084
13.707919
13.713690
13.719399
13.725045
13.730629
13.736153
13.741617
13.747022
13.752368
13.757656
13.762886
13.768060
13.773177
13.778239
13.783244
13.788195
13.793090
13.797931
13.802717
13.807449
13.812127
13.816752
13.821324
13.825842
13.830308
13.834721
13.839083
13.843392
13.847650
13.851858
13.856015
13.860122
13.633327
13.950342
13.926051
13.912267
13.695994
13.992875
13.949942
13.723178
14.009914
13.761084
14.040279
13.781672
14.051632
13.787552
14.055503
13.793066
14.063920
13.804978
14.077832
13.819728
14.091414
13.831486
14.100448
13.838353
14.075565
13.815617
14.092471
13.842738
14.090532
13.837554
14.085978
13.836707
14.089500
13.844306
14.099326
13.854867
14.108857
13.862845
14.114859
13.867567
14.118673
13.871428
14.122772
13.876256
14.127996
13.881941
14.133580
13.887453
14.138589
13.892189
14.142826
13.896301
14.146658
13.900214
14.150440
13.904143
14.154235
13.908032
14.157926
13.911761
14.161437
13.915319
14.164813
13.918790
14.168156
13.922268
14.171534
13.925793
14.174963
13.929360
14.178428
13.932957
14.181922
13.936579
14.185442
13.940224
14.188983
13.943882
14.192528
13.947528
14.196046
13.951127
14.199502
13.954647
14.202864
13.958057
14.206106
13.961333
14.209206
13.964456
14.212146
13.967412
14.214917
13.970195
14.217517
13.972808
14.219953
13.975262
14.222240
13.977575
14.224400
13.979773
14.226459
13.981882
14.228445
13.983931
14.230388
13.985949
14.232315
13.987961
14.234248
13.989988
14.236207
13.992046
14.238201
13.994140
14.240236
13.996273
14.242307
13.998436
14.244406
14.000618
14.246516
14.002800
14.248618
14.004962
14.250688
14.007079
14.252705
14.009130
14.254647
14.011094
14.256495
14.012956
14.258236
14.014703
14.259860
14.016331
14.261366
14.017840
14.262757
14.019237
14.264043
14.020534
14.265239
14.021748
14.266362
14.022898
14.267433
14.024004
14.268473
14.025088
14.269500
14.026167
14.270533
14.027257
14.271585
14.028369
14.272663
14.029508
14.273771
14.030676
14.274907
14.031867
14.276064
14.033072
14.277230
14.034278
14.278391
14.035470
14.279531
14.036630
14.280633
14.037743
14.281681
14.038793
14.282661
14.039768
14.283563
14.040660
14.284379
14.041464
14.285109
14.042179
14.285754
14.042811
14.286320
14.043368
14.286819
14.043861
14.287261
14.044305
14.287662
14.044712
14.288037
14.045099
14.288398
14.045477
14.313796
14.069880
14.305355
14.051351
14.283611
14.032479
14.296489
14.052424
14.290713
14.041183
14.302928
14.054367
14.287555
14.033874
14.293230
14.044392
14.303997
14.051886
14.306345
14.049001
14.299474
14.040137
14.290653
14.032958
14.285971
14.030881
14.286017
14.032252
14.287887
14.033974
14.289125
14.034688
14.289530
14.060070
14.314260
14.052624
14.297376
14.058095
14.305134
14.040058
14.285071
14.048679
14.299899
14.038827
14.286795
14.051735
14.302818
14.065463
14.310703
14.041138
14.281007
14.039984
14.288359
14.051274
14.299158
14.058260
14.300825
14.054729
14.293560
14.045709
14.284810
14.038637
14.280173
14.036358
14.279741
14.036903
14.280523
14.037290
14.280315
14.036470
14.279202
14.035356
14.278482
14.035187
14.279010
14.036285
14.280594
14.038084
14.282487
14.039848
14.284107
14.041213
14.285301
14.042181
14.286148
14.042831
14.286671
14.043108
14.286747
14.042850
14.286209
14.041920
14.284977
14.040305
14.283099
14.038099
14.280701
14.035443
14.277925
14.032478
14.274907
14.029334
14.271780
14.026150
14.268688
14.023072
14.265774
14.020240
14.263168
14.017764
14.260962
14.015717
14.259204
14.014126
14.257902
14.012977
14.257024
14.012222
14.256503
14.011779
14.256247
14.011541
14.256136
14.011384
14.256041
14.011176
14.255831
14.010787
14.255384
14.010105
14.254596
14.009039
14.253390
14.007526
14.251720
14.005536
14.249573
14.003074
14.246968
14.000174
14.243957
13.996903
14.240617
13.993346
14.237043
13.989606
14.233341
13.985791
14.229620
13.982006
14.225980
13.978347
14.222507
13.974889
14.219268
13.971686
14.216302
13.968765
14.213622
13.966124
14.211212
13.963733
14.209030
13.961538
14.207011
13.959467
14.205076
13.957432
14.203133
13.955342
14.201089
13.953103
14.198855
13.950632
14.196353
13.947858
14.193522
13.944731
14.190322
13.941220
14.186734
13.937319
14.182764
13.933047
14.178440
13.928440
14.173809
13.923554
14.168933
13.918455
14.163883
13.913218
14.158733
13.907916
14.153556
13.902618
14.148415
13.897382
14.143361
13.892250
14.138429
13.887248
14.133633
13.882381
14.128969
13.877635
14.124414
13.872978
14.119928
13.868362
14.115457
13.863729
14.110938
13.859013
14.106305
13.854147
14.101490
13.849066
14.096434
13.814291
14.064773
13.822622
14.083565
13.812412
14.070284
13.829698
14.088529
13.811965
14.064912
13.819890
14.076764
13.799172
14.053255
13.779068
14.040710
13.774113
14.041817
13.777630
14.045061
13.777934
14.041999
13.771329
14.033373
13.761480
14.023828
13.752340
14.015647
13.744321
13.976919
13.708737
13.983563
13.724581
13.967709
13.704450
13.948887
13.690016
13.940367
13.686182
13.939564
13.685744
13.938087
13.681917
13.932245
13.674231
13.923909
13.665560
13.915713
13.657502
13.907975
13.649323
13.899402
13.639700
13.889035
13.628216
13.876969
13.615306
13.863766
13.601483
13.849787
13.586939
13.835102
13.571700
13.819769
13.555899
13.804003
13.539816
13.788115
13.523757
13.772379
13.507949
13.756975
13.492534
13.742016
13.477601
13.727572
13.463201
13.713668
13.449332
13.700270
13.435923
13.687278
13.422846
13.674535
13.409926
13.661852
13.396960
13.649019
13.383733
13.635818
13.370031
13.622040
13.355652
13.607496
13.340423
13.592033
13.324214
13.575542
13.306941
13.557967
13.288573
13.539303
13.269131
13.519596
13.248685
13.498938
13.227348
13.477459
13.205264
13.455316
13.182600
13.432680
13.159528
13.409723
13.136217
13.386607
13.112818
13.363471
13.089455
13.340419
13.066214
13.317518
13.043139
13.294790
13.020232
13.272215
12.997448
13.249727
12.974706
13.227228
12.951888
13.204586
12.928856
13.181653
12.905452
13.158272
12.881520
13.134285
12.856908
13.109549
12.831483
13.083943
12.805136
13.057374
12.777791
13.029783
12.749410
13.001149
12.719989
12.971489
12.689562
12.940853
12.658197
12.909322
12.625984
12.876998
12.593037
12.843999
12.559476
12.810448
12.525424
12.776465
12.490994
12.742155
12.456286
12.707608
12.421374
12.672883
12.386305
12.638013
12.351095
12.602998
12.315730
12.567808
12.280163
12.532382
12.244322
12.496637
12.208115
12.460473
12.171433
12.423776
12.134161
12.386430
12.096186
12.348324
12.057400
12.309359
12.017712
12.269452
11.977051
12.228544
11.935370
12.186600
11.892648
12.143614
11.848892
12.099604
11.804134
12.054615
11.758427
12.008709
11.711843
11.961965
11.664466
11.914469
11.616383
11.866310
11.567684
11.817573
11.518448
11.768333
11.468743
11.718648
11.418619
11.468560
11.710710
11.379122
11.396097
11.616731
11.278505
11.301535
11.533074
11.203824
11.231972
11.463613
11.130673
11.155038
11.383654
11.048637
11.073022
11.302215
10.967134
10.991709
11.220417
10.883850
10.907476
11.135165
10.797151
10.820155
11.047197
10.707996
10.730442
10.956775
10.616305
10.638120
10.863748
10.522104
10.543407
10.768468
10.425803
10.446708
10.471307
10.675099
10.304218
10.304824
10.321419
10.327574
10.311583
10.275354
10.228222
10.180200
10.137641
10.102117
10.071676
10.043040
10.013462
9.981623
9.947593
9.912235
9.876534
9.841133
9.806205
9.771561
9.736868
9.701834
9.666309
9.630281
9.593824
9.557029
9.519955
9.482622
9.445013
9.407099
9.368855
9.330274
9.291363
9.252138
9.212622
9.172834
9.132789
9.092501
9.051985
9.011252
8.970319
8.929202
8.887917
8.846482
8.804911
8.763219
8.721417
8.679515
8.637523
8.595448
8.553295
8.511068
8.468767
8.426394
8.383944
8.341414
8.298798
8.256089
8.213275
8.170348
8.127296
8.084107
8.040766
7.997261
7.953578
7.909704
7.865625
7.821329
7.776803
7.732037
7.687021
7.641746
7.596205
7.550393
7.504307
7.457943
7.411302
7.364385
7.317195
7.269736
7.222016
7.174041
7.125822
7.077367
7.028688
6.979796
6.930706
6.881428
6.831977
6.782364
6.732604
6.682708
6.632688
6.582555
6.532318
6.481986
6.431567
6.381067
6.330490
6.279841
6.229119
6.178327
6.127462
6.076522
6.025504
5.974401
5.923208
5.871918
5.820522
5.769012
5.717379
5.665612
5.613704
5.561643
5.509420
5.457028
5.404456
5.351699
5.298748
5.245599
5.192247
5.138688
5.084920
5.030943
4.976756
4.922362
4.867764
4.812965
4.757972
4.702791
4.647429
4.591895
4.536197
4.480347
4.424353
4.368226
4.311977
4.255616
4.199154
4.142599
4.085962
4.029252
3.972475
3.915640
3.858753
3.801818
3.744840
3.687822
3.630765
3.573670
3.516537
3.459365
3.402150
3.344889
3.287578
3.230212
3.172786
3.115293
3.057727
3.000082
2.942351
2.884527
2.826604
2.768575
2.710437
2.652182
2.593808
2.535311
2.476688
2.417937
2.359058
2.300051
2.240918
2.181661
2.122282
2.062786
2.003179
1.943466
1.883653
1.823748
1.763759
1.703693
1.643559
1.583366
1.523121
1.462834
1.402513
1.342165
1.281798
1.221419
1.161035
1.100650
1.040271
0.979899
0.919540
0.859196
0.798866
0.738554
0.678257
0.617975
0.557707
0.497449
0.437199
0.376954
0.316709
0.256460
0.196202
0.135932
0.075644
0.015335
-0.045000
-0.105365
-0.165763
-0.226197
-0.286670
-0.347182
-0.407735
-0.468330
-0.528964
-0.589639
-0.650351
-0.711097
-0.771874
-0.832678
-0.893505
-0.954348
-1.015202
-1.076060
-1.136917
-1.197766
-1.258599
-1.319409
-1.380191
-1.440936
-1.501639
-1.562294
-1.622895
-1.683437
-1.743915
-1.804324
-1.864663
-1.924927
-1.985114
-2.045224
-2.105256
-2.165209
-2.225083
-2.284880
-2.344602
-2.404250
-2.463826
-2.523334
-2.582776
-2.642155
-2.701475
-2.760738
-2.819947
-2.879106
-2.938216
-2.997281
-3.056301
-3.115277
-3.174212
-3.233105
-3.291955
-3.350763
-3.409526
-3.468242
-3.526910
-3.585525
-3.644085
-3.702585
-3.761021
-3.819388
-3.877680
-3.935894
-3.994023
-4.052061
-4.110005
-4.167847
-4.225583
-4.283208
-4.340717
-4.398106
-4.455371
-4.512509
-4.569516
-4.626390
-4.683129
-4.739732
-4.796197
-4.852524
-4.908713
-4.964765
-5.020680
-5.076459
-5.132105
-5.187618
-5.243001
-5.298256
-5.353386
-5.408391
-5.463275
-5.518040
-5.572686
-5.627217
-5.681632
-5.735933
-5.790121
-5.844195
-5.898156
-5.952003
-6.005734
-6.059348
-6.112843
-6.166216
-6.219465
-6.272587
-6.325579
-6.378435
-6.431154
-6.483730
-6.536159
-6.588438
-6.640562
-6.692527
-6.744329
-6.795964
-6.847430
-6.898721
-6.949836
-7.000773
-7.051527
-7.102099
-7.152486
-7.202687
-7.252701
-7.302529
-7.352170
-7.401625
-7.450893
-7.499977
-7.548878
-7.597596
-7.646133
-7.694491
-7.742672
-7.790676
-7.838506
-7.886163
-7.933649
-7.980963
-8.028108
-8.075084
-8.121890
-8.168528
-8.214996
-8.261294
-8.307421
-8.353376
-8.399156
-8.444761
-8.490188
-8.535434
-8.580497
-8.625374
-8.670062
-8.714558
-8.758859
-8.802962
-8.846863
-8.890561
-8.934051
-8.977332
-9.020400
-9.063255
-9.105893
-9.148312
-9.190513
-9.232492
-9.274251
-9.315787
-9.357101
-9.398192
-9.439062
-9.479710
-9.520137
-9.560344
-9.600333
-9.640104
-9.679658
-9.718998
-9.758123
-9.797035
-9.835736
-9.874226
-9.912507
-9.950578
-9.988441
-10.026095
-10.063541
-10.100779
-10.137808
-10.174627
-10.211236
-10.247634
-10.283818
-10.319788
-10.355542
-10.391077
-10.426393
-10.461486
-10.496355
-10.530997
-10.565410
-10.599592
-10.633541
-10.667256
-10.700733
-10.733972
-10.766970
-10.799727
-10.832242
-10.864512
-10.896539
-10.928321
-10.959857
-10.991149
-11.022196
-11.052998
-11.083556
-11.113871
-11.143943
-11.173773
-11.203362
-11.232712
-11.261823
-11.290696
-11.319332
-11.347732
-11.375896
-11.403827
-11.431523
-11.458986
-11.486215
-11.513211
-11.539974
-11.566503
-11.592797
-11.618857
-11.644681
-11.670268
-11.695618
-11.720728
-11.745598
-11.770226
-11.794611
-11.818751
-11.842645
-11.866291
-11.889687
-11.912833
-11.935727
-11.958368
-11.980754
-12.002885
-12.024761
-12.046379
-12.067740
-12.088844
-12.109690
-12.130279
-12.150610
-12.170684
-12.190501
-12.210061
-12.229366
-12.248416
-12.267212
-12.285755
-12.304044
-12.322083
-12.339870
-12.357407
-12.374694
-12.391733
-12.408523
-12.425065
-12.441359
-12.457406
-12.473205
-12.488756
-12.504059
-12.519114
-12.533921
-12.548478
-12.562784
-12.576840
-12.590645
-12.604196
-12.617494
-12.630537
-12.643324
-12.655855
-12.668128
-12.680142
-12.691897
-12.703391
-12.714625
-12.725597
-12.736307
-12.746754
-12.756938
-12.766860
-12.776518
-12.785913
-12.795046
-12.803916
-12.812524
-12.820870
-12.828956
-12.836780
-12.844345
-12.851651
-12.858697
-12.865486
-12.872018
-12.878293
-12.884312
-12.890075
-12.670561
-12.970300
-12.958407
-12.952182
-12.740604
-13.022809
-12.991357
-12.768698
-13.040338
-13.026245
-12.798846
-13.062557
-12.814702
-13.073917
-12.821893
-13.078086
-12.824549
-13.080562
-12.827731
-13.084725
-12.832631
-13.089753
-12.837056
-13.092921
-12.838529
-13.092531
-12.836345
-13.088798
-12.831362
-13.082863
-12.824674
-13.050568
-12.792734
-13.050711
-12.802273
-13.037767
-12.786748
-13.047587
-12.798026
-13.029547
-12.773137
-13.028758
-12.775108
-13.004300
-12.747173
-13.003360
-12.750741
-12.980932
-12.724183
-12.980069
-12.726301
-12.954862
-12.696141
-12.950172
-12.694638
-12.921810
-12.661899
-12.689959
-12.928312
-12.668939
-12.889452
-12.622118
-12.869256
-12.608849
-12.633769
-12.867090
-12.601737
-12.616777
-12.838773
-12.563595
-12.572386
-12.792124
-12.517928
-12.529814
-12.753123
-12.481572
-12.494642
-12.717374
-12.443665
-12.453838
-12.673482
-12.396912
-12.405039
-12.623399
-12.346040
-12.353895
-12.572091
-12.294307
-12.301637
-12.519048
-12.240132
-12.246396
-12.462778
-12.182803
-12.188346
-12.204191
-12.418713
-12.128417
-12.120147
-12.122822
-12.127878
-12.128266
-12.119886
-12.101896
-12.076116
-12.045883
-12.014808
-11.985768
-11.960341
-11.938722
-11.920006
-11.902698
-11.885239
-11.866419
-11.845598
-11.822727
-11.798200
-11.772645
-11.746693
-11.720815
-11.695236
-11.669941
-11.644739
-11.619356
-11.593535
-11.567098
-11.539977
-11.512208
-11.483901
-11.455197
-11.426228
-11.397091
-11.367838
-11.338478
-11.308992
-11.279349
-11.249525
-11.219509
-11.189309
-11.158945
-11.128448
-11.097847
-11.067165
-11.036415
-11.005598
-10.974706
-10.943724
-10.912634
-10.881417
-10.850057
-10.818538
-10.786846
-10.754967
-10.722886
-10.690588
-10.658056
-10.625270
-10.592214
-10.558868
-10.525217
-10.491248
-10.456948
-10.422309
-10.387325
-10.351994
-10.316313
-10.280284
-10.243910
-10.207197
-10.170153
-10.132787
-10.095110
-10.057136
-10.018878
-9.980353
-9.941577
-9.902566
-9.863337
-9.823907
-9.784291
-9.744504
-9.704560
-9.664471
-9.624249
-9.583902
-9.543439
-9.502863
-9.462180
-9.421389
-9.380491
-9.339482
-9.298359
-9.257114
-9.215741
-9.174229
-9.132568
-9.090748
-9.048756
-9.006579
-8.964205
-8.921622
-8.878817
-8.835778
-8.792496
-8.748960
-8.705162
-8.661095
-8.616753
-8.572132
-8.527230
-8.482046
-8.436582
-8.390840
-8.344824
-8.298542
-8.251999
-8.205205
-8.158169
-8.110901
-8.063415
-8.015720
-7.967829
-7.919754
-7.871508
-7.823102
-7.774546
-7.725852
-7.677029
-7.628085
-7.579028
-7.529863
-7.480594
-7.431226
-7.381760
-7.332196
-7.282534
-7.232770
-7.182902
-7.132925
-7.082833
-7.032619
-6.982277
-6.931798
-6.881175
-6.830399
-6.779462
-6.728356
-6.677073
-6.625606
-6.573949
-6.522095
-6.470039
-6.417779
-6.365311
-6.312633
-6.259746
-6.206649
-6.153345
-6.099837
-6.046130
-5.992228
-5.938137
-5.883865
-5.829419
-5.774808
-5.720039
-5.665124
-5.610069
-5.554885
-5.499581
-5.444164
-5.388645
-5.333029
-5.277325
-5.221538
-5.165674
-5.109738
-5.053733
-4.997662
-4.941526
-4.885326
-4.829063
-4.772734
-4.716338
-4.659872
-4.603332
-4.546715
-4.490016
-4.433230
-4.376352
-4.319376
-4.262299
-4.205113
-4.147816
-4.090401
-4.032866
-3.975206
-3.917420
-3.859504
-3.801458
-3.743280
-3.684972
-3.626533
-3.567967
-3.509276
-3.450464
-3.391534
-3.332491
-3.273342
-3.214091
-3.154746
-3.095313
-3.035799
-2.976211
-2.916557
-2.856842
-2.797075
-2.737262
-2.677408
-2.617520
-2.557603
-2.497662
-2.437700
-2.377721
-2.317728
-2.257723
-2.197707
-2.137681
-2.077645
-2.017598
-1.957539
-1.897467
-1.837380
-1.777274
-1.717148
-1.656998
-1.596821
-1.536615
-1.476375
-1.416099
-1.355785
-1.295429
-1.235030
-1.174586
-1.114096
-1.053558
-0.992974
-0.932342
-0.871665
-0.810943
-0.750179
-0.689375
-0.628534
-0.567661
-0.506759
-0.445834
-0.384889
-0.323929
-0.262962
-0.201991
-0.141022
-0.080062
-0.019115
0.041813
0.102718
0.163593
0.224434
0.285238
0.346000
0.406718
0.467387
0.528006
0.588574
0.649087
0.709546
0.769950
0.830299
0.890594
0.950834
1.011022
1.071157
1.131243
1.191280
1.251271
1.311217
1.371120
1.430982
1.490804
1.550588
1.610335
1.670045
1.729720
1.789360
1.848964
1.908531
1.968062
2.027554
2.087006
2.146415
2.205780
2.265096
2.324362
2.383572
2.442725
2.501814
2.560837
2.619790
2.678666
2.737464
2.796177
2.854803
2.913336
2.971773
3.030110
3.088344
3.146472
3.204491
3.262398
3.320191
3.377868
3.435429
3.492871
3.550194
3.607399
3.664483
3.721449
3.778296
3.835025
3.891636
3.948132
4.004512
4.060778
4.116931
4.172973
4.228904
4.284725
4.340438
4.396042
4.451538
4.506927
4.562208
4.617381
4.672445
4.727399
4.782243
4.836975
4.891593
4.946094
5.000478
5.054740
5.108879
5.162892
5.216775
5.270526
5.324141
5.377617
5.430951
5.484140
5.537181
5.590070
5.642805
5.695384
5.747803
5.800061
5.852156
5.904085
5.955848
6.007442
6.058868
6.110125
6.161211
6.212127
6.262873
6.313449
6.363856
6.414093
6.464163
6.514065
6.563801
6.613371
6.662777
6.712019
6.761099
6.810016
6.858773
6.907369
6.955806
7.004082
7.052199
7.100156
7.147953
7.195589
7.243065
7.290378
7.337527
7.384512
7.431331
7.477983
7.524464
7.570775
7.616912
7.662873
7.708657
7.754261
7.799683
7.844921
7.889973
7.934837
7.979512
8.023995
8.068284
8.112380
8.156280
8.199983
8.243488
8.286796
8.329905
8.372815
8.415526
8.458039
8.500353
8.542470
8.584389
8.626112
8.667639
8.708972
8.750111
8.791058
8.831813
8.872378
8.912753
8.952940
8.992939
9.032751
9.072378
9.111819
9.151075
9.190146
9.229033
9.267736
9.306253
9.344586
9.382733
9.420695
9.458470
9.496057
9.533456
9.570665
9.607684
9.644511
9.681145
9.717586
9.753831
9.789879
9.825730
9.861383
9.896836
9.932089
9.967140
10.001990
10.036638
10.071083
10.105325
10.139365
10.173201
10.206836
10.240268
10.273499
10.306529
10.339359
10.371991
10.404424
10.436660
10.468700
10.500546
10.532198
10.563658
10.594927
10.626007
10.656898
10.687602
10.718120
10.748452
10.778600
10.808565
10.838346
10.867945
10.897363
10.926598
10.955653
10.984526
11.013218
11.041729
11.070059
11.098207
11.126173
11.153956
11.181557
11.208974
11.236208
11.263258
11.290123
11.316804
11.343299
11.369608
11.395732
11.421671
11.447423
11.472990
11.498371
11.523567
11.548578
11.573405
11.598048
11.622509
11.646788
11.670886
11.694803
11.718542
11.742104
11.765489
11.788700
11.811736
11.834601
11.857294
11.879818
11.902174
11.924364
11.946387
11.968246
11.989943
12.011476
12.032849
12.054062
12.075115
12.096010
12.116746
12.137325
12.157747
12.178013
12.198122
12.218075
12.237872
12.257513
12.276999
12.296329
12.315504
12.334523
12.353387
12.372096
12.390649
12.409047
12.427290
12.445378
12.463312
12.481092
12.498719
12.516192
12.533514
12.550683
12.567702
12.584571
12.601291
12.617863
12.634288
12.650567
12.666703
12.682695
12.698545
12.714255
12.729825
12.745258
12.760555
12.775716
12.790744
12.805640
12.820404
12.835038
12.849543
12.863921
12.878172
12.892297
12.906297
12.920173
12.933925
12.947555
12.961062
12.974448
12.987713
13.000856
13.013880
13.026783
13.039566
13.052230
13.064775
13.077200
13.089507
13.101696
13.113767
13.125720
13.137556
13.149276
13.160879
13.172366
13.183739
13.194997
13.206141
13.217173
13.228093
13.238903
13.249602
13.260192
13.270675
13.281051
13.291322
13.301488
13.311551
13.321513
13.331374
13.341135
13.350798
13.360364
13.369835
13.379210
13.388492
13.397681
13.406778
13.415785
13.424701
13.433528
13.442267
13.450918
13.459482
13.467959
13.476350
13.484655
13.492876
13.501011
13.509062
13.517029
13.524913
13.532713
13.540430
13.548064
13.555616
13.563086
13.570474
13.577781
13.585008
13.592154
13.599221
13.606209
13.613118
13.619950
13.626704
13.633383
13.639986
13.646515
13.652970
13.659352
13.665663
13.671902
13.678072
13.684173
13.690207
13.696173
13.702074
13.707909
13.713681
13.719389
13.725035
13.730620
13.736144
13.741608
13.747012
13.752359
13.757647
13.762878
13.768051
13.773169
13.778230
13.783236
13.788186
13.793082
13.797922
13.802709
13.807441
13.812120
13.816744
13.821316
13.825835
13.830300
13.834714
13.839075
13.843385
13.847643
13.851851
13.856008
13.860115
13.633320
13.950335
13.926044
13.912261
13.695987
13.992869
13.949935
13.723172
14.009908
13.761078
14.040273
13.781666
14.051626
13.787545
14.055497
13.793060
14.063915
13.804972
14.077826
13.819723
14.091408
13.831481
14.100442
13.838347
14.075560
13.815612
14.092466
13.842733
14.090527
13.837549
14.085974
13.836702
14.089495
13.844301
14.099321
13.854862
14.108852
13.862841
14.114855
13.867562
14.118669
13.871424
14.122768
13.876252
14.127992
13.881937
14.133576
13.887449
14.138585
13.892185
14.142822
13.896297
14.146654
13.900210
14.150437
13.904140
14.154232
13.908028
14.157923
13.911758
14.161434
13.915316
14.164810
13.918787
14.168153
13.922265
14.171531
13.925789
14.174960
13.929357
14.178425
13.932954
14.181919
13.936576
14.185439
13.940222
14.188980
13.943880
14.192525
13.947525
14.196043
13.951124
14.199499
13.954644
14.202862
13.958054
14.206104
13.961331
14.209204
13.964454
14.212144
13.967410
14.214915
13.970193
14.217515
13.972806
14.219950
13.975259
14.222238
13.977573
14.224398
13.979771
14.226457
13.981880
14.228443
13.983929
14.230386
13.985947
14.232313
13.987959
14.234246
13.989987
14.236205
13.992044
14.238199
13.994138
14.240234
13.996271
14.242306
13.998435
14.244404
14.000617
14.246515
14.002799
14.248616
14.004960
14.250687
14.007077
14.252704
14.009128
14.254646
14.011093
14.256494
14.012954
14.258234
14.014702
14.259858
14.016329
14.261364
14.017838
14.262755
14.019235
14.264042
14.020533
14.265237
14.021747
14.266361
14.022896
14.267432
14.024003
14.268472
14.025087
14.269499
14.026166
14.270532
14.027256
14.271584
14.028368
14.272662
14.029508
14.273770
14.030675
14.274906
14.031866
14.276063
14.033071
14.277229
14.034277
14.278390
14.035469
14.279530
14.036629
14.280632
14.037742
14.281680
14.038793
14.282660
14.039768
14.283562
14.040659
14.284379
14.041463
14.285108
14.042178
14.285753
14.042811
14.286320
14.043368
14.286818
14.043861
14.287261
14.044304
14.287662
14.044712
14.288036
14.045098
14.288397
14.045477
14.313796
14.069880
14.305354
14.051351
14.283610
14.032479
14.296489
14.052423
14.290713
14.041183
14.302928
14.054367
14.287555
14.033874
14.293230
14.044392
14.303997
14.051886
14.306345
14.049001
14.299474
14.040137
14.290653
14.032958
14.285971
14.030881
14.286017
14.032252
14.287887
14.033974
14.289125
14.034688
14.289529
14.060070
14.314260
14.052624
14.297376
14.058095
14.305135
14.040058
14.285072
14.048679
14.299899
14.038827
14.286795
14.051735
14.302818
14.065463
14.310704
14.041138
14.281007
14.039984
14.288359
14.051275
14.299158
14.058261
14.300825
14.054729
14.293560
14.045709
14.284810
14.038637
14.280173
14.036358
14.279742
14.036903
14.280524
14.037291
14.280315
14.036470
14.279203
14.035357
14.278482
14.035187
14.279010
14.036286
14.280595
14.038085
14.282488
14.039849
14.284108
14.041214
14.285302
14.042182
14.286149
14.042832
14.286672
14.043109
14.286748
14.042850
14.286209
14.041921
14.284978
14.040305
14.283100
14.038100
14.280702
14.035444
14.277926
14.032479
14.274908
14.029335
14.271781
14.026151
14.268689
14.023073
14.265775
14.020241
14.263169
14.017766
14.260963
14.015719
14.259205
14.014127
14.257903
14.012978
14.257025
14.012223
14.256505
14.011780
14.256248
14.011543
14.256137
14.011386
14.256043
14.011177
14.255833
14.010789
14.255385
14.010107
14.254597
14.009041
14.253392
14.007528
14.251722
14.005538
14.249574
14.003076
14.246970
14.000176
14.243959
13.996905
14.240619
13.993348
14.237045
13.989608
14.233343
13.985793
14.229622
13.982009
14.225982
13.978349
14.222509
13.974891
14.219270
13.971689
14.216304
13.968768
14.213624
13.966126
14.211214
13.963735
14.209032
13.961541
14.207014
13.959469
14.205078
13.957435
14.203135
13.955344
14.201091
13.953106
14.198858
13.950635
14.196356
13.947861
14.193525
13.944734
14.190325
13.941223
14.186737
13.937322
14.182767
13.933050
14.178443
13.928443
14.173812
13.923557
14.168936
13.918459
14.163886
13.913221
14.158737
13.907920
14.153560
13.902622
14.148419
13.897386
14.143365
13.892254
14.138433
13.887252
14.133637
13.882385
14.128973
13.877639
14.124419
13.872982
14.119933
13.868366
14.115462
13.863733
14.110943
13.859018
14.106310
13.854152
14.101495
13.849071
14.096439
13.814296
14.064778
13.822627
14.083571
13.812417
14.070289
13.829704
14.088534
13.811971
14.064918
13.819896
14.076770
13.799177
14.053261
13.779074
14.040716
13.774119
14.041823
13.777636
14.045067
13.777940
14.042005
13.771336
14.033380
13.761487
14.023835
13.752347
14.015654
13.744328
13.976926
13.708744
13.983570
13.724588
13.967716
13.704458
13.948895
13.690024
13.940375
13.686189
13.939572
13.685753
13.938095
13.681925
13.932254
13.674239
13.923917
13.665569
13.915722
13.657511
13.907984
13.649332
13.899411
13.639709
13.889045
13.628225
13.876978
13.615316
13.863776
13.601493
13.849796
13.586949
13.835112
13.571711
13.819779
13.555910
13.804014
13.539827
13.788126
13.523768
13.772390
13.507960
13.756986
13.492546
13.742028
13.477613
13.727584
13.463214
13.713680
13.449344
13.700283
13.435936
13.687290
13.422859
13.674548
13.409939
13.661866
13.396973
13.649032
13.383747
13.635832
13.370045
13.622054
13.355666
13.607510
13.340438
13.592047
13.324229
13.575557
13.306956
13.557983
13.288588
13.539319
13.269147
13.519612
13.248701
13.498954
13.227364
13.477475
13.205281
13.455332
13.182617
13.432697
13.159545
13.409740
13.136235
13.386625
13.112837
13.363489
13.089474
13.340437
13.066233
13.317537
13.043159
13.294810
13.020251
13.272234
12.997468
13.249747
12.974726
13.227248
12.951909
13.204607
12.928877
13.181675
12.905474
13.158294
12.881542
13.134307
12.856931
13.109572
12.831506
13.083966
12.805159
13.057397
12.777815
13.029806
12.749434
13.001173
12.720014
12.971514
12.689587
12.940878
12.658222
12.909348
12.626010
12.877024
12.593064
12.844026
12.559503
12.810475
12.525451
12.776492
12.491022
12.742183
12.456314
12.707636
12.421403
12.672912
12.386334
12.638042
12.351125
12.603028
12.315760
12.567838
12.280194
12.532413
12.244354
12.496669
12.208147
12.460505
12.171465
12.423808
12.134194
12.386463
12.096220
12.348358
12.057434
12.309393
12.017747
12.269487
11.977087
12.228579
11.935406
12.186636
11.892685
12.143650
11.848929
12.099641
11.804171
12.054653
11.758465
12.008747
11.711882
11.962004
11.664505
11.914508
11.616423
11.866350
11.567724
11.817613
11.518489
11.768374
11.468784
11.718690
11.418661
11.468602
11.710752
11.379166
11.396141
11.616774
11.278549
11.301579
11.533118
11.203869
11.232017
11.463658
11.130719
11.155084
11.383700
11.048684
11.073069
11.302262
10.967181
10.991757
11.220465
10.883898
10.907525
11.135214
10.797200
10.820205
11.047247
10.708047
10.730493
10.956826
10.616357
10.638172
10.863800
10.522157
10.543460
10.768520
10.425856
10.446762
10.471361
10.675153
10.304273
10.304879
10.321475
10.327630
10.311639
10.275411
10.228279
10.180257
10.137699
10.102174
10.071733
10.043098
10.013521
9.981682
9.947652
9.912295
9.876594
9.841194
9.806266
9.771622
9.736929
9.701896
9.666371
9.630344
9.593887
9.557091
9.520018
9.482686
9.445077
9.407163
9.368920
9.330339
9.291428
9.252204
9.212688
9.172900
9.132855
9.092568
9.052052
9.011319
8.970387
8.929270
8.887986
8.846551
8.804980
8.763288
8.721486
8.679585
8.637594
8.595519
8.553366
8.511139
8.468839
8.426466
8.384016
8.341487
8.298871
8.256162
8.213349
8.170422
8.127370
8.084181
8.040841
7.997336
7.953654
7.909780
7.865701
7.821405
7.776880
7.732114
7.687098
7.641823
7.596283
7.550471
7.504385
7.458022
7.411381
7.364464
7.317274
7.269816
7.222096
7.174122
7.125902
7.077448
7.028769
6.979878
6.930787
6.881510
6.832059
6.782447
6.732687
6.682792
6.632772
6.582639
6.532402
6.482071
6.431652
6.381152
6.330576
6.279926
6.229205
6.178413
6.127548
6.076609
6.025591
5.974488
5.923296
5.872006
5.820610
5.769100
5.717467
5.665701
5.613792
5.561732
5.509510
5.457117
5.404546
5.351789
5.298838
5.245690
5.192338
5.138779
5.085011
5.031034
4.976848
4.922454
4.867856
4.813057
4.758064
4.702883
4.647522
4.591988
4.536291
4.480441
4.424447
4.368320
4.312072
4.255711
4.199248
4.142694
4.086057
4.029347
3.972571
3.915736
3.858849
3.801914
3.744936
3.687918
3.630862
3.573767
3.516634
3.459462
3.402247
3.344986
3.287675
3.230310
3.172884
3.115391
3.057826
3.000180
2.942449
2.884625
2.826702
2.768674
2.710535
2.652281
2.593907
2.535410
2.476787
2.418037
2.359158
2.300151
2.241018
2.181761
2.122382
2.062887
2.003280
1.943566
1.883754
1.823849
1.763860
1.703794
1.643660
1.583467
1.523222
1.462935
1.402614
1.342266
1.281900
1.221521
1.161137
1.100752
1.040372
0.980001
0.919642
0.859297
0.798968
0.738656
0.678359
0.618077
0.557809
0.497551
0.437302
0.377056
0.316811
0.256562
0.196305
0.136034
0.075747
0.015437
-0.044898
-0.105263
-0.165661
-0.226095
-0.286567
-0.347079
-0.407633
-0.468227
-0.528862
-0.589536
-0.650248
-0.710994
-0.771772
-0.832576
-0.893402
-0.954245
-1.015099
-1.075958
-1.136815
-1.197663
-1.258496
-1.319307
-1.380088
-1.440834
-1.501537
-1.562192
-1.622793
-1.683335
-1.743813
-1.804223
-1.864561
-1.924825
-1.985013
-2.045123
-2.105154
-2.165107
-2.224982
-2.284779
-2.344501
-2.404149
-2.463725
-2.523233
-2.582675
-2.642055
-2.701374
-2.760637
-2.819847
-2.879006
-2.938116
-2.997181
-3.056201
-3.115178
-3.174112
-3.233005
-3.291856
-3.350663
-3.409426
-3.468143
-3.526811
-3.585426
-3.643986
-3.702486
-3.760922
-3.819289
-3.877582
-3.935796
-3.993925
-4.051964
-4.109907
-4.167749
-4.225486
-4.283111
-4.340620
-4.398009
-4.455275
-4.512413
-4.569420
-4.626294
-4.683034
-4.739636
-4.796102
-4.852429
-4.908618
-4.964670
-5.020585
-5.076365
-5.132010
-5.187524
-5.242907
-5.298163
-5.353292
-5.408298
-5.463182
-5.517947
-5.572594
-5.627124
-5.681540
-5.735841
-5.790029
-5.844104
-5.898065
-5.951912
-6.005643
-6.059257
-6.112752
-6.166126
-6.219376
-6.272498
-6.325489
-6.378346
-6.431065
-6.483641
-6.536071
-6.588350
-6.640474
-6.692439
-6.744242
-6.795877
-6.847343
-6.898635
-6.949750
-7.000687
-7.051442
-7.102014
-7.152401
-7.202602
-7.252617
-7.302445
-7.352086
-7.401541
-7.450810
-7.499894
-7.548795
-7.597513
-7.646051
-7.694409
-7.742590
-7.790595
-7.838425
-7.886083
-7.933568
-7.980883
-8.028028
-8.075004
-8.121811
-8.168449
-8.214917
-8.261216
-8.307343
-8.353298
-8.399079
-8.444684
-8.490112
-8.535358
-8.580421
-8.625299
-8.669987
-8.714483
-8.758784
-8.802887
-8.846789
-8.890487
-8.933978
-8.977259
-9.020328
-9.063183
-9.105821
-9.148241
-9.190442
-9.232422
-9.274180
-9.315717
-9.357031
-9.398123
-9.438993
-9.479641
-9.520069
-9.560277
-9.600265
-9.640037
-9.679592
-9.718931
-9.758057
-9.796970
-9.835671
-9.874161
-9.912442
-9.950514
-9.988377
-10.026032
-10.063478
-10.100716
-10.137746
-10.174565
-10.211175
-10.247572
-10.283757
-10.319728
-10.355482
-10.391018
-10.426333
-10.461427
-10.496296
-10.530938
-10.565352
-10.599535
-10.633484
-10.667199
-10.700677
-10.733916
-10.766915
-10.799672
-10.832187
-10.864458
-10.896485
-10.928267
-10.959804
-10.991096
-11.022143
-11.052946
-11.083504
-11.113819
-11.143892
-11.173723
-11.203312
-11.232662
-11.261773
-11.290647
-11.319283
-11.347684
-11.375849
-11.403780
-11.431476
-11.458940
-11.486169
-11.513166
-11.539929
-11.566458
-11.592753
-11.618813
-11.644637
-11.670225
-11.695575
-11.720686
-11.745556
-11.770185
-11.794570
-11.818710
-11.842605
-11.866251
-11.889648
-11.912794
-11.935689
-11.958330
-11.980717
-12.002848
-12.024724
-12.046343
-12.067705
-12.088809
-12.109655
-12.130244
-12.150576
-12.170650
-12.190467
-12.210028
-12.229334
-12.248384
-12.267180
-12.285723
-12.304014
-12.322052
-12.339840
-12.357377
-12.374665
-12.391704
-12.408494
-12.425037
-12.441332
-12.457379
-12.473178
-12.488730
-12.504034
-12.519089
-12.533896
-12.548453
-12.562761
-12.576817
-12.590621
-12.604173
-12.617472
-12.630515
-12.643303
-12.655834
-12.668107
-12.680122
-12.691877
-12.703372
-12.714606
-12.725579
-12.736289
-12.746736
-12.756921
-12.766843
-12.776502
-12.785898
-12.795031
-12.803901
-12.812510
-12.820857
-12.828942
-12.836767
-12.844332
-12.851638
-12.858686
-12.865475
-12.872007
-12.878283
-12.884302
-12.890066
-12.670552
-12.970291
-12.958398
-12.952174
-12.740597
-13.022802
-12.991351
-12.768692
-13.040332
-13.026240
-12.798841
-13.062553
-12.814698
-13.073914
-12.821889
-13.078084
-12.824546
-13.080560
-12.827729
-13.084724
-12.832631
-13.089753
-12.837057
-13.092922
-12.838530
-13.092533
-12.836347
-13.088801
-12.831366
-13.082867
-12.824678
-13.050572
-12.792739
-13.050716
-12.802279
-13.037774
-12.786755
-13.047594
-12.798034
-13.029555
-12.773146
-13.028766
-12.775117
-13.004310
-12.747183
-13.003371
-12.750752
-12.980943
-12.724195
-12.980082
-12.726314
-12.954876
-12.696155
-12.950187
-12.694652
-12.921824
-12.661914
-12.689975
-12.928328
-12.668955
-12.889469
-12.622136
-12.869274
-12.608867
-12.633788
-12.867110
-12.601757
-12.616797
-12.838794
-12.563616
-12.572407
-12.792146
-12.517950
-12.529837
-12.753146
-12.481596
-12.494666
-12.717398
-12.443690
-12.453864
-12.673507
-12.396939
-12.405066
-12.623426
-12.346067
-12.353923
-12.572119
-12.294335
-12.301667
-12.519078
-12.240162
-12.246426
-12.462809
-12.182835
-12.188378
-12.204223
-12.418745
-12.128450
-12.120181
-12.122856
-12.127912
-12.128301
-12.119921
-12.101932
-12.076152
-12.045920
-12.014845
-11.985805
-11.960379
-11.938760
-11.920045
-11.902737
-11.885278
-11.866458
-11.845639
-11.822767
-11.798241
-11.772686
-11.746735
-11.720857
-11.695279
-11.669985
-11.644782
-11.619400
-11.593579
-11.567143
-11.540022
-11.512253
-11.483947
-11.455243
-11.426274
-11.397138
-11.367886
-11.338526
-11.309040
-11.279398
-11.249574
-11.219559
-11.189359
-11.158995
-11.128499
-11.097898
-11.067217
-11.036467
-11.005651
-10.974759
-10.943777
-10.912687
-10.881471
-10.850111
-10.818593
-10.786901
-10.755022
-10.722942
-10.690645
-10.658112
-10.625327
-10.592271
-10.558926
-10.525276
-10.491306
-10.457007
-10.422368
-10.387385
-10.352054
-10.316373
-10.280345
-10.243971
-10.207259
-10.170215
-10.132849
-10.095173
-10.057199
-10.018942
-9.980417
-9.941641
-9.902631
-9.863402
-9.823972
-9.784357
-9.744570
-9.704626
-9.664538
-9.624316
-9.583970
-9.543507
-9.502932
-9.462248
-9.421458
-9.380560
-9.339552
-9.298429
-9.257185
-9.215812
-9.174300
-9.132640
-9.090820
-9.048828
-9.006651
-8.964278
-8.921695
-8.878890
-8.835852
-8.792571
-8.749035
-8.705237
-8.661170
-8.616829
-8.572208
-8.527306
-8.482123
-8.436659
-8.390917
-8.344902
-8.298619
-8.252077
-8.205283
-8.158247
-8.110981
-8.063494
-8.015799
-7.967909
-7.919835
-7.871589
-7.823183
-7.774628
-7.725934
-7.677111
-7.628167
-7.579110
-7.529945
-7.480677
-7.431310
-7.381844
-7.332280
-7.282618
-7.232855
-7.182987
-7.133010
-7.082918
-7.032705
-6.982363
-6.931884
-6.881261
-6.830486
-6.779549
-6.728443
-6.677161
-6.625694
-6.574037
-6.522183
-6.470128
-6.417868
-6.365400
-6.312722
-6.259835
-6.206739
-6.153435
-6.099928
-6.046220
-5.992318
-5.938228
-5.883956
-5.829510
-5.774899
-5.720131
-5.665216
-5.610161
-5.554978
-5.499673
-5.444257
-5.388738
-5.333122
-5.277418
-5.221632
-5.165768
-5.109832
-5.053827
-4.997756
-4.941621
-4.885422
-4.829158
-4.772830
-4.716434
-4.659968
-4.603428
-4.546811
-4.490112
-4.433327
-4.376449
-4.319473
-4.262396
-4.205211
-4.147913
-4.090499
-4.032964
-3.975304
-3.917518
-3.859602
-3.801556
-3.743379
-3.685070
-3.626632
-3.568066
-3.509375
-3.450563
-3.391633
-3.332591
-3.273441
-3.214191
-3.154846
-3.095413
-3.035899
-2.976311
-2.916657
-2.856943
-2.797176
-2.737362
-2.677509
-2.617621
-2.557704
-2.497763
-2.437801
-2.377822
-2.317829
-2.257824
-2.197808
-2.137782
-2.077746
-2.017700
-1.957641
-1.897569
-1.837482
-1.777376
-1.717250
-1.657100
-1.596924
-1.536717
-1.476477
-1.416202
-1.355887
-1.295532
-1.235133
-1.174689
-1.114198
-1.053661
-0.993076
-0.932445
-0.871767
-0.811045
-0.750281
-0.689477
-0.628637
-0.567764
-0.506862
-0.445936
-0.384991
-0.324032
-0.263064
-0.202093
-0.141125
-0.080164
-0.019217
0.041711
0.102615
0.163490
0.224332
0.285136
0.345898
0.406615
0.467285
0.527904
0.588471
0.648985
0.709444
0.769848
0.830197
0.890492
0.950732
1.010920
1.071056
1.131141
1.191179
1.251170
1.311116
1.371019
1.430881
1.490703
1.550487
1.610234
1.669944
1.729619
1.789259
1.848863
1.908431
1.967961
2.027454
2.086906
2.146315
2.205680
2.264996
2.324262
2.383473
2.442625
2.501715
2.560738
2.619690
2.678567
2.737365
2.796078
2.854704
2.913237
2.971675
3.030012
3.088246
3.146374
3.204393
3.262300
3.320093
3.377771
3.435331
3.492774
3.550098
3.607302
3.664387
3.721353
3.778200
3.834929
3.891541
3.948036
4.004417
4.060683
4.116836
4.172878
4.228809
4.284631
4.340343
4.395948
4.451444
4.506833
4.562114
4.617287
4.672352
4.727307
4.782151
4.836883
4.891501
4.946003
5.000386
5.054649
5.108788
5.162801
5.216684
5.270435
5.324051
5.377527
5.430861
5.484051
5.537091
5.589981
5.642717
5.695295
5.747715
5.799973
5.852068
5.903998
5.955760
6.007355
6.058782
6.110038
6.161125
6.212041
6.262787
6.313364
6.363771
6.414008
6.464078
6.513981
6.563717
6.613287
6.662693
6.711936
6.761016
6.809934
6.858691
6.907287
6.955724
7.004001
7.052118
7.100075
7.147872
7.195509
7.242985
7.290298
7.337448
7.384433
7.431253
7.477904
7.524386
7.570697
7.616834
7.662796
7.708580
7.754184
7.799606
7.844845
7.889897
7.934762
7.979437
8.023920
8.068210
8.112306
8.156206
8.199909
8.243415
8.286723
8.329832
8.372742
8.415454
8.457967
8.500282
8.542399
8.584318
8.626042
8.667569
8.708902
8.750042
8.790989
8.831744
8.872309
8.912685
8.952872
8.992871
9.032684
9.072311
9.111752
9.151009
9.190080
9.228968
9.267670
9.306188
9.344521
9.382669
9.420631
9.458406
9.495994
9.533393
9.570603
9.607622
9.644449
9.681084
9.717524
9.753770
9.789819
9.825670
9.861323
9.896776
9.932029
9.967081
10.001931
10.036579
10.071025
10.105267
10.139307
10.173144
10.206779
10.240212
10.273443
10.306474
10.339304
10.371935
10.404369
10.436605
10.468646
10.500492
10.532144
10.563605
10.594875
10.625955
10.656846
10.687550
10.718068
10.748401
10.778549
10.808514
10.838296
10.867896
10.897313
10.926549
10.955604
10.984478
11.013170
11.041681
11.070011
11.098159
11.126126
11.153909
11.181510
11.208928
11.236162
11.263212
11.290078
11.316759
11.343254
11.369564
11.395688
11.421627
11.447380
11.472947
11.498328
11.523524
11.548536
11.573363
11.598007
11.622468
11.646747
11.670845
11.694763
11.718502
11.742064
11.765450
11.788660
11.811697
11.834562
11.857256
11.879780
11.902137
11.924326
11.946350
11.968210
11.989906
12.011440
12.032813
12.054026
12.075080
12.095974
12.116711
12.137291
12.157713
12.177979
12.198088
12.218041
12.237839
12.257480
12.276967
12.296297
12.315472
12.334491
12.353355
12.372064
12.390618
12.409016
12.427259
12.445348
12.463282
12.481063
12.498689
12.516163
12.533485
12.550654
12.567673
12.584543
12.601263
12.617835
12.634260
12.650540
12.666675
12.682668
12.698518
12.714228
12.729799
12.745232
12.760529
12.775691
12.790719
12.805614
12.820379
12.835013
12.849519
12.863897
12.878148
12.892273
12.906273
12.920150
12.933902
12.947532
12.961040
12.974426
12.987690
13.000834
13.013858
13.026761
13.039545
13.052209
13.064754
13.077179
13.089487
13.101676
13.113747
13.125700
13.137536
13.149256
13.160859
13.172347
13.183719
13.194978
13.206123
13.217155
13.228075
13.238884
13.249584
13.260174
13.270657
13.281034
13.291304
13.301471
13.311534
13.321496
13.331357
13.341119
13.350782
13.360348
13.369819
13.379194
13.388476
13.397665
13.406763
13.415769
13.424686
13.433513
13.442252
13.450903
13.459467
13.467945
13.476336
13.484641
13.492862
13.500998
13.509049
13.517016
13.524900
13.532700
13.540417
13.548051
13.555603
13.563073
13.570462
13.577769
13.584996
13.592142
13.599209
13.606197
13.613106
13.619938
13.626693
13.633372
13.639975
13.646504
13.652959
13.659341
13.665652
13.671892
13.678062
13.684163
13.690197
13.696163
13.702064
13.707899
13.713671
13.719379
13.725026
13.730610
13.736134
13.741598
13.747003
13.752350
13.757638
13.762869
13.768043
13.773160
13.778222
13.783227
13.788178
13.793073
13.797914
13.802701
13.807433
13.812112
13.816737
13.821308
13.825827
13.830293
13.834707
13.839068
13.843378
13.847636
13.851844
13.856001
13.860108
13.633313
13.950329
13.926037
13.912254
13.695981
13.992863
13.949929
13.723165
14.009902
13.761072
14.040267
13.781660
14.051620
13.787539
14.055492
13.793054
14.063909
13.804966
14.077821
13.819717
14.091403
13.831475
14.100437
13.838342
14.075555
13.815607
14.092462
13.842728
14.090523
13.837544
14.085969
13.836697
14.089490
13.844296
14.099317
13.854858
14.108848
13.862837
14.114851
13.867558
14.118665
13.871420
14.122763
13.876248
14.127988
13.881933
14.133572
13.887445
14.138581
13.892181
14.142818
13.896293
14.146650
13.900207
14.150433
13.904136
14.154228
13.908024
14.157919
13.911754
14.161430
13.915312
14.164807
13.918784
14.168149
13.922261
14.171528
13.925786
14.174957
13.929354
14.178423
13.932951
14.181916
13.936573
14.185436
13.940219
14.188978
13.943877
14.192523
13.947522
14.196040
13.951122
14.199497
13.954641
14.202859
13.958052
14.206102
13.961328
14.209201
13.964451
14.212142
13.967407
14.214912
13.970190
14.217512
13.972803
14.219948
13.975257
14.222235
13.977571
14.224396
13.979769
14.226455
13.981878
14.228441
13.983927
14.230384
13.985945
14.232311
13.987957
14.234245
13.989985
14.236203
13.992042
14.238198
13.994137
14.240232
13.996269
14.242304
13.998433
14.244403
14.000615
14.246513
14.002797
14.248615
14.004958
14.250685
14.007076
14.252703
14.009127
14.254644
14.011091
14.256492
14.012953
14.258233
14.014700
14.259857
14.016328
14.261363
14.017837
14.262754
14.019234
14.264040
14.020531
14.265236
14.021745
14.266360
14.022895
14.267431
14.024002
14.268470
14.025086
14.269498
14.026165
14.270531
14.027255
14.271583
14.028367
14.272661
14.029507
14.273769
14.030674
14.274905
14.031865
14.276062
14.033070
14.277228
14.034276
14.278390
14.035468
14.279530
14.036629
14.280632
14.037742
14.281679
14.038792
14.282660
14.039767
14.283561
14.040659
14.284378
14.041462
14.285108
14.042178
14.285753
14.042810
14.286319
14.043367
14.286817
14.043860
14.287260
14.044304
14.287661
14.044711
14.288036
14.045098
14.288397
14.045476
14.313796
14.069879
14.305354
14.051350
14.283610
14.032479
14.296489
14.052423
14.290713
14.041182
14.302928
14.054366
14.287555
14.033874
14.293230
14.044392
14.303997
14.051885
14.306345
14.049001
14.299474
14.040137
14.290653
14.032957
14.285971
14.030881
14.286017
14.032252
14.287887
14.033974
14.289125
14.034688
14.289529
14.060070
14.314260
14.052624
14.297376
14.058095
14.305135
14.040058
14.285072
14.048679
14.299900
14.038827
14.286795
14.051735
14.302818
14.065463
14.310704
14.041138
14.281007
14.039985
14.288359
14.051275
14.299158
14.058261
14.300826
14.054730
14.293561
14.045709
14.284811
14.038638
14.280174
14.036358
14.279742
14.036904
14.280524
14.037291
14.280316
14.036471
14.279203
14.035357
14.278483
14.035188
14.279011
14.036287
14.280595
14.038086
14.282489
14.039850
14.284109
14.041214
14.285303
14.042183
14.286150
14.042833
14.286673
14.043110
14.286749
14.042851
14.286210
14.041921
14.284979
14.040306
14.283101
14.038101
14.280703
14.035445
14.277927
14.032480
14.274909
14.029336
14.271782
14.026152
14.268690
14.023075
14.265776
14.020242
14.263170
14.017767
14.260964
14.015720
14.259207
14.014129
14.257904
14.012980
14.257026
14.012224
14.256506
14.011782
14.256249
14.011544
14.256139
14.011387
14.256044
14.011179
14.255834
14.010790
14.255387
14.010109
14.254599
14.009042
14.253393
14.007530
14.251723
14.005540
14.249576
14.003077
14.246971
14.000178
14.243961
13.996906
14.240621
13.993350
14.237047
13.989610
14.233345
13.985795
14.229624
13.982011
14.225984
13.978351
14.222511
13.974894
14.219272
13.971691
14.216306
13.968770
14.213626
13.966129
14.211217
13.963738
14.209034
13.961543
14.207016
13.959472
14.205081
13.957438
14.203138
13.955347
14.201094
13.953109
14.198860
13.950638
14.196359
13.947864
14.193528
13.944737
14.190328
13.941226
14.186740
13.937326
14.182770
13.933053
14.178446
13.928447
14.173816
13.923560
14.168940
13.918462
14.163890
13.913225
14.158740
13.907923
14.153563
13.902626
14.148423
13.897390
14.143369
13.892258
14.138437
13.887256
14.133641
13.882390
14.128978
13.877644
14.124423
13.872987
14.119937
13.868371
14.115466
13.863738
14.110947
13.859022
14.106314
13.854157
14.101500
13.849076
14.096444
13.814301
14.064783
13.822632
14.083576
13.812423
14.070295
13.829709
14.088540
13.811976
14.064923
13.819901
14.076776
13.799183
14.053267
13.779081
14.040722
13.774125
14.041829
13.777642
14.045073
13.777947
14.042012
13.771343
14.033386
13.761493
14.023842
13.752354
14.015661
13.744335
13.976933
13.708751
13.983577
13.724596
13.967723
13.704466
13.948902
13.690032
13.940383
13.686197
13.939580
13.685761
13.938103
13.681933
13.932262
13.674248
13.923926
13.665577
13.915730
13.657520
13.907993
13.649341
13.899420
13.639718
13.889054
13.628235
13.876988
13.615325
13.863785
13.601503
13.849806
13.586959
13.835122
13.571721
13.819790
13.555921
13.804024
13.539838
13.788136
13.523779
13.772401
13.507971
13.756998
13.492557
13.742039
13.477625
13.727595
13.463226
13.713692
13.449356
13.700295
13.435948
13.687303
13.422872
13.674561
13.409952
13.661879
13.396987
13.649046
13.383761
13.635846
13.370059
13.622068
13.355680
13.607524
13.340453
13.592062
13.324244
13.575572
13.306972
13.557998
13.288604
13.539334
13.269163
13.519628
13.248717
13.498970
13.227381
13.477492
13.205298
13.455349
13.182634
13.432714
13.159563
13.409758
13.136253
13.386643
13.112855
13.363507
13.089492
13.340456
13.066252
13.317556
13.043178
13.294829
13.020271
13.272254
12.997489
13.249768
12.974747
13.227269
12.951930
13.204628
12.928898
13.181696
12.905496
13.158315
12.881565
13.134329
12.856954
13.109595
12.831529
13.083989
12.805183
13.057420
12.777839
13.029830
12.749458
13.001198
12.720038
12.971538
12.689613
12.940904
12.658248
12.909373
12.626037
12.877050
12.593090
12.844052
12.559530
12.810502
12.525479
12.776520
12.491050
12.742211
12.456343
12.707665
12.421432
12.672941
12.386364
12.638072
12.351155
12.603058
12.315791
12.567869
12.280225
12.532444
12.244385
12.496701
12.208179
12.460537
12.171498
12.423841
12.134228
12.386496
12.096253
12.348392
12.057468
12.309428
12.017782
12.269522
11.977122
12.228614
11.935442
12.186672
11.892721
12.143686
11.848966
12.099678
11.804209
12.054690
11.758503
12.008785
11.711920
11.962042
11.664544
11.914547
11.616463
11.866389
11.567764
11.817654
11.518530
11.768415
11.468826
11.718732
11.418703
11.468644
11.710794
11.379209
11.396184
11.616818
11.278593
11.301623
11.533162
11.203914
11.232062
11.463703
11.130765
11.155130
11.383747
11.048730
11.073116
11.302310
10.967229
10.991805
11.220513
10.883947
10.907574
11.135264
10.797250
10.820255
11.047297
10.708097
10.730543
10.956877
10.616408
10.638224
10.863852
10.522209
10.543512
10.768573
10.425909
10.446815
10.471415
10.675207
10.304328
10.304934
10.321530
10.327685
10.311694
10.275467
10.228335
10.180314
10.137756
10.102232
10.071791
10.043156
10.013579
9.981741
9.947711
9.912354
9.876654
9.841254
9.806326
9.771683
9.736990
9.701957
9.666433
9.630406
9.593949
9.557154
9.520082
9.482749
9.445141
9.407227
9.368984
9.330404
9.291493
9.252269
9.212754
9.172966
9.132921
9.092635
9.052119
9.011387
8.970454
8.929338
8.888054
8.846620
8.805049
8.763358
8.721556
8.679655
8.637664
8.595589
8.553437
8.511210
8.468911
8.426537
8.384089
8.341559
8.298944
8.256235
8.213422
8.170496
8.127445
8.084255
8.040915
7.997411
7.953729
7.909856
7.865777
7.821481
7.776956
7.732191
7.687175
7.641901
7.596361
7.550550
7.504463
7.458100
7.411460
7.364543
7.317354
7.269896
7.222176
7.174202
7.125983
7.077529
7.028850
6.979960
6.930869
6.881592
6.832142
6.782530
6.732770
6.682875
6.632855
6.582722
6.532486
6.482155
6.431737
6.381237
6.330661
6.280012
6.229291
6.178499
6.127635
6.076695
6.025677
5.974575
5.923383
5.872093
5.820698
5.769188
5.717556
5.665790
5.613881
5.561821
5.509599
5.457207
5.404636
5.351879
5.298929
5.245780
5.192428
5.138870
5.085103
5.031126
4.976939
4.922546
4.867948
4.813150
4.758157
4.702976
4.647615
4.592081
4.536384
4.480534
4.424541
4.368414
4.312166
4.255805
4.199343
4.142789
4.086152
4.029442
3.972666
3.915831
3.858944
3.802010
3.745032
3.688015
3.630958
3.573864
3.516731
3.459559
3.402344
3.345083
3.287773
3.230407
3.172982
3.115489
3.057924
3.000279
2.942548
2.884724
2.826801
2.768773
2.710634
2.652380
2.594006
2.535509
2.476887
2.418136
2.359258
2.300251
2.241118
2.181861
2.122482
2.062987
2.003380
1.943667
1.883854
1.823950
1.763961
1.703895
1.643761
1.583568
1.523324
1.463037
1.402715
1.342368
1.282001
1.221622
1.161238
1.100854
1.040474
0.980103
0.919744
0.859399
0.799070
0.738758
0.678461
0.618180
0.557911
0.497654
0.437404
0.377158
0.316913
0.256664
0.196407
0.136137
0.075849
0.015540
-0.044795
-0.105160
-0.165558
-0.225992
-0.286465
-0.346977
-0.407530
-0.468124
-0.528759
-0.589434
-0.650146
-0.710892
-0.771669
-0.832473
-0.893300
-0.954143
-1.014997
-1.075856
-1.136713
-1.197561
-1.258394
-1.319205
-1.379986
-1.440732
-1.501435
-1.562090
-1.622691
-1.683233
-1.743711
-1.804121
-1.864459
-1.924723
-1.984911
-2.045021
-2.105053
-2.165006
-2.224880
-2.284678
-2.344400
-2.404048
-2.463624
-2.523132
-2.582574
-2.641954
-2.701274
-2.760537
-2.819747
-2.878906
-2.938016
-2.997081
-3.056101
-3.115078
-3.174013
-3.232905
-3.291756
-3.350564
-3.409327
-3.468044
-3.526712
-3.585328
-3.643888
-3.702388
-3.760824
-3.819191
-3.877484
-3.935698
-3.993827
-4.051866
-4.109810
-4.167652
-4.225389
-4.283014
-4.340523
-4.397913
-4.455178
-4.512316
-4.569324
-4.626198
-4.682938
-4.739541
-4.796006
-4.852334
-4.908523
-4.964575
-5.020490
-5.076270
-5.131916
-5.187430
-5.242814
-5.298069
-5.353199
-5.408205
-5.463089
-5.517854
-5.572501
-5.627032
-5.681448
-5.735750
-5.789938
-5.844013
-5.897974
-5.951821
-6.005552
-6.059167
-6.112662
-6.166036
-6.219286
-6.272409
-6.325400
-6.378257
-6.430976
-6.483553
-6.535983
-6.588262
-6.640387
-6.692352
-6.744155
-6.795791
-6.847256
-6.898549
-6.949664
-7.000601
-7.051356
-7.101929
-7.152316
-7.202518
-7.252533
-7.302361
-7.352002
-7.401457
-7.450727
-7.499811
-7.548712
-7.597431
-7.645969
-7.694328
-7.742509
-7.790514
-7.838345
-7.886002
-7.933488
-7.980803
-8.027949
-8.074925
-8.121732
-8.168370
-8.214839
-8.261138
-8.307265
-8.353221
-8.399002
-8.444608
-8.490035
-8.535282
-8.580345
-8.625223
-8.669912
-8.714408
-8.758710
-8.802813
-8.846716
-8.890414
-8.933905
-8.977186
-9.020255
-9.063110
-9.105749
-9.148170
-9.190371
-9.232351
-9.274110
-9.315647
-9.356961
-9.398053
-9.438924
-9.479573
-9.520001
-9.560209
-9.600198
-9.639970
-9.679525
-9.718865
-9.757991
-9.796904
-9.835605
-9.874096
-9.912377
-9.950449
-9.988313
-10.025968
-10.063415
-10.100654
-10.137683
-10.174503
-10.211113
-10.247511
-10.283696
-10.319667
-10.355422
-10.390958
-10.426274
-10.461368
-10.496237
-10.530880
-10.565294
-10.599477
-10.633427
-10.667142
-10.700620
-10.733860
-10.766859
-10.799617
-10.832132
-10.864404
-10.896431
-10.928214
-10.959751
-10.991044
-11.022091
-11.052894
-11.083453
-11.113768
-11.143841
-11.173672
-11.203262
-11.232613
-11.261724
-11.290598
-11.319235
-11.347636
-11.375801
-11.403733
-11.431430
-11.458893
-11.486123
-11.513120
-11.539884
-11.566413
-11.592709
-11.618769
-11.644594
-11.670182
-11.695532
-11.720644
-11.745514
-11.770143
-11.794529
-11.818670
-11.842565
-11.866211
-11.889609
-11.912756
-11.935650
-11.958292
-11.980679
-12.002811
-12.024687
-12.046307
-12.067669
-12.088773
-12.109620
-12.130210
-12.150542
-12.170616
-12.190434
-12.209995
-12.229301
-12.248352
-12.267149
-12.285692
-12.303983
-12.322022
-12.339810
-12.357348
-12.374636
-12.391675
-12.408466
-12.425009
-12.441304
-12.457352
-12.473152
-12.488704
-12.504008
-12.519064
-12.533871
-12.548429
-12.562737
-12.576793
-12.590598
-12.604151
-12.617449
-12.630493
-12.643282
-12.655813
-12.668087
-12.680102
-12.691858
-12.703353
-12.714587
-12.725560
-12.736271
-12.746719
-12.756904
-12.766826
-12.776486
-12.785882
-12.795016
-12.803887
-12.812495
-12.820843
-12.828929
-12.836754
-12.844320
-12.851626
-12.858674
-12.865464
-12.871996
-12.878272
-12.884292
-12.890056
-12.670543
-12.970282
-12.958390
-12.952166
-12.740589
-13.022795
-12.991344
-12.768686
-13.040326
-13.026234
-12.798836
-13.062549
-12.814694
-13.073910
-12.821886
-13.078081
-12.824544
-13.080559
-12.827728
-13.084724
-12.832630
-13.089753
-12.837057
-13.092923
-12.838532
-13.092534
-12.836350
-13.088803
-12.831369
-13.082871
-12.824682
-13.050576
-12.792743
-13.050722
-12.802284
-13.037780
-12.786762
-13.047601
-12.798041
-13.029563
-12.773154
-13.028775
-12.775126
-13.004320
-12.747193
-13.003381
-12.750763
-12.980955
-12.724207
-12.980094
-12.726326
-12.954889
-12.696169
-12.950201
-12.694667
-12.921839
-12.661930
-12.689990
-12.928344
-12.668972
-12.889486
-12.622154
-12.869292
-12.608886
-12.633807
-12.867129
-12.601777
-12.616817
-12.838815
-12.563637
-12.572429
-12.792168
-12.517972
-12.529860
-12.753170
-12.481620
-12.494690
-12.717422
-12.443715
-12.453889
-12.673533
-12.396965
-12.405092
-12.623453
-12.346095
-12.353951
-12.572147
-12.294364
-12.301696
-12.519108
-12.240192
-12.246457
-12.462840
-12.182866
-12.188410
-12.204255
-12.418778
-12.128483
-12.120214
-12.122890
-12.127947
-12.128336
-12.119956
-12.101967
-12.076188
-12.045956
-12.014882
-11.985842
-11.960417
-11.938798
-11.920083
-11.902776
-11.885318
-11.866498
-11.845679
-11.822808
-11.798282
-11.772728
-11.746777
-11.720899
-11.695322
-11.670028
-11.644826
-11.619444
-11.593624
-11.567187
-11.540067
-11.512299
-11.483993
-11.455289
-11.426321
-11.397185
-11.367933
-11.338574
-11.309088
-11.279446
-11.249623
-11.219608
-11.189409
-11.159046
-11.128550
-11.097950
-11.067269
-11.036519
-11.005703
-10.974812
-10.943830
-10.912741
-10.881525
-10.850166
-10.818648
-10.786956
-10.755078
-10.722998
-10.690701
-10.658169
-10.625385
-10.592329
-10.558984
-10.525334
-10.491365
-10.457066
-10.422428
-10.387445
-10.352114
-10.316434
-10.280406
-10.244033
-10.207321
-10.170277
-10.132912
-10.095236
-10.057262
-10.019005
-9.980481
-9.941706
-9.902696
-9.863467
-9.824038
-9.784422
-9.744636
-9.704693
-9.664605
-9.624384
-9.584038
-9.543575
-9.503000
-9.462317
-9.421527
-9.380630
-9.339622
-9.298499
-9.257255
-9.215882
-9.174371
-9.132712
-9.090892
-9.048900
-9.006724
-8.964351
-8.921768
-8.878964
-8.835926
-8.792645
-8.749110
-8.705312
-8.661246
-8.616904
-8.572284
-8.527382
-8.482199
-8.436736
-8.390994
-8.344979
-8.298697
-8.252155
-8.205361
-8.158326
-8.111060
-8.063573
-8.015879
-7.967989
-7.919915
-7.871669
-7.823264
-7.774709
-7.726016
-7.677193
-7.628250
-7.579193
-7.530028
-7.480761
-7.431393
-7.381928
-7.332364
-7.282702
-7.232939
-7.183072
-7.133095
-7.083003
-7.032790
-6.982449
-6.931970
-6.881348
-6.830573
-6.779636
-6.728531
-6.677248
-6.625782
-6.574125
-6.522271
-6.470217
-6.417957
-6.365489
-6.312812
-6.259925
-6.206829
-6.153525
-6.100018
-6.046311
-5.992409
-5.938319
-5.884047
-5.829602
-5.774991
-5.720223
-5.665308
-5.610254
-5.555070
-5.499766
-5.444350
-5.388831
-5.333216
-5.277512
-5.221726
-5.165862
-5.109926
-5.053922
-4.997851
-4.941716
-4.885517
-4.829253
-4.772925
-4.716529
-4.660064
-4.603524
-4.546908
-4.490209
-4.433423
-4.376545
-4.319570
-4.262493
-4.205308
-4.148011
-4.090597
-4.033062
-3.975402
-3.917616
-3.859700
-3.801654
-3.743477
-3.685169
-3.626731
-3.568165
-3.509475
-3.450662
-3.391732
-3.332690
-3.273541
-3.214291
-3.154946
-3.095513
-3.035999
-2.976412
-2.916757
-2.857043
-2.797276
-2.737463
-2.677610
-2.617722
-2.557805
-2.497864
-2.437902
-2.377923
-2.317930
-2.257925
-2.197910
-2.137884
-2.077848
-2.017801
-1.957743
-1.897671
-1.837584
-1.777478
-1.717352
-1.657202
-1.597026
-1.536819
-1.476580
-1.416304
-1.355990
-1.295634
-1.235235
-1.174791
-1.114301
-1.053763
-0.993179
-0.932547
-0.871870
-0.811148
-0.750384
-0.689580
-0.628740
-0.567866
-0.506965
-0.446039
-0.385094
-0.324135
-0.263167
-0.202196
-0.141227
-0.080267
-0.019320
0.041608
0.102512
0.163388
0.224229
0.285033
0.345795
0.406513
0.467182
0.527802
0.588369
0.648883
0.709342
0.769746
0.830095
0.890390
0.950630
1.010818
1.070954
1.131040
1.191077
1.251068
1.311014
1.370917
1.430779
1.490601
1.550385
1.610132
1.669843
1.729518
1.789158
1.848762
1.908330
1.967861
2.027353
2.086805
2.146215
2.205580
2.264896
2.324162
2.383373
2.442525
2.501615
2.560639
2.619591
2.678468
2.737266
2.795980
2.854605
2.913139
2.971576
3.029914
3.088148
3.146276
3.204295
3.262202
3.319996
3.377674
3.435234
3.492677
3.550001
3.607205
3.664290
3.721256
3.778104
3.834833
3.891445
3.947941
4.004321
4.060588
4.116741
4.172783
4.228715
4.284536
4.340249
4.395854
4.451350
4.506739
4.562021
4.617194
4.672259
4.727214
4.782058
4.836790
4.891409
4.945911
5.000294
5.054557
5.108697
5.162710
5.216594
5.270345
5.323960
5.377437
5.430772
5.483961
5.537002
5.589892
5.642628
5.695207
5.747627
5.799885
5.851980
5.903910
5.955673
6.007268
6.058695
6.109952
6.161039
6.211955
6.262702
6.313278
6.363685
6.413924
6.463994
6.513896
6.563633
6.613203
6.662610
6.711853
6.760933
6.809851
6.858608
6.907205
6.955642
7.003919
7.052036
7.099994
7.147792
7.195429
7.242905
7.290218
7.337368
7.384354
7.431174
7.477826
7.524308
7.570619
7.616756
7.662718
7.708503
7.754107
7.799530
7.844769
7.889822
7.934686
7.979361
8.023845
8.068135
8.112231
8.156132
8.199835
8.243342
8.286650
8.329759
8.372670
8.415382
8.457895
8.500210
8.542328
8.584248
8.625971
8.667499
8.708833
8.749972
8.790920
8.831675
8.872241
8.912616
8.952804
8.992804
9.032617
9.072244
9.111686
9.150943
9.190015
9.228902
9.267605
9.306123
9.344457
9.382605
9.420567
9.458342
9.495930
9.533330
9.570540
9.607559
9.644387
9.681022
9.717463
9.753709
9.789758
9.825610
9.861263
9.896717
9.931970
9.967022
10.001873
10.036521
10.070967
10.105210
10.139250
10.173087
10.206723
10.240156
10.273387
10.306418
10.339249
10.371880
10.404314
10.436551
10.468592
10.500438
10.532091
10.563552
10.594822
10.625902
10.656794
10.687499
10.718017
10.748350
10.778499
10.808464
10.838246
10.867846
10.897264
10.926500
10.955555
10.984429
11.013122
11.041633
11.069964
11.098112
11.126079
11.153863
11.181464
11.208882
11.236117
11.263167
11.290033
11.316714
11.343210
11.369520
11.395645
11.421583
11.447336
11.472904
11.498285
11.523482
11.548494
11.573321
11.597965
11.622427
11.646706
11.670804
11.694723
11.718462
11.742024
11.765410
11.788621
11.811659
11.834524
11.857218
11.879742
11.902099
11.924289
11.946313
11.968173
11.989869
12.011404
12.032777
12.053990
12.075044
12.095939
12.116676
12.137256
12.157678
12.177944
12.198054
12.218008
12.237805
12.257447
12.276934
12.296265
12.315440
12.334460
12.353324
12.372033
12.390586
12.408985
12.427229
12.445318
12.463252
12.481033
12.498660
12.516134
12.533455
12.550626
12.567645
12.584514
12.601235
12.617807
12.634233
12.650513
12.666648
12.682641
12.698491
12.714202
12.729773
12.745206
12.760503
12.775665
12.790694
12.805589
12.820354
12.834989
12.849495
12.863873
12.878124
12.892249
12.906250
12.920126
12.933879
12.947509
12.961017
12.974403
12.987668
13.000812
13.013836
13.026739
13.039523
13.052187
13.064732
13.077159
13.089466
13.101655
13.113726
13.125680
13.137517
13.149236
13.160840
13.172328
13.183700
13.194959
13.206104
13.217136
13.228057
13.238866
13.249566
13.260157
13.270640
13.281016
13.291287
13.301454
13.311517
13.321479
13.331340
13.341102
13.350766
13.360332
13.369803
13.379179
13.388461
13.397650
13.406748
13.415754
13.424671
13.433498
13.442238
13.450889
13.459453
13.467930
13.476322
13.484627
13.492848
13.500984
13.509035
13.517003
13.524886
13.532687
13.540404
13.548038
13.555591
13.563061
13.570449
13.577757
13.584984
13.592130
13.599197
13.606185
13.613095
13.619927
13.626682
13.633360
13.639964
13.646493
13.652948
13.659331
13.665641
13.671881
13.678052
13.684153
13.690186
13.696153
13.702054
13.707889
13.713661
13.719370
13.725016
13.730601
13.736125
13.741589
13.746994
13.752341
13.757629
13.762860
13.768034
13.773152
13.778213
13.783219
13.788170
13.793065
13.797906
13.802693
13.807425
13.812104
13.816729
13.821301
13.825819
13.830286
13.834699
13.839061
13.843370
13.847629
13.851837
13.855994
13.860101
13.633306
13.950322
13.926031
13.912247
13.695974
13.992856
13.949922
13.723159
14.009895
13.761066
14.040261
13.781654
14.051614
13.787533
14.055486
13.793048
14.063903
13.804961
14.077816
13.819712
14.091398
13.831470
14.100432
13.838337
14.075549
13.815601
14.092457
13.842723
14.090518
13.837540
14.085964
13.836693
14.089486
13.844292
14.099312
13.854853
14.108844
13.862832
14.114847
13.867554
14.118660
13.871415
14.122759
13.876243
14.127984
13.881929
14.133568
13.887441
14.138577
13.892177
14.142814
13.896289
14.146647
13.900203
14.150430
13.904132
14.154225
13.908021
14.157916
13.911751
14.161427
13.915309
14.164804
13.918780
14.168146
13.922258
14.171525
13.925783
14.174954
13.929351
14.178420
13.932948
14.181913
13.936570
14.185433
13.940216
14.188975
13.943874
14.192520
13.947520
14.196038
13.951119
14.199494
13.954639
14.202857
13.958049
14.206099
13.961326
14.209199
13.964449
14.212139
13.967405
14.214910
13.970188
14.217510
13.972801
14.219946
13.975255
14.222233
13.977569
14.224394
13.979766
14.226453
13.981876
14.228440
13.983925
14.230383
13.985943
14.232309
13.987955
14.234243
13.989983
14.236201
13.992040
14.238196
13.994135
14.240231
13.996267
14.242302
13.998431
14.244401
14.000613
14.246511
14.002796
14.248613
14.004957
14.250684
14.007074
14.252701
14.009125
14.254643
14.011090
14.256491
14.012952
14.258232
14.014699
14.259856
14.016327
14.261362
14.017836
14.262753
14.019233
14.264039
14.020530
14.265235
14.021744
14.266358
14.022894
14.267430
14.024001
14.268469
14.025085
14.269497
14.026164
14.270530
14.027254
14.271582
14.028366
14.272660
14.029506
14.273768
14.030673
14.274904
14.031864
14.276061
14.033069
14.277227
14.034275
14.278389
14.035467
14.279529
14.036628
14.280631
14.037741
14.281679
14.038791
14.282659
14.039766
14.283561
14.040658
14.284377
14.041462
14.285107
14.042177
14.285752
14.042809
14.286319
14.043366
14.286817
14.043860
14.287260
14.044303
14.287661
14.044711
14.288035
14.045097
14.288397
14.045476
14.313795
14.069879
14.305353
14.051350
14.283610
14.032478
14.296488
14.052423
14.290712
14.041182
14.302927
14.054366
14.287555
14.033873
14.293230
14.044392
14.303997
14.051885
14.306345
14.049001
14.299474
14.040137
14.290653
14.032957
14.285971
14.030881
14.286016
14.032252
14.287887
14.033974
14.289125
14.034688
14.289530
14.060070
14.314260
14.052624
14.297376
14.058095
14.305135
14.040058
14.285072
14.048679
14.299900
14.038827
14.286795
14.051736
14.302818
14.065464
14.310704
14.041138
14.281007
14.039985
14.288360
14.051275
14.299159
14.058261
14.300826
14.054730
14.293561
14.045710
14.284811
14.038638
14.280174
14.036359
14.279743
14.036904
14.280525
14.037292
14.280316
14.036471
14.279204
14.035358
14.278484
14.035188
14.279011
14.036287
14.280596
14.038086
14.282489
14.039850
14.284109
14.041215
14.285303
14.042184
14.286151
14.042834
14.286674
14.043111
14.286749
14.042852
14.286211
14.041922
14.284980
14.040307
14.283102
14.038102
14.280704
14.035446
14.277928
14.032481
14.274910
14.029337
14.271784
14.026153
14.268691
14.023076
14.265778
14.020243
14.263172
14.017768
14.260965
14.015721
14.259208
14.014130
14.257906
14.012981
14.257027
14.012226
14.256507
14.011783
14.256251
14.011546
14.256140
14.011389
14.256045
14.011180
14.255836
14.010792
14.255388
14.010110
14.254601
14.009044
14.253395
14.007531
14.251725
14.005542
14.249578
14.003079
14.246973
14.000180
14.243963
13.996908
14.240623
13.993352
14.237049
13.989612
14.233347
13.985797
14.229626
13.982013
14.225986
13.978353
14.222513
13.974896
14.219274
13.971693
14.216309
13.968773
14.213629
13.966131
14.211219
13.963740
14.209037
13.961546
14.207019
13.959475
14.205083
13.957440
14.203141
13.955350
14.201097
13.953112
14.198863
13.950641
14.196362
13.947867
14.193531
13.944740
14.190331
13.941229
14.186743
13.937329
14.182773
13.933057
14.178449
13.928450
14.173819
13.923564
14.168943
13.918466
14.163893
13.913229
14.158744
13.907927
14.153567
13.902629
14.148426
13.897393
14.143373
13.892262
14.138441
13.887260
14.133645
13.882394
14.128982
13.877648
14.124427
13.872991
14.119941
13.868376
14.115470
13.863743
14.110952
13.859027
14.106319
13.854161
14.101505
13.849081
14.096449
13.814306
14.064788
13.822637
14.083581
13.812428
14.070300
13.829715
14.088545
13.811982
14.064929
13.819907
14.076781
13.799189
14.053272
13.779087
14.040728
13.774131
14.041835
13.777648
14.045080
13.777953
14.042018
13.771349
14.033393
13.761500
14.023848
13.752361
14.015668
13.744342
13.976940
13.708759
13.983584
13.724603
13.967730
13.704473
13.948910
13.690040
13.940390
13.686205
13.939588
13.685769
13.938111
13.681942
13.932270
13.674256
13.923934
13.665586
13.915739
13.657529
13.908002
13.649350
13.899429
13.639727
13.889063
13.628244
13.876997
13.615335
13.863795
13.601513
13.849816
13.586969
13.835132
13.571731
13.819800
13.555931
13.804035
13.539849
13.788147
13.523790
13.772412
13.507983
13.757009
13.492569
13.742051
13.477637
13.727607
13.463238
13.713704
13.449369
13.700307
13.435961
13.687315
13.422885
13.674574
13.409965
13.661892
13.397000
13.649059
13.383775
13.635859
13.370073
13.622082
13.355695
13.607539
13.340467
13.592076
13.324259
13.575587
13.306987
13.558013
13.288620
13.539350
13.269178
13.519643
13.248734
13.498986
13.227397
13.477508
13.205315
13.455366
13.182651
13.432731
13.159580
13.409775
13.136271
13.386661
13.112873
13.363525
13.089511
13.340474
13.066271
13.317575
13.043197
13.294848
13.020291
13.272274
12.997509
13.249788
12.974768
13.227289
12.951951
13.204649
12.928920
13.181718
12.905518
13.158337
12.881587
13.134352
12.856976
13.109617
12.831552
13.084012
12.805206
13.057444
12.777863
13.029854
12.749483
13.001222
12.720063
12.971563
12.689638
12.940929
12.658273
12.909399
12.626063
12.877076
12.593117
12.844079
12.559557
12.810529
12.525506
12.776547
12.491078
12.742239
12.456371
12.707693
12.421461
12.672970
12.386393
12.638101
12.351185
12.603088
12.315821
12.567899
12.280256
12.532475
12.244417
12.496732
12.208211
12.460569
12.171531
12.423873
12.134261
12.386529
12.096287
12.348425
12.057503
12.309462
12.017816
12.269556
11.977157
12.228650
11.935477
12.186707
11.892757
12.143723
11.849003
12.099715
11.804246
12.054728
11.758541
12.008824
11.711959
11.962081
11.664583
11.914586
11.616502
11.866429
11.567805
11.817694
11.518570
11.768456
11.468867
11.718773
11.418745
11.468686
11.710837
11.379252
11.396227
11.616861
11.278637
11.301667
11.533207
11.203959
11.232107
11.463749
11.130811
11.155176
11.383793
11.048777
11.073163
11.302357
10.967277
10.991853
11.220561
10.883996
10.907623
11.135313
10.797299
10.820304
11.047347
10.708148
10.730594
10.956928
10.616460
10.638275
10.863904
10.522262
10.543565
10.768626
10.425963
10.446869
10.471468
10.675261
10.304383
10.304989
10.321585
10.327741
10.311750
10.275523
10.228392
10.180370
10.137813
10.102289
10.071849
10.043215
10.013638
9.981800
9.947770
9.912414
9.876714
9.841314
9.806387
9.771744
9.737051
9.702019
9.666495
9.630468
9.594012
9.557217
9.520145
9.482813
9.445205
9.407291
9.369048
9.330468
9.291558
9.252335
9.212819
9.173032
9.132988
9.092701
9.052186
9.011454
8.970522
8.929406
8.888122
8.846688
8.805118
8.763427
8.721626
8.679725
8.637734
8.595660
8.553508
